pdxasset (int, 2):  [1, 0]
object:
    air_winter_boreal_continental_phase_5:
        mesh:
            p (float, 291):  [0.0, 0.4320000112056732, 0.0, 3.30812668800354, 0.3686675429344177, 0.0, 3.286426305770874, 0.3907044529914856, 0.6537108421325684, 3.1134612560272217, 0.38206732273101807, 1.2896379232406616, 2.8460018634796143, 0.34566739201545715, 1.9016376733779907, 2.3689019680023193, 0.29377368092536926, 2.3689019680023193, 1.8976231813430786, 0.24387748539447784, 2.839993953704834, 1.184364676475525, 0.2127968668937683, 2.859309196472168, 0.6343668699264526, 0.21100789308547974, 3.1891775131225586, 2.0960948627995834e-16, 0.23911355435848236, 3.423182725906372, -0.6472097635269165, 0.2876405119895935, 3.2537431716918945, -1.3041619062423706, 0.3402322828769684, 3.1485254764556885, -1.7362266778945923, 0.3791621923446655, 2.598446846008301, -2.3001437187194824, 0.3913085162639618, 2.3001437187194824, -2.638261079788208, 0.3725771903991699, 1.7628296613693237, -3.0300586223602295, 0.32928183674812317, 1.2550914287567139, -3.227320909500122, 0.27601560950279236, 0.6419540643692017, -3.089188575744629, 0.23073245584964752, 3.7831649269083536e-16, -3.101531982421875, 0.20869556069374084, -0.6169331073760986, -2.942394971847534, 0.21733267605304718, -1.2187799215316772, -2.8382086753845215, 0.2537325918674469, -1.896430492401123, -2.3754587173461914, 0.3056263327598572, -2.3754587173461914, -1.7454818487167358, 0.3555225133895874, -2.6122982501983643, -1.2899062633514404, 0.38660311698913574, -3.1141092777252197, -0.6114721894264221, 0.3883921205997467, -3.074078321456909, -6.073335816700884e-16, 0.3602864444255829, -3.3061702251434326, 0.6106268763542175, 0.31175947189331055, -3.069828510284424, 1.1806232929229736, 0.25916773080825806, -2.8502767086029053, 1.8874660730361938, 0.2202378213405609, -2.8247926235198975, 2.2342333793640137, 0.20809149742126465, -2.2342333793640137, 2.628979206085205, 0.22682279348373413, -1.7566276788711548, 3.1755666732788086, 0.2701181471347809, -1.3153626918792725, 3.332423210144043, 0.3233843743801117, -0.6628602147102356, 6.225408554077148, 0.276867538690567, 0.0, 7.052587985992432, 0.2989044487476349, 1.4028469324111938, 6.083128929138184, 0.29026731848716736, 2.51971435546875, 5.640185356140137, 0.25386738777160645, 3.768651247024536, 4.31619119644165, 0.20197367668151855, 4.31619119644165, 3.978611946105957, 0.15207748115062714, 5.954413414001465, 2.602933168411255, 0.1209968701004982, 6.284036636352539, 1.4042720794677734, 0.11920789629220963, 7.059752464294434, 4.343501309016511e-16, 0.14731355011463165, 7.093475818634033, -1.2171740531921387, 0.195840522646904, 6.119147300720215, -2.421868085861206, 0.24843226373195648, 5.846907138824463, -3.3602328300476074, 0.2873621881008148, 5.02894401550293, -4.256196975708008, 0.2995085120201111, 4.256196975708008, -4.908556938171387, 0.2807771861553192, 3.2797927856445312, -5.767520904541016, 0.23748184740543365, 2.3889853954315186, -6.5478034019470215, 0.18421562016010284, 1.3024390935897827, -5.814778804779053, 0.13893245160579681, 7.121049927401042e-16, -6.6531982421875, 0.11689555644989014, -1.3234033584594727, -5.816000938415527, 0.12553268671035767, -2.4090664386749268, -5.200900077819824, 0.16193260252475739, -3.475130319595337, -4.939454078674316, 0.21382632851600647, -4.939454078674316, -3.6113994121551514, 0.2637225091457367, -5.40484094619751, -2.396918296813965, 0.2948031425476074, -5.786672592163086, -1.2682874202728271, 0.296592116355896, -6.376111030578613, -1.2531695753532131e-15, 0.2684864401817322, -6.821937561035156, 1.1494296789169312, 0.21995948255062103, -5.778573513031006, 2.7592697143554688, 0.16736772656440735, -6.661466121673584, 3.246062755584717, 0.1284378170967102, -4.858076095581055, 4.869664669036865, 0.11629149317741394, -4.869664669036865, 5.839663982391357, 0.13502280414104462, -3.9019386768341064, 5.39163875579834, 0.17831815779209137, -2.233289957046509, 6.807864189147949, 0.23158438503742218, -1.35416841506958, 9.176072120666504, 0.14044149219989777, 0.0, 9.659506797790527, 0.14821921288967133, 1.9213953018188477, 7.432389259338379, 0.14517082273960114, 3.078596591949463, 6.788144111633301, 0.13232378661632538, 4.5356926918029785, 6.073448181152344, 0.1140083596110344, 6.073448181152344, 6.134612083435059, 0.09639793634414673, 9.181096076965332, 3.3058416843414307, 0.08542830497026443, 7.981008052825928, 2.030924081802368, 0.08479690551757812, 10.21014404296875, 6.711767313056908e-16, 0.09471654891967773, 10.961148262023926, -2.1460704803466797, 0.11184371262788773, 10.78902530670166, -3.4850986003875732, 0.1304055005311966, 8.413772583007812, -5.077903747558594, 0.14414547383785248, 7.5996198654174805, -6.843560218811035, 0.1484324187040329, 6.843560218811035, -8.708072662353516, 0.14182136952877045, 5.818548202514648, -7.722073078155518, 0.1265406459569931, 3.198587417602539, -10.18734359741211, 0.10774080455303192, 2.026388645172119, -10.541614532470703, 0.09175851196050644, 1.2909754086462511e-15, -10.533154487609863, 0.08398078382015228, -2.095174789428711, -7.513033390045166, 0.08702918142080307, -3.1120004653930664, -9.156388282775879, 0.09987621009349823, -6.118103504180908, -5.8724212646484375, 0.11819164454936981, -5.8724212646484375, -5.053170204162598, 0.13580206036567688, -7.56260347366333, -3.808121681213379, 0.14677169919013977, -9.193618774414062, -2.1312642097473145, 0.14740309119224548, -10.71458911895752, -1.6703555364908215e-15, 0.13748344779014587, -9.092991828918457, 2.135040760040283, 0.12035628408193588, -10.733574867248535, 3.7284908294677734, 0.10179449617862701, -9.001373291015625, 5.003378391265869, 0.08805452287197113, -7.48808479309082, 6.377836227416992, 0.08376758545637131, -6.377836227416992, 7.132554054260254, 0.09037863463163376, -4.765820026397705, 7.6346869468688965, 0.1056593507528305, -3.162390947341919, 8.3245267868042, 0.12445919215679169, -1.6558513641357422]
            n (float, 291):  [-0.0004743383324239403, 0.9999997615814209, -0.0004546830605249852, 0.023555144667625427, 0.9987937808036804, -0.04308221489191055, 0.020475145429372787, 0.9997673034667969, -0.006786567158997059, 0.008149766363203526, 0.9993676543235779, 0.03460996598005295, -0.009817862883210182, 0.9980003833770752, 0.062441255897283554, -0.019246025010943413, 0.99736088514328, 0.07000602781772614, -0.02218596637248993, 0.9980188608169556, 0.058873873203992844, -0.004999693017452955, 0.9982791543006897, 0.05842754989862442, 0.03487366810441017, 0.9986307621002197, 0.038992542773485184, 0.044032562524080276, 0.9983018636703491, 0.03813923895359039, 0.05296897515654564, 0.9974215626716614, 0.04841943830251694, 0.03883278742432594, 0.9981140494346619, 0.04754256829619408, 0.01321251131594181, 0.9992430210113525, 0.03658924251794815, -0.019755179062485695, 0.999719500541687, 0.01306750439107418, -0.04329336807131767, 0.9988721013069153, -0.019497865810990334, -0.05016434192657471, 0.9978971481323242, -0.04104630649089813, -0.04913165047764778, 0.9969106912612915, -0.061279259622097015, -0.049817245453596115, 0.9975671172142029, -0.04876629635691643, -0.046011898666620255, 0.9988576769828796, -0.01288832537829876, -0.05912082642316818, 0.9981576800346375, 0.013638680800795555, -0.06658551841974258, 0.9973565936088562, 0.029090873897075653, -0.0646149218082428, 0.9977081418037415, 0.020084872841835022, -0.056708239018917084, 0.9983647465705872, 0.007216966710984707, -0.0277257077395916, 0.9995311498641968, -0.012991383671760559, 0.012080232612788677, 0.9996797442436218, -0.022236548364162445, 0.052190106362104416, 0.9983407855033875, -0.024328196421265602, 0.07460525631904602, 0.9970266222953796, -0.01928596757352352, 0.06518238037824631, 0.9976824522018433, -0.019518403336405754, 0.05041491985321045, 0.9985761046409607, -0.017442021518945694, 0.035386212170124054, 0.9987332224845886, -0.03577476367354393, 0.013460498303174973, 0.9978662133216858, -0.06388971954584122, 0.010750648565590382, 0.9972913861274719, -0.07276248186826706, 0.017429722473025322, 0.9976552724838257, -0.06618209183216095, 0.036968570202589035, 0.9987810850143433, -0.03270724415779114, 0.04512804001569748, 0.9988737106323242, 0.014653575606644154, 0.038243282586336136, 0.9982143640518188, 0.04588539898395538, 0.030144251883029938, 0.9980967044830322, 0.05379951000213623, -0.0017302046762779355, 0.99875408411026, 0.04987208545207977, -0.003978932276368141, 0.9996141195297241, 0.027492638677358627, -0.003863142803311348, 0.9996596574783325, 0.025802185758948326, 0.01659576967358589, 0.9997442364692688, 0.015360699966549873, 0.020483441650867462, 0.9996148943901062, 0.018721628934144974, 0.02442539855837822, 0.999197244644165, 0.03175398334860802, 0.010262759402394295, 0.9991222620010376, 0.0406123585999012, -0.005189833231270313, 0.9991239309310913, 0.04152536019682884, -0.023639829829335213, 0.9993825554847717, 0.025992153212428093, -0.04238923266530037, 0.99909508228302, -0.003498106263577938, -0.04416632279753685, 0.9988598823547363, -0.01811673864722252, -0.02833401784300804, 0.9994110465049744, -0.019359329715371132, -0.026051096618175507, 0.999241828918457, -0.028933828696608543, -0.014710556715726852, 0.9998539686203003, -0.00869408342987299, -0.028532832860946655, 0.9995733499526978, 0.006244524847716093, -0.04294509440660477, 0.9989193081855774, 0.017771901562809944, -0.04538729414343834, 0.9989445805549622, -0.007052563596516848, -0.04716071859002113, 0.9987815022468567, -0.014536961913108826, -0.029327072203159332, 0.9992774724960327, -0.02417517825961113, 0.0021517614368349314, 0.9994478225708008, -0.03315886855125427, 0.02694058232009411, 0.999070405960083, -0.0336541123688221, 0.04606885090470314, 0.9987406134605408, -0.0198658537119627, 0.03537148982286453, 0.9993382096290588, -0.00847751647233963, 0.03597477078437805, 0.9993067979812622, -0.009579220786690712, 0.010353859513998032, 0.9997645020484924, -0.019070962443947792, 0.015111126936972141, 0.9996042847633362, -0.023726752027869225, 0.014996619895100594, 0.9984540939331055, -0.0535212866961956, 0.034379903227090836, 0.9983834624290466, -0.045259393751621246, 0.053771547973155975, 0.9981499314308167, -0.02837873250246048, 0.05387904867529869, 0.9984892010688782, 0.010786671191453934, 0.06373310834169388, 0.9956814050674438, 0.06750304251909256, 0.04846534505486488, 0.9973901510238647, 0.05351679399609566, 0.01928456872701645, 0.999389111995697, 0.029145460575819016, 0.0006275495979934931, 0.9997685551643372, 0.021504757925868034, -0.0020655670668929815, 0.9998060464859009, 0.019587239250540733, 0.013269158080220222, 0.9998499751091003, 0.011135254986584187, 0.013588194735348225, 0.999800443649292, 0.01464359275996685, 0.008838482201099396, 0.9997442364692688, 0.020817240700125694, -0.004054176155477762, 0.9993789196014404, 0.035005006939172745, -0.013840430416166782, 0.9989438652992249, 0.04381326213479042, -0.023856110870838165, 0.9992685317993164, 0.02988949976861477, -0.03729506954550743, 0.9992774724960327, 0.007315353956073523, -0.042296119034290314, 0.9990988373756409, -0.003546827007085085, -0.020559675991535187, 0.9997287392616272, -0.010939435102045536, -0.012398077175021172, 0.9998379349708557, -0.013052614405751228, -0.008959013968706131, 0.9999270439147949, -0.008106396533548832, -0.01954604871571064, 0.9998016357421875, 0.0038343737833201885, -0.02645798958837986, 0.9996439814567566, 0.0034453466068953276, -0.03909200057387352, 0.9990657567977905, -0.018420403823256493, -0.04697040840983391, 0.9984991550445557, -0.028163550421595573, -0.030071867629885674, 0.9990876913070679, -0.03032556176185608, -0.003125603776425123, 0.999300479888916, -0.037266090512275696, 0.020778559148311615, 0.9990662932395935, -0.03787900134921074, 0.021221796050667763, 0.9995372891426086, -0.02179035358130932, 0.02919068932533264, 0.9995140433311462, -0.010933144949376583, 0.023251518607139587, 0.9997121095657349, -0.005924034398049116, 0.010631888173520565, 0.999847948551178, -0.013822431676089764, 0.017237622290849686, 0.9996868371963501, -0.01813993602991104, 0.026586582884192467, 0.9989659786224365, -0.03688034787774086, 0.042924731969833374, 0.9983522295951843, -0.038081396371126175]
            ta (float, 388):  [0.9999999403953552, 0.000474338885396719, -2.1454836129919386e-08, 1.0, 0.9997220039367676, -0.023580215871334076, -7.370215462287888e-05, 1.0, 0.9997902512550354, -0.020475635305047035, -2.986255594805698e-06, 1.0, 0.9999667406082153, -0.00815425906330347, -1.131967655965127e-05, 1.0, 0.9999515414237976, 0.00984940491616726, -0.00019735957903321832, 1.0, 0.9998128414154053, 0.01933451183140278, -0.000586560694500804, 1.0, 0.9997522234916687, 0.022253869101405144, -0.0004978723009116948, 1.0, 0.9999873638153076, 0.005022104363888502, -0.00023673349642194808, 1.0, 0.9993905425071716, -0.0349062979221344, 0.00015626271488144994, 1.0, 0.9990280270576477, -0.044079139828681946, 0.0003809359041042626, 1.0, 0.9985910058021545, -0.053062792867422104, 0.0006533396081067622, 1.0, 0.9992433786392212, -0.03889185190200806, 0.0003175628953613341, 1.0, 0.9999125003814697, -0.013226867653429508, 0.00015029942733235657, 1.0, 0.9998047351837158, 0.01975664682686329, 1.67290709214285e-05, 1.0, 0.9990620017051697, 0.0433034785091877, 9.599934128345922e-05, 1.0, 0.9987380504608154, 0.05022072792053223, 0.00034302263520658016, 1.0, 0.9987872838973999, 0.049234069883823395, 0.00016160083760041744, 1.0, 0.9987553358078003, 0.04987804591655731, 2.9878965506213717e-05, 1.0, 0.9989407658576965, 0.046016111969947815, 2.9835113309673034e-05, 1.0, 0.9982504844665527, 0.0591268427670002, -3.850342909572646e-05, 1.0, 0.9977786540985107, 0.06661560386419296, -6.561794725712389e-05, 1.0, 0.9979092478752136, 0.06463047862052917, -0.00012566125951707363, 1.0, 0.9983906745910645, 0.05671016871929169, -6.440866854973137e-05, 1.0, 0.999615490436554, 0.02772914245724678, 8.41903529362753e-05, 1.0, 0.9999270439147949, -0.012085294350981712, -9.319652599515393e-05, 1.0, 0.9986362457275391, -0.05220897123217583, -0.00014032369654159993, 1.0, 0.9972115159034729, -0.07462575286626816, -0.00034457206493243575, 1.0, 0.9978724122047424, -0.06519785523414612, -0.00015700221410952508, 1.0, 0.9987277984619141, -0.05042493715882301, -0.0001351798273390159, 1.0, 0.9993728399276733, -0.03541119396686554, -6.478504656115547e-05, 1.0, 0.9999091625213623, -0.013477357104420662, 0.0001670730853220448, 1.0, 0.9999421238899231, -0.01075789239257574, 0.0002923535357695073, 1.0, 0.999847412109375, -0.017471732571721077, -5.595243419520557e-05, 1.0, 0.9993157386779785, -0.03698691725730896, 4.385986176203005e-05, 1.0, 0.9989809989929199, -0.04513292387127876, 2.107125510519836e-06, 1.0, 0.9992663860321045, -0.038295358419418335, 0.000256020954111591, 1.0, 0.9995443224906921, -0.030187977477908134, 1.0108821157928105e-07, 1.0, 0.9999985098838806, 0.0017423598328605294, -0.00020024516561534256, 1.0, 0.9999921321868896, 0.003978380002081394, 7.47893936932087e-05, 1.0, 0.9999925494194031, 0.0038636443205177784, 3.0408311431529e-05, 1.0, 0.9998622536659241, -0.016597798094153404, 4.401171281642746e-06, 1.0, 0.9997901320457458, -0.02048640139400959, -3.378148903721012e-05, 1.0, 0.9997013211250305, -0.024438325315713882, 1.9052944480790757e-05, 1.0, 0.9999470710754395, -0.010279661044478416, 0.00020737572049256414, 1.0, 0.999986469745636, 0.0051971240900456905, -6.761223630746827e-05, 1.0, 0.9997202157974243, 0.023652367293834686, -0.00017495745851192623, 1.0, 0.9991011619567871, 0.04238950088620186, 2.9725595140916994e-06, 1.0, 0.9990237951278687, 0.04417458549141884, 5.588922795141116e-05, 1.0, 0.9995983242988586, 0.028339659795165062, 1.7164811652037315e-05, 1.0, 0.999660313129425, 0.026061128824949265, -3.0447152312262915e-05, 1.0, 0.9998918175697327, 0.014711161144077778, 5.467928986035986e-06, 1.0, 0.9995928406715393, 0.028533440083265305, -8.04022238298785e-06, 1.0, 0.9990771412849426, 0.042952995747327805, -6.262835813686252e-05, 1.0, 0.9989693760871887, 0.04538983479142189, 0.00020022437092848122, 1.0, 0.9988871216773987, 0.04716438800096512, -9.085682540899143e-05, 1.0, 0.9995697140693665, 0.029333967715501785, -6.943851622054353e-05, 1.0, 0.9999977946281433, -0.002149036154150963, 0.00011784287926275283, 1.0, 0.9996359348297119, -0.026977980509400368, -0.0006575696752406657, 1.0, 0.9989378452301025, -0.04607732221484184, 3.152664430672303e-05, 1.0, 0.999374270439148, -0.03537265956401825, 1.2594162399182096e-05, 1.0, 0.9993525147438049, -0.03597627952694893, 1.4351395293488167e-05, 1.0, 0.9999464154243469, -0.010355356149375439, 2.0324938304838724e-05, 1.0, 0.9998856782913208, -0.015116150490939617, -3.2427724363515154e-05, 1.0, 0.9998872876167297, -0.015010159462690353, 0.00014898671361152083, 1.0, 0.9994073510169983, -0.03442494571208954, -0.0002157270209863782, 1.0, 0.998552143573761, -0.0537923239171505, 3.1066167139215395e-05, 1.0, 0.9985473155975342, -0.053882211446762085, 1.7907370875036577e-06, 1.0, 0.9979571104049683, -0.06388750672340393, 0.00012872063962277025, 1.0, 0.9988166093826294, -0.04861246794462204, 0.0014500694815069437, 1.0, 0.9998137950897217, -0.019295230507850647, 8.460078242933378e-05, 1.0, 0.9999997615814209, -0.0006278474465943873, 7.077252121234778e-06, 1.0, 0.9999979138374329, 0.0020659673027694225, -1.877120467952409e-07, 1.0, 0.999911904335022, -0.013269900344312191, -7.2345201260759495e-06, 1.0, 0.9999076724052429, -0.01358851045370102, -7.791401003487408e-05, 1.0, 0.9999610185623169, -0.0088376859202981, -0.0001302753807976842, 1.0, 0.999991774559021, 0.004061957821249962, -0.00015118124429136515, 1.0, 0.9999039769172668, 0.013853814452886581, -1.8561172510089818e-06, 1.0, 0.9997152090072632, 0.023863373324275017, 0.00011372393782949075, 1.0, 0.9993042945861816, 0.03729575127363205, 4.363038533483632e-05, 1.0, 0.9991051554679871, 0.04229637607932091, -3.4063793918903684e-06, 1.0, 0.9997887015342712, 0.020560892298817635, -1.4856836969556753e-06, 1.0, 0.9999231100082397, 0.012399299070239067, 1.262646765098907e-05, 1.0, 0.9999598860740662, 0.008959190919995308, -1.4372741134138778e-05, 1.0, 0.9998090267181396, 0.01954619400203228, -5.882952791580465e-07, 1.0, 0.9996499419212341, 0.026458026841282845, 3.482343163341284e-05, 1.0, 0.9992352724075317, 0.039099425077438354, 4.254196028341539e-05, 1.0, 0.9988954067230225, 0.04698990285396576, 3.0340326702571474e-05, 1.0, 0.9995473027229309, 0.030087046325206757, 4.424161306815222e-05, 1.0, 0.9999951124191284, 0.003124414710327983, -9.015559771796688e-05, 1.0, 0.9997837543487549, -0.02078963629901409, 0.00010143045074073598, 1.0, 0.9997748136520386, -0.02122228778898716, 0.00020866701379418373, 1.0, 0.999573826789856, -0.02919243834912777, -1.5428557986751912e-08, 1.0, 0.9997296333312988, -0.023251906037330627, 3.3955998333112802e-06, 1.0, 0.9999434947967529, -0.010633089579641819, -1.3348549146030564e-05, 1.0, 0.9998514652252197, -0.01724037528038025, 4.634750439436175e-06, 1.0, 0.9996459484100342, -0.026608599349856377, -0.00010622977424645796, 1.0, 0.9990760684013367, -0.042975492775440216, -0.0005147513002157211, 1.0]
            u0 (float, 194):  [0.5, 0.5, 0.6602774262428284, 0.5, 0.6592260599136353, 0.46832793951034546, 0.650846004486084, 0.43751752376556396, 0.637887716293335, 0.4078664183616638, 0.614772379398346, 0.38522762060165405, 0.5919390916824341, 0.36240339279174805, 0.5573819875717163, 0.3614675998687744, 0.5307348370552063, 0.3454855680465698, 0.5, 0.334148108959198, 0.4686429500579834, 0.3423573970794678, 0.4368138611316681, 0.34745514392852783, 0.4158805012702942, 0.374106228351593, 0.38855892419815063, 0.38855892419815063, 0.37217727303504944, 0.41459161043167114, 0.35319483280181885, 0.4391912817955017, 0.3436375558376312, 0.46889758110046387, 0.35033002495765686, 0.5, 0.349731981754303, 0.5298901796340942, 0.35744211077690125, 0.5590494275093079, 0.36248987913131714, 0.5918813347816467, 0.3849099278450012, 0.6150900721549988, 0.4154320955276489, 0.6265648305416107, 0.43750452995300293, 0.6508773863315582, 0.4703744053840637, 0.6489379107952118, 0.5, 0.6601826548576355, 0.5295846462249756, 0.6487320065498352, 0.5572007298469543, 0.6380948126316071, 0.5914469957351685, 0.6368601024150848, 0.6082477569580078, 0.6082477569580078, 0.6273730397224426, 0.5851079225540161, 0.6538549661636353, 0.5637288093566895, 0.6614546179771423, 0.5321153104305267, 0.8016186356544495, 0.5, 0.8416951298713684, 0.43203258514404297, 0.794725239276886, 0.37792080640792847, 0.7732647657394409, 0.31741029024124146, 0.7091177701950073, 0.2908822298049927, 0.6927621960639954, 0.21151095628738403, 0.6261110901832581, 0.19554084539413452, 0.5680364370346069, 0.15795773267745972, 0.5, 0.1563238501548767, 0.4410283863544464, 0.20352965593338013, 0.3826614320278168, 0.2167196273803711, 0.33719801902770996, 0.2563496232032776, 0.2937889099121094, 0.2937889099121094, 0.2621823251247406, 0.34109532833099365, 0.22056584060192108, 0.3842545747756958, 0.18276146054267883, 0.436897337436676, 0.2182762324810028, 0.5, 0.17765513062477112, 0.5641183853149414, 0.21821701526641846, 0.6167183220386505, 0.24801841378211975, 0.6683687269687653, 0.26068535447120667, 0.7393146455287933, 0.3250291049480438, 0.7618624567985535, 0.3838702440261841, 0.7803620547056198, 0.43855196237564087, 0.8089201152324677, 0.5, 0.8305202275514603, 0.5556894540786743, 0.779969647526741, 0.6336855292320251, 0.8227454572916031, 0.6572704911231995, 0.7353719174861908, 0.7359333634376526, 0.7359333634376526, 0.7829294800758362, 0.6890474259853363, 0.7612228393554688, 0.6082020401954651, 0.8298383951187134, 0.565608948469162, 0.944577157497406, 0.5, 0.9679993391036987, 0.40690916776657104, 0.8600963950157166, 0.3508431911468506, 0.8288829326629639, 0.28024744987487793, 0.7942562103271484, 0.20574378967285156, 0.7972195744514465, 0.055179476737976074, 0.6601667404174805, 0.11332327127456665, 0.5983974933624268, 0.005322456359863281, 0.5, -0.031063318252563477, 0.3960237205028534, -0.022724151611328125, 0.33114832639694214, 0.09235596656799316, 0.25397753715515137, 0.13180136680603027, 0.16843217611312866, 0.16843217611312866, 0.07809723913669586, 0.21809357404708862, 0.125868558883667, 0.34502971172332764, 0.006427171174436808, 0.4018222689628601, -0.010737118311226368, 0.5, -0.010327272117137909, 0.6015104055404663, 0.13599644601345062, 0.6507752239704132, 0.05637652054429054, 0.7964197397232056, 0.21548347175121307, 0.7845165282487869, 0.2551758587360382, 0.8664052188396454, 0.3154979646205902, 0.9454272836446762, 0.3967410624027252, 1.019117683172226, 0.5, 0.9405519291758537, 0.6034418940544128, 1.020037543028593, 0.6806439161300659, 0.9361130520701408, 0.742411732673645, 0.8627948015928268, 0.8090037107467651, 0.8090036958456039, 0.8455694913864136, 0.7309021353721619, 0.8698976039886475, 0.6532166004180908, 0.9033200740814209, 0.5802253484725952]
            tri (int, 480):  [0, 2, 1, 0, 3, 2, 0, 4, 3, 0, 5, 4, 0, 6, 5, 0, 7, 6, 0, 8, 7, 0, 9, 8, 0, 10, 9, 0, 11, 10, 0, 12, 11, 0, 13, 12, 0, 14, 13, 0, 15, 14, 0, 16, 15, 0, 17, 16, 0, 18, 17, 0, 19, 18, 0, 20, 19, 0, 21, 20, 0, 22, 21, 0, 23, 22, 0, 24, 23, 0, 25, 24, 0, 26, 25, 0, 27, 26, 0, 28, 27, 0, 29, 28, 0, 30, 29, 0, 31, 30, 0, 32, 31, 0, 1, 32, 1, 34, 33, 1, 2, 34, 2, 35, 34, 2, 3, 35, 3, 36, 35, 3, 4, 36, 4, 37, 36, 4, 5, 37, 5, 38, 37, 5, 6, 38, 6, 39, 38, 6, 7, 39, 7, 40, 39, 7, 8, 40, 8, 41, 40, 8, 9, 41, 9, 42, 41, 9, 10, 42, 10, 43, 42, 10, 11, 43, 11, 44, 43, 11, 12, 44, 12, 45, 44, 12, 13, 45, 13, 46, 45, 13, 14, 46, 14, 47, 46, 14, 15, 47, 15, 48, 47, 15, 16, 48, 16, 49, 48, 16, 17, 49, 17, 50, 49, 17, 18, 50, 18, 51, 50, 18, 19, 51, 19, 52, 51, 19, 20, 52, 20, 53, 52, 20, 21, 53, 21, 54, 53, 21, 22, 54, 22, 55, 54, 22, 23, 55, 23, 56, 55, 23, 24, 56, 24, 57, 56, 24, 25, 57, 25, 58, 57, 25, 26, 58, 26, 59, 58, 26, 27, 59, 27, 60, 59, 27, 28, 60, 28, 61, 60, 28, 29, 61, 29, 62, 61, 29, 30, 62, 30, 63, 62, 30, 31, 63, 31, 64, 63, 31, 32, 64, 32, 33, 64, 33, 32, 1, 33, 66, 65, 33, 34, 66, 34, 67, 66, 34, 35, 67, 35, 68, 67, 35, 36, 68, 36, 69, 68, 36, 37, 69, 37, 70, 69, 37, 38, 70, 38, 71, 70, 38, 39, 71, 39, 72, 71, 39, 40, 72, 40, 73, 72, 40, 41, 73, 41, 74, 73, 41, 42, 74, 42, 75, 74, 42, 43, 75, 43, 76, 75, 43, 44, 76, 44, 77, 76, 44, 45, 77, 45, 78, 77, 45, 46, 78, 46, 79, 78, 46, 47, 79, 47, 80, 79, 47, 48, 80, 48, 81, 80, 48, 49, 81, 49, 82, 81, 49, 50, 82, 50, 83, 82, 50, 51, 83, 51, 84, 83, 51, 52, 84, 52, 85, 84, 52, 53, 85, 53, 86, 85, 53, 54, 86, 54, 87, 86, 54, 55, 87, 55, 88, 87, 55, 56, 88, 56, 89, 88, 56, 57, 89, 57, 90, 89, 57, 58, 90, 58, 91, 90, 58, 59, 91, 59, 92, 91, 59, 60, 92, 60, 93, 92, 60, 61, 93, 61, 94, 93, 61, 62, 94, 62, 95, 94, 62, 63, 95, 63, 96, 95, 63, 64, 96, 64, 65, 96, 65, 64, 33]
            boundingsphere (float, 4):  [-0.4410538673400879, 0.25788378715515137, 0.11378669738769531, 11.201855381047247]
            aabb:
                min (float, 3):  [-10.541614532470703, 0.08376758545637131, -10.733574867248535]
                max (float, 3):  [9.659506797790527, 0.4320000112056732, 10.961148262023926]
            material:
                shader (str, 1):  ['PdxMeshAdvanced']
                diff (str, 1):  ['air_winter_boreal_continental_phase_5_diff.dds']
                spec (str, 1):  ['air_winter_boreal_continental_spec.dds']
                n (str, 1):  ['air_winter_boreal_continental_n.dds']
locator:
