pdxasset (int, 2):  [1, 0]
object:
    air_winter_mountain_highland_phase_3:
        mesh:
            p (float, 291):  [0.0, 0.37439998984336853, 0.0, 3.3997528553009033, 0.19281166791915894, 0.0, 3.1481516361236572, 0.22798962891101837, 0.6262062788009644, 3.111978769302368, 0.2738693952560425, 1.289023756980896, 2.8487296104431152, 0.3149867057800293, 1.9034602642059326, 2.2603228092193604, 0.3374825119972229, 2.2603228092193604, 1.8669039011001587, 0.3337743580341339, 2.7940192222595215, 1.2263665199279785, 0.30511215329170227, 2.9607107639312744, 0.6132248044013977, 0.26115673780441284, 3.0828893184661865, 1.9652732710741168e-16, 0.21672382950782776, 3.2095346450805664, -0.6543721556663513, 0.18678995966911316, 3.289750814437866, -1.2006548643112183, 0.1814447045326233, 2.898637294769287, -1.8451478481292725, 0.2024897187948227, 2.7614588737487793, -2.270235300064087, 0.24283155798912048, 2.270235300064087, -2.615112781524658, 0.2888725697994232, 1.747362494468689, -2.9923620223999023, 0.3250941336154938, 1.2394769191741943, -3.161301851272583, 0.3392873704433441, 0.6288220286369324, -3.2497661113739014, 0.32666832208633423, 3.97981553701426e-16, -3.3354928493499756, 0.291490375995636, -0.6634708046913147, -3.1549811363220215, 0.24561059474945068, -1.3068360090255737, -2.6324920654296875, 0.20449329912662506, -1.7589749097824097, -2.4318506717681885, 0.18199749290943146, -2.4318506717681885, -1.8357257843017578, 0.18570563197135925, -2.7473578453063965, -1.3122471570968628, 0.2143678516149521, -3.1680448055267334, -0.6589623093605042, 0.2583232522010803, -3.3128273487091064, -6.012864017014032e-16, 0.3027561902999878, -3.2732508182525635, 0.6193221211433411, 0.33269003033638, -3.1135425567626953, 1.3080791234970093, 0.3380352854728699, -3.157982349395752, 1.9129462242126465, 0.31699028611183167, -2.862926483154297, 2.339686155319214, 0.27664846181869507, -2.339686155319214, 2.5994160175323486, 0.23060743510723114, -1.7368743419647217, 3.122742176055908, 0.19438587129116058, -1.2934821844100952, 3.294699192047119, 0.18019261956214905, -0.6553564071655273, 7.073450088500977, 0.11325166374444962, 0.0, 7.073495864868164, 0.14842963218688965, 1.407005786895752, 6.662362575531006, 0.19430939853191376, 2.75964093208313, 5.709863662719727, 0.23542670905590057, 3.815208911895752, 4.50677490234375, 0.257922500371933, 4.50677490234375, 3.6524555683135986, 0.2542143762111664, 5.4662861824035645, 2.500748872756958, 0.22555214166641235, 6.037342071533203, 1.3465114831924438, 0.18159674108028412, 6.769370079040527, 4.1082961414317526e-16, 0.13716381788253784, 6.709356784820557, -1.3649170398712158, 0.10722996294498444, 6.861901760101318, -2.5066781044006348, 0.10188470035791397, 6.051656246185303, -3.6986145973205566, 0.12292971462011337, 5.535367965698242, -5.086711883544922, 0.16327154636383057, 5.086711883544922, -5.776324272155762, 0.2093125581741333, 3.859616279602051, -6.6031622886657715, 0.24553413689136505, 2.735119342803955, -6.682532787322998, 0.2597273886203766, 1.3292384147644043, -5.988337516784668, 0.2471083402633667, 7.333598022437931e-16, -6.288398265838623, 0.21193036437034607, -1.250840187072754, -5.7533488273620605, 0.16605059802532196, -2.383115291595459, -5.144373893737793, 0.12493329495191574, -3.4373607635498047, -4.2372517585754395, 0.10243748873472214, -4.2372517585754395, -3.315922498703003, 0.10614563524723053, -4.9626288414001465, -2.487765073776245, 0.13480785489082336, -6.005996227264404, -1.3528048992156982, 0.1787632554769516, -6.801009178161621, -1.2960901112191278e-15, 0.22319617867469788, -7.055585861206055, 1.4045562744140625, 0.2531300485134125, -7.06118106842041, 2.5432097911834717, 0.25847530364990234, -6.1398515701293945, 3.239316463470459, 0.23743028938770294, -4.847979545593262, 4.302489280700684, 0.19708845019340515, -4.302489280700684, 4.899103164672852, 0.15104743838310242, -3.2734761238098145, 6.519515037536621, 0.11482586711645126, -2.7004716396331787, 6.148834228515625, 0.10063261538743973, -1.2230792045593262, 10.308341026306152, 0.07699823379516602, 0.0, 9.263945579528809, 0.08941398561000824, 1.8427133560180664, 9.114579200744629, 0.10560684651136398, 3.7753822803497314, 8.908393859863281, 0.12011883407831192, 5.952398777008057, 7.140196800231934, 0.1280585378408432, 7.140196800231934, 4.585136413574219, 0.12674978375434875, 6.8621416091918945, 3.8373897075653076, 0.11663369834423065, 9.264278411865234, 1.7836413383483887, 0.10112002491950989, 8.966970443725586, 6.802842413128059e-16, 0.0854378193616867, 11.109885215759277, -1.7292966842651367, 0.0748729258775711, 8.693760871887207, -3.3609001636505127, 0.07298636436462402, 8.113930702209473, -6.077012538909912, 0.08041401952505112, 9.094892501831055, -6.595564365386963, 0.09465231001377106, 6.595564365386963, -6.883274078369141, 0.1109020784497261, 4.59925651550293, -9.736148834228516, 0.12368616461753845, 4.0328450202941895, -10.717698097229004, 0.128695547580719, 2.131882667541504, -9.575068473815918, 0.12424176186323166, 1.1726077423442646e-15, -8.381437301635742, 0.11182601004838943, -1.667171597480774, -9.940796852111816, 0.09563314914703369, -4.117612838745117, -7.560485363006592, 0.08112116158008575, -5.051754951477051, -6.218536853790283, 0.07318146526813507, -6.218536853790283, -4.5302228927612305, 0.07449022680521011, -6.7799577713012695, -4.135811805725098, 0.08460630476474762, -9.984733581542969, -1.7092735767364502, 0.10011997073888779, -8.593098640441895, -1.542528206233899e-15, 0.11580218374729156, -8.397132873535156, 1.7887383699417114, 0.12636707723140717, -8.992594718933105, 3.91646409034729, 0.12825363874435425, -9.455181121826172, 6.2081990242004395, 0.12082598358392715, -9.291226387023926, 6.141171455383301, 0.10658768564462662, -6.141171455383301, 8.291665077209473, 0.09033791720867157, -5.540313720703125, 8.196186065673828, 0.07755383849143982, -3.3949713706970215, 10.539791107177734, 0.07254445552825928, -2.096494674682617]
            n (float, 291):  [-0.00013627159933093935, 0.9999998211860657, 0.0006186520913615823, 0.03567373380064964, 0.9989234805107117, -0.029650669544935226, 0.04387109726667404, 0.9981010556221008, -0.04323820769786835, 0.04347521439194679, 0.998198926448822, -0.04133736342191696, 0.03570849448442459, 0.9992125034332275, -0.017298491671681404, 0.019703686237335205, 0.9997969269752502, 0.0042270477861166, -0.005878634285181761, 0.9996337890625, 0.026416512206196785, -0.03626742213964462, 0.9985905289649963, 0.03875212371349335, -0.05045682564377785, 0.9979439377784729, 0.0395219586789608, -0.04303674399852753, 0.9984266757965088, 0.03594483062624931, -0.030257778242230415, 0.9990863800048828, 0.03017839789390564, -0.009538748301565647, 0.998925507068634, 0.04535326734185219, 0.015449666418135166, 0.9985188841819763, 0.0521651916205883, 0.015438162721693516, 0.998145341873169, 0.05888529121875763, 0.009939984418451786, 0.9982879757881165, 0.05763969197869301, -0.003950316924601793, 0.9993306994438171, 0.036366067826747894, -0.016738710924983025, 0.9998598694801331, 0.00028202138491906226, -0.0205431766808033, 0.9993067383766174, -0.031048063188791275, -0.015825655311346054, 0.9985184073448181, -0.05206243321299553, -0.006253874860703945, 0.9977615475654602, -0.0665796771645546, -0.012879576534032822, 0.9981693625450134, -0.05909343063831329, -0.020969614386558533, 0.9991374015808105, -0.035841602832078934, -0.04348531737923622, 0.9987441301345825, -0.024883843958377838, -0.05989666283130646, 0.9981180429458618, -0.013142219744622707, -0.05851346254348755, 0.9981405138969421, -0.017078351229429245, -0.045191068202257156, 0.9987523555755615, -0.021246623247861862, -0.01934216544032097, 0.9996083378791809, -0.02022528275847435, 0.01936713606119156, 0.9997459053993225, -0.011533204466104507, 0.04825487360358238, 0.9988282918930054, 0.0036833363119512796, 0.06324858218431473, 0.9977401494979858, 0.022679386660456657, 0.0602654404938221, 0.9979631900787354, 0.020916838198900223, 0.04283149167895317, 0.9990388751029968, 0.009308284148573875, 0.041024837642908096, 0.9991289377212524, -0.0076344916597008705, 0.016568461433053017, 0.9997310042381287, -0.016228463500738144, 0.027612078934907913, 0.9993826150894165, -0.021723320707678795, 0.03594492748379707, 0.9991945624351501, -0.017836326733231544, 0.03132660686969757, 0.999508798122406, 0.0008915551588870585, 0.01967722177505493, 0.9995182156562805, 0.024001821875572205, 0.01147635467350483, 0.99922114610672, 0.03775554895401001, -0.007494824938476086, 0.9993312358856201, 0.035789623856544495, -0.021512381732463837, 0.999317467212677, 0.03003082424402237, -0.025210389867424965, 0.999483585357666, 0.019925352185964584, -0.018448244780302048, 0.9997175335884094, 0.01498296670615673, -0.00223549734801054, 0.9997856020927429, 0.02058476209640503, 0.01071209367364645, 0.9994955658912659, 0.029899032786488533, -0.0058283754624426365, 0.9994380474090576, 0.03301066532731056, -0.010416224598884583, 0.998814582824707, 0.04754970595240593, -0.018040698021650314, 0.9991421699523926, 0.037276141345500946, -0.028468390926718712, 0.9995880126953125, -0.003641371615231037, -0.030281277373433113, 0.9991985559463501, -0.026177793741226196, -0.02559765614569187, 0.9992356896400452, -0.02954111248254776, -0.009479926899075508, 0.9992296695709229, -0.03808169439435005, -0.0029322351329028606, 0.9994173049926758, -0.03400605544447899, -0.009075511246919632, 0.9997232556343079, -0.02170412242412567, -0.02724715694785118, 0.9995813965797424, -0.009730380959808826, -0.036393191665410995, 0.999311625957489, -0.00719682639464736, -0.03090789169073105, 0.9991864562034607, -0.025908075273036957, -0.02954401634633541, 0.9985856413841248, -0.04420267418026924, -0.011336304247379303, 0.9989069700241089, -0.04534730315208435, 0.015492693521082401, 0.999570369720459, -0.024881362915039062, 0.042349837720394135, 0.999088704586029, -0.005322806537151337, 0.043784044682979584, 0.9990265965461731, 0.005353186279535294, 0.03549020737409592, 0.9993340373039246, 0.008477502502501011, 0.020502792671322823, 0.9997774958610535, 0.004961539059877396, 0.020196493715047836, 0.9997866749763489, -0.00432357145473361, 0.01175140030682087, 0.9999026656150818, -0.0075265467166900635, 0.026535047218203545, 0.9995909929275513, -0.010662728920578957, 0.037147410213947296, 0.9992834329605103, -0.007259914185851812, 0.03075931966304779, 0.9994791150093079, 0.009764768183231354, 0.02007010020315647, 0.9993124008178711, 0.031175149604678154, 0.02158661000430584, 0.9987556338310242, 0.044958170503377914, 0.005627864506095648, 0.9992866516113281, 0.03734131157398224, -0.009106450714170933, 0.99953693151474, 0.029036862775683403, -0.01336359977722168, 0.9997739791870117, 0.01652996800839901, -0.01708892546594143, 0.999776303768158, 0.012462936341762543, 0.0020955961663275957, 0.9998689889907837, 0.016050593927502632, 0.0028563656378537416, 0.9998114705085754, 0.01920795813202858, -0.012973269447684288, 0.9996451139450073, 0.02326454408466816, -0.027262581512331963, 0.9983032941818237, 0.05145232006907463, -0.027491793036460876, 0.9991794228553772, 0.029743459075689316, -0.03276235610246658, 0.9994630813598633, -0.0004302679153624922, -0.03623754158616066, 0.999027669429779, -0.025111153721809387, -0.029817072674632072, 0.9993846416473389, -0.018472647294402122, -0.011412397027015686, 0.9996985793113708, -0.02173834852874279, -0.0018699888605624437, 0.999664843082428, -0.025820642709732056, -0.004020783118903637, 0.999883234500885, -0.014743316918611526, -0.019919374957680702, 0.9997933506965637, -0.00406695855781436, -0.020777884870767593, 0.9997381567955017, -0.009585858322679996, -0.016219625249505043, 0.9993711709976196, -0.031531937420368195, -0.023842953145503998, 0.9975225925445557, -0.06618337333202362, -0.006360407453030348, 0.9983634948730469, -0.056832052767276764, 0.014525462873280048, 0.9994505047798157, -0.02979462221264839, 0.028924090787768364, 0.9995010495185852, -0.012692485004663467, 0.036397531628608704, 0.9993370175361633, -0.000868629664182663, 0.023856183513998985, 0.9997152090072632, 0.0006550007965415716, 0.016219113022089005, 0.9998659491539001, 0.0022263298742473125, 0.008716466836631298, 0.9999516606330872, -0.004557996988296509]
            ta (float, 388):  [1.0, 0.00013627154112327844, 2.287528744204792e-08, 1.0, 0.9993628859519958, -0.03569057211279869, -3.857688352582045e-05, 1.0, 0.9990352988243103, -0.04391457140445709, -5.5802567658247426e-05, 1.0, 0.9990526437759399, -0.04351828247308731, -0.0001420550688635558, 1.0, 0.9993619322776794, -0.03571610897779465, -0.00013128347927704453, 1.0, 0.9998058676719666, -0.019703896716237068, 8.08284221420763e-06, 1.0, 0.9999827146530151, 0.005883203819394112, -9.528752707410604e-05, 1.0, 0.9993403553962708, 0.03631239011883736, -0.0004569395096041262, 1.0, 0.9987236261367798, 0.0505094975233078, -0.00033458511461503804, 1.0, 0.9990716576576233, 0.04307766258716583, -0.00036441526026465, 1.0, 0.9995416402816772, 0.030275043100118637, -0.00011506439477670938, 1.0, 0.9999544620513916, 0.009543311782181263, 0.00011587937478907406, 1.0, 0.9998800158500671, -0.015490090474486351, 0.0003706657444126904, 1.0, 0.9998801350593567, -0.015480941161513329, 0.0002702696365304291, 1.0, 0.9999501705169678, -0.009978546760976315, 0.00038122644764371216, 1.0, 0.9999921321868896, 0.003948806319385767, 0.00011336574971210212, 1.0, 0.9998598694801331, 0.016738712787628174, 7.187920658680014e-08, 1.0, 0.9997887015342712, 0.020554369315505028, 4.1433220758335665e-05, 1.0, 0.999874472618103, 0.01584475301206112, -4.5962271542521194e-05, 1.0, 0.9999803900718689, 0.006238068453967571, -0.00044530030572786927, 1.0, 0.9999169111251831, 0.012889435514807701, -0.00021437897521536797, 1.0, 0.9997798800468445, 0.02098270319402218, -1.1041154721169733e-05, 1.0, 0.9990534782409668, 0.043499331921339035, 2.1960937374387868e-05, 1.0, 0.9982042908668518, 0.05990266054868698, 6.27709596301429e-05, 1.0, 0.9982860088348389, 0.05852438509464264, 0.00013946983381174505, 1.0, 0.9989777207374573, 0.04520471394062042, 0.00016193301416933537, 1.0, 0.9998128414154053, 0.019347868859767914, 8.632498065708205e-05, 1.0, 0.9998124241828918, -0.019367752596735954, 5.8128454838879406e-05, 1.0, 0.9988350868225098, -0.04825529456138611, 2.6400290153105743e-05, 1.0, 0.9979966282844543, -0.06326746940612793, 0.00011569180060178041, 1.0, 0.9981814026832581, -0.06028109788894653, 0.00011807419650722295, 1.0, 0.9990822076797485, -0.04283371940255165, 3.942381590604782e-05, 1.0, 0.9991580247879028, -0.041026048362255096, -2.3332493128691567e-06, 1.0, 0.9998626708984375, -0.0165705569088459, 5.2538143791025504e-06, 1.0, 0.9996184706687927, -0.027619702741503716, -5.102871364215389e-05, 1.0, 0.9993535876274109, -0.035949982702732086, 3.723958070622757e-05, 1.0, 0.9995092153549194, -0.031326621770858765, -1.2812495242542354e-06, 1.0, 0.99980628490448, -0.019685208797454834, 9.6509960712865e-05, 1.0, 0.9999337792396545, -0.011499771848320961, 0.0004031856660731137, 1.0, 0.999971866607666, 0.007497068494558334, 7.150476449169219e-05, 1.0, 0.9997683167457581, 0.021525703370571136, -0.00012029635399812832, 1.0, 0.9996821284294128, 0.02521527372300625, 6.331063104880741e-06, 1.0, 0.9998297691345215, 0.018449854105710983, 3.070419916184619e-05, 1.0, 0.9999974370002747, 0.00223651179112494, -2.6276838980265893e-05, 1.0, 0.9999426007270813, -0.010715344920754433, -5.1483810239005834e-05, 1.0, 0.999983012676239, 0.005829487461596727, 6.255731568671763e-05, 1.0, 0.9999451637268066, 0.01045219600200653, -0.0005079373950138688, 1.0, 0.9998368620872498, 0.018059182912111282, -0.00015926623018458486, 1.0, 0.9995946884155273, 0.028468580916523933, -1.7396595808349957e-07, 1.0, 0.9995411038398743, 0.030291501432657242, -6.1364139583020005e-06, 1.0, 0.9996719360351562, 0.025614697486162186, 0.00019834566046483815, 1.0, 0.999954879283905, 0.00949188694357872, 0.00013330747606232762, 1.0, 0.999995768070221, 0.0029321392066776752, -5.2692641475005075e-05, 1.0, 0.9999588131904602, 0.009077041409909725, -2.8017129807267338e-05, 1.0, 0.9996287226676941, 0.027248548343777657, 1.038361824612366e-05, 1.0, 0.9993374347686768, 0.036394234746694565, 1.4340445886773523e-05, 1.0, 0.9995215535163879, 0.030926916748285294, 0.00033412384800612926, 1.0, 0.9995624423027039, 0.029579171910881996, 0.00014132990327198058, 1.0, 0.9999357461929321, 0.01131780818104744, -0.0006646306137554348, 1.0, 0.9998796582221985, -0.015508206561207771, -0.0004305494949221611, 1.0, 0.9991027116775513, -0.04235045239329338, -3.511060413075029e-06, 1.0, 0.9990410208702087, -0.043784815818071365, 2.6952689950121567e-05, 1.0, 0.9993699193000793, -0.03549157455563545, 1.0506310900382232e-05, 1.0, 0.9997897744178772, -0.020503180101513863, 2.725033300521318e-05, 1.0, 0.9997960329055786, -0.020196687430143356, -8.202778758459317e-07, 1.0, 0.9999308586120605, -0.011751702055335045, 4.105390871700365e-06, 1.0, 0.9996477961540222, -0.02653648890554905, 6.150642093416536e-06, 1.0, 0.999309778213501, -0.03714844956994057, -7.61911951485672e-06, 1.0, 0.9995267391204834, -0.030760597437620163, -1.9410261302255094e-05, 1.0, 0.9997985363006592, -0.02007426507771015, -0.00017939346435014158, 1.0, 0.9997665286064148, -0.02160775102674961, -1.5676418115617707e-05, 1.0, 0.999984085559845, -0.005635691341012716, 0.00010433119314257056, 1.0, 0.9999585151672363, 0.009109148755669594, 3.934927735826932e-05, 1.0, 0.9999107122421265, 0.013363909907639027, 9.161375783151016e-05, 1.0, 0.9998539686203003, 0.017090128734707832, 9.87050952971913e-06, 1.0, 0.9999977946281433, -0.00209589721634984, 1.9128651729261037e-06, 1.0, 0.9999958872795105, -0.002855896018445492, -5.1917322707595304e-05, 1.0, 0.9999157786369324, 0.012976403348147869, 1.622461604711134e-05, 1.0, 0.9996272325515747, 0.02730497159063816, -0.00012101139145670459, 1.0, 0.9996217489242554, 0.027501393109560013, 8.635312406113371e-05, 1.0, 0.9994631409645081, 0.03276235982775688, -2.3285853956167557e-07, 1.0, 0.9993427395820618, 0.036248572170734406, -1.5854839148232713e-05, 1.0, 0.999555230140686, 0.029821841046214104, -1.7405604012310505e-05, 1.0, 0.9999349117279053, 0.011415035463869572, -2.716332119234721e-06, 1.0, 0.9999982118606567, 0.0018725940026342869, 7.672417996218428e-05, 1.0, 0.9999918937683105, 0.004021257162094116, 2.524505589462933e-06, 1.0, 0.9998015761375427, 0.019919531419873238, -1.4607080629502889e-06, 1.0, 0.9997841119766235, 0.020778056234121323, -8.150245412252843e-05, 1.0, 0.9998684525489807, 0.01622084341943264, -0.0002171278465539217, 1.0, 0.9997143745422363, 0.023897826671600342, 3.744684727280401e-05, 1.0, 0.9999796748161316, 0.00638014217838645, 0.0001657866669120267, 1.0, 0.9998944997787476, -0.014522871002554893, 0.0003034263208974153, 1.0, 0.9995815753936768, -0.02892495132982731, 0.00011572712537599728, 1.0, 0.999337375164032, -0.0363975428044796, 2.0582799606927438e-06, 1.0, 0.9997155070304871, -0.023856185376644135, -4.700129920820473e-06, 1.0, 0.9998684525489807, -0.01621915027499199, -1.0199175903835567e-06, 1.0, 0.9999619722366333, -0.008716536685824394, 4.3261302380415145e-06, 1.0]
            u0 (float, 194):  [0.5, 0.5, 0.6647167205810547, 0.5, 0.6525267362594604, 0.46966052055358887, 0.6507741808891296, 0.43754732608795166, 0.638019859790802, 0.4077780842781067, 0.6095117330551147, 0.39048826694488525, 0.5904507637023926, 0.36463087797164917, 0.5594170093536377, 0.35655468702316284, 0.5297105312347412, 0.35063523054122925, 0.5, 0.34449928998947144, 0.4682959318161011, 0.34061282873153687, 0.44182872772216797, 0.3595621585845947, 0.4106033146381378, 0.36620837450027466, 0.39000797271728516, 0.39000797271728516, 0.3732987940311432, 0.41534096002578735, 0.355021208524704, 0.43994784355163574, 0.3468361496925354, 0.4695338010787964, 0.3425500988960266, 0.5, 0.33839666843414307, 0.5321449041366577, 0.34714239835739136, 0.5633156895637512, 0.37245678901672363, 0.5852216482162476, 0.38217777013778687, 0.6178222298622131, 0.41105979681015015, 0.6331084072589874, 0.4364221394062042, 0.6534905433654785, 0.4680735170841217, 0.6605052053928375, 0.5, 0.6585877239704132, 0.530005931854248, 0.6508499383926392, 0.5633759498596191, 0.6530030369758606, 0.5926815271377563, 0.6387076675891876, 0.61335688829422, 0.61335688829422, 0.6259406805038452, 0.58415088057518, 0.6512956619262695, 0.5626687109470367, 0.6596269011497498, 0.5317517518997192, 0.8427059054374695, 0.5, 0.8427081108093262, 0.43183112144470215, 0.8227888941764832, 0.3662964701652527, 0.7766407132148743, 0.3151546120643616, 0.7183514833450317, 0.28164851665496826, 0.6769600510597229, 0.23516052961349487, 0.6211603283882141, 0.2074931263923645, 0.5652379393577576, 0.1720266342163086, 0.5, 0.1749342679977417, 0.4338702857494354, 0.16754353046417236, 0.3785524070262909, 0.20679962635040283, 0.32080355286598206, 0.23181354999542236, 0.25355076789855957, 0.25355076789855957, 0.22013933956623077, 0.3130030632019043, 0.1800793558359146, 0.36748450994491577, 0.17623387277126312, 0.4355989098548889, 0.20986737310886383, 0.5, 0.19532954692840576, 0.5606027245521545, 0.2212524712085724, 0.6154610216617584, 0.250757098197937, 0.666538804769516, 0.294706791639328, 0.705293208360672, 0.3393448293209076, 0.7404374480247498, 0.37946873903274536, 0.7909881919622421, 0.43445712327957153, 0.8295062631368637, 0.5, 0.8418404012918472, 0.56805020570755, 0.8421114981174469, 0.6232175230979919, 0.7974734306335449, 0.6569436192512512, 0.7348827421665192, 0.7084539532661438, 0.7084539532661438, 0.7373596429824829, 0.6585986614227295, 0.8158679604530334, 0.6308368146419525, 0.7979086637496948, 0.5592577159404755, 0.9994351267814636, 0.5, 0.9488345980644226, 0.4107212424278259, 0.9415978193283081, 0.3170841932296753, 0.931608259677887, 0.21160858869552612, 0.8459397554397583, 0.1540602445602417, 0.722148060798645, 0.16753190755844116, 0.6859200596809387, 0.05114930868148804, 0.5864167213439941, 0.06555378437042236, 0.5, -0.038269639015197754, 0.41621625423431396, 0.07879066467285156, 0.3371656835079193, 0.10688316822052002, 0.20557110011577606, 0.05935603380203247, 0.18044747412204742, 0.18044745922088623, 0.1665080487728119, 0.27716779708862305, 0.028287354856729507, 0.3046102523803711, -0.019268320873379707, 0.3967111110687256, 0.036091629415750504, 0.5, 0.09392259269952774, 0.5807738304138184, 0.018372248858213425, 0.6994967460632324, 0.13369740545749664, 0.7447555661201477, 0.19871430099010468, 0.8012856990098953, 0.2805124521255493, 0.8284863233566284, 0.2996215224266052, 0.983756460249424, 0.41718634963035583, 0.9163322895765305, 0.5, 0.9068378135561943, 0.5866636633872986, 0.9356877356767654, 0.689751148223877, 0.9580998383462429, 0.8007848262786865, 0.9501563310623169, 0.7975373864173889, 0.7975373715162277, 0.9017279744148254, 0.7684260457754135, 0.8971019983291626, 0.6644850373268127, 1.0106488466262817, 0.6015743613243103]
            tri (int, 480):  [0, 2, 1, 0, 3, 2, 0, 4, 3, 0, 5, 4, 0, 6, 5, 0, 7, 6, 0, 8, 7, 0, 9, 8, 0, 10, 9, 0, 11, 10, 0, 12, 11, 0, 13, 12, 0, 14, 13, 0, 15, 14, 0, 16, 15, 0, 17, 16, 0, 18, 17, 0, 19, 18, 0, 20, 19, 0, 21, 20, 0, 22, 21, 0, 23, 22, 0, 24, 23, 0, 25, 24, 0, 26, 25, 0, 27, 26, 0, 28, 27, 0, 29, 28, 0, 30, 29, 0, 31, 30, 0, 32, 31, 0, 1, 32, 1, 34, 33, 1, 2, 34, 2, 35, 34, 2, 3, 35, 3, 36, 35, 3, 4, 36, 4, 37, 36, 4, 5, 37, 5, 38, 37, 5, 6, 38, 6, 39, 38, 6, 7, 39, 7, 40, 39, 7, 8, 40, 8, 41, 40, 8, 9, 41, 9, 42, 41, 9, 10, 42, 10, 43, 42, 10, 11, 43, 11, 44, 43, 11, 12, 44, 12, 45, 44, 12, 13, 45, 13, 46, 45, 13, 14, 46, 14, 47, 46, 14, 15, 47, 15, 48, 47, 15, 16, 48, 16, 49, 48, 16, 17, 49, 17, 50, 49, 17, 18, 50, 18, 51, 50, 18, 19, 51, 19, 52, 51, 19, 20, 52, 20, 53, 52, 20, 21, 53, 21, 54, 53, 21, 22, 54, 22, 55, 54, 22, 23, 55, 23, 56, 55, 23, 24, 56, 24, 57, 56, 24, 25, 57, 25, 58, 57, 25, 26, 58, 26, 59, 58, 26, 27, 59, 27, 60, 59, 27, 28, 60, 28, 61, 60, 28, 29, 61, 29, 62, 61, 29, 30, 62, 30, 63, 62, 30, 31, 63, 31, 64, 63, 31, 32, 64, 32, 33, 64, 33, 32, 1, 33, 66, 65, 33, 34, 66, 34, 67, 66, 34, 35, 67, 35, 68, 67, 35, 36, 68, 36, 69, 68, 36, 37, 69, 37, 70, 69, 37, 38, 70, 38, 71, 70, 38, 39, 71, 39, 72, 71, 39, 40, 72, 40, 73, 72, 40, 41, 73, 41, 74, 73, 41, 42, 74, 42, 75, 74, 42, 43, 75, 43, 76, 75, 43, 44, 76, 44, 77, 76, 44, 45, 77, 45, 78, 77, 45, 46, 78, 46, 79, 78, 46, 47, 79, 47, 80, 79, 47, 48, 80, 48, 81, 80, 48, 49, 81, 49, 82, 81, 49, 50, 82, 50, 83, 82, 50, 51, 83, 51, 84, 83, 51, 52, 84, 52, 85, 84, 52, 53, 85, 53, 86, 85, 53, 54, 86, 54, 87, 86, 54, 55, 87, 55, 88, 87, 55, 56, 88, 56, 89, 88, 56, 57, 89, 57, 90, 89, 57, 58, 90, 58, 91, 90, 58, 59, 91, 59, 92, 91, 59, 60, 92, 60, 93, 92, 60, 61, 93, 61, 94, 93, 61, 62, 94, 62, 95, 94, 62, 63, 95, 63, 96, 95, 63, 64, 96, 64, 65, 96, 65, 64, 33]
            boundingsphere (float, 4):  [-0.08895349502563477, 0.2234722226858139, 0.5625758171081543, 11.694531943962257]
            aabb:
                min (float, 3):  [-10.717698097229004, 0.07254445552825928, -9.984733581542969]
                max (float, 3):  [10.539791107177734, 0.37439998984336853, 11.109885215759277]
            material:
                shader (str, 1):  ['PdxMeshAdvanced']
                diff (str, 1):  ['air_winter_mountain_highland_phase_3_diff.dds']
                spec (str, 1):  ['air_winter_mountain_highland_spec.dds']
                n (str, 1):  ['air_winter_mountain_highland_n.dds']
locator:
