pdxasset (int, 2):  [1, 0]
object:
    air_winter_mountain_highland_thaw_flood:
        mesh:
            p (float, 291):  [0.0, 0.19200000166893005, 0.0, 2.3858394622802734, 0.09251429885625839, 0.0, 2.5402493476867676, 0.10106658190488815, 0.5052869915962219, 2.2537992000579834, 0.12044978141784668, 0.9335542321205139, 2.0024948120117188, 0.14413058757781982, 1.3380241394042969, 1.8564069271087646, 0.16412711143493652, 1.8564069271087646, 1.4187220335006714, 0.17369931936264038, 2.123267650604248, 0.976309597492218, 0.1696207970380783, 2.3570199012756348, 0.4946843683719635, 0.15326625108718872, 2.4869463443756104, 1.4727310237840297e-16, 0.13014817237854004, 2.4051523208618164, -0.5164660215377808, 0.10805872827768326, 2.596450090408325, -0.9426108598709106, 0.0944434255361557, 2.2756638526916504, -1.4684666395187378, 0.0938914492726326, 2.1977155208587646, -1.742833137512207, 0.10658884048461914, 1.742833137512207, -2.047659158706665, 0.12825581431388855, 1.3682020902633667, -2.418898820877075, 0.1515892744064331, 1.0019407272338867, -2.482905387878418, 0.1687244325876236, 0.49388059973716736, -2.6326000690460205, 0.17388570308685303, 3.224005391201288e-16, -2.4600837230682373, 0.16533342003822327, -0.48934105038642883, -2.3863112926483154, 0.14595021307468414, -0.9884424805641174, -1.9805608987808228, 0.12226942181587219, -1.3233684301376343, -1.7694543600082397, 0.1022728905081749, -1.7694543600082397, -1.3569482564926147, 0.09270068258047104, -2.0308165550231934, -0.9778988361358643, 0.09677919745445251, -2.360856533050537, -0.48683038353919983, 0.1131337434053421, -2.4474616050720215, -4.792599236441925e-16, 0.13625183701515198, -2.6089694499969482, 0.47915324568748474, 0.15834127366542816, -2.4088659286499023, 0.9582784175872803, 0.17195656895637512, -2.313488721847534, 1.371537446975708, 0.17250855267047882, -2.0526509284973145, 1.78773832321167, 0.15981116890907288, -1.78773832321167, 2.0706543922424316, 0.13814419507980347, -1.3835670948028564, 2.2065882682800293, 0.11481072753667831, -0.9139988422393799, 2.4007463455200195, 0.09767556935548782, -0.477538138628006, 4.964781761169434, 0.051714297384023666, 0.0, 4.462563991546631, 0.060266584157943726, 0.8876591920852661, 5.0833940505981445, 0.07964978367090225, 2.1056108474731445, 3.8370025157928467, 0.1033305823802948, 2.56380295753479, 3.215012550354004, 0.1233271062374115, 3.215012550354004, 2.829063892364502, 0.13289931416511536, 4.2339935302734375, 1.8684577941894531, 0.12882080674171448, 4.5108561515808105, 0.9838857054710388, 0.11246626079082489, 4.946327209472656, 2.9470719395634345e-16, 0.08934816718101501, 4.812933444976807, -0.9850838780403137, 0.06725873053073883, 4.952351093292236, -1.9537055492401123, 0.05364342778921127, 4.716662406921387, -2.8974146842956543, 0.05309144780039787, 4.336287498474121, -3.4128360748291016, 0.06578883528709412, 3.4128360748291016, -3.923527240753174, 0.08745580911636353, 2.621617078781128, -4.291129112243652, 0.11078926920890808, 1.7774438858032227, -4.488751411437988, 0.12792442739009857, 0.892868161201477, -4.809546947479248, 0.133085697889328, 5.889996064663283e-16, -4.893466949462891, 0.12453341484069824, -0.973371148109436, -4.669566631317139, 0.10515021532773972, -1.9341977834701538, -4.10642147064209, 0.08146941661834717, -2.7438230514526367, -3.373710870742798, 0.06147289276123047, -3.373710870742798, -3.0217461585998535, 0.05190068110823631, -4.52236270904541, -1.831976294517517, 0.05597919970750809, -4.422781944274902, -0.9718970060348511, 0.07233374565839767, -4.886056423187256, -9.842918834997811e-16, 0.09545183181762695, -5.3582353591918945, 1.0120255947113037, 0.11754127591848373, -5.087796211242676, 1.8108590841293335, 0.1311565786600113, -4.371800422668457, 2.6068224906921387, 0.1317085474729538, -3.901385545730591, 3.227797031402588, 0.11901116371154785, -3.227797031402588, 3.7402122020721436, 0.09734418988227844, -2.4991300106048584, 4.3476715087890625, 0.07401072978973389, -1.800864577293396, 4.815060138702393, 0.0568755678832531, -0.9577749967575073, 6.7243123054504395, 0.03724034130573273, 0.0, 6.133860111236572, 0.04025879502296448, 1.2201006412506104, 6.311633586883545, 0.047099921852350235, 2.6143641471862793, 5.971463680267334, 0.05545785278081894, 3.990004539489746, 4.842484474182129, 0.06251545250415802, 4.842484474182129, 3.7080600261688232, 0.06589388102293015, 5.549504280090332, 3.151538848876953, 0.06445439904928207, 7.608488082885742, 1.6573728322982788, 0.05868220701813698, 8.332176208496094, 4.598815038769086e-16, 0.050522882491350174, 7.510435104370117, -1.458208441734314, 0.042726609855890274, 7.33090877532959, -2.5270473957061768, 0.03792120888829231, 6.100831985473633, -4.624205112457275, 0.03772639110684395, 6.92061185836792, -5.057415008544922, 0.04220782592892647, 5.057415008544922, -5.263972759246826, 0.04985499009490013, 3.5172743797302246, -6.571170330047607, 0.05809033289551735, 2.721867799758911, -7.5840888023376465, 0.0641380324959755, 1.5085691213607788, -8.532492637634277, 0.06595966219902039, 1.0449289604904668e-15, -6.061895370483398, 0.06294120848178864, -1.2057859897613525, -7.67331075668335, 0.05610007792711258, -3.178389310836792, -5.888340473175049, 0.047742146998643875, -3.9344632625579834, -5.002403736114502, 0.04068455100059509, -5.002403736114502, -3.8931996822357178, 0.03730612248182297, -5.826585292816162, -2.5999886989593506, 0.03874560073018074, -6.276927947998047, -1.466679573059082, 0.044517792761325836, -7.373496055603027, -1.5280726360769386e-15, 0.05267711728811264, -8.318440437316895, 1.3549128770828247, 0.06047338992357254, -6.8116068840026855, 3.2889716625213623, 0.0652787908911705, -7.940279960632324, 3.636455774307251, 0.06547360867261887, -5.44234037399292, 5.180135250091553, 0.060992173850536346, -5.180135250091553, 6.088571071624756, 0.05334500968456268, -4.068253040313721, 5.850861549377441, 0.045109670609235764, -2.423506021499634, 6.913485050201416, 0.03906196355819702, -1.3751776218414307]
            n (float, 291):  [0.00028637066134251654, 1.0, -0.00018046502373181283, 0.030943509191274643, 0.9995037913322449, -0.005885755643248558, 0.029038405045866966, 0.9993752241134644, -0.020149454474449158, 0.033562563359737396, 0.9991923570632935, -0.022096235305070877, 0.03652618080377579, 0.9991087317466736, -0.02115516923367977, 0.030324844643473625, 0.9995035529136658, -0.008547498844563961, 0.010891810990869999, 0.9999164938926697, 0.006955786142498255, -0.011032608337700367, 0.9997709393501282, 0.018340013921260834, -0.030925534665584564, 0.999279797077179, 0.021985750645399094, -0.036957260221242905, 0.9990680813789368, 0.022298568859696388, -0.030503015965223312, 0.9994024634361267, 0.016255365684628487, -0.022255590185523033, 0.9994807839393616, 0.023300504311919212, -0.006044973153620958, 0.999676525592804, 0.02470371685922146, -0.0018300722585991025, 0.9993479251861572, 0.036059074103832245, 0.004197779577225447, 0.9989290237426758, 0.04607699438929558, -0.003241688711568713, 0.9992820024490356, 0.037748824805021286, -0.009841778315603733, 0.9997125267982483, 0.021863317117094994, -0.013125023804605007, 0.9999131560325623, -0.0011672370601445436, -0.008484424091875553, 0.9996442198753357, -0.02528947778046131, -0.0011780500644817948, 0.9991953372955322, -0.040090400725603104, 0.002486379584297538, 0.9989045262336731, -0.046727996319532394, -0.0018306004349142313, 0.9994383454322815, -0.033461861312389374, -0.013319692574441433, 0.9995793104171753, -0.025763731449842453, -0.024990903213620186, 0.9995341300964355, -0.017517028376460075, -0.039694201201200485, 0.9990630745887756, -0.017241723835468292, -0.0364813394844532, 0.9991832971572876, -0.017373843118548393, -0.024078713729977608, 0.9995203614234924, -0.019474320113658905, -0.004668970126658678, 0.9998643398284912, -0.01579544134438038, 0.016216939315199852, 0.9998576045036316, -0.004659252241253853, 0.03271866589784622, 0.9994177222251892, 0.009686038829386234, 0.039094168692827225, 0.9989908337593079, 0.022112149745225906, 0.03714020177721977, 0.9990493655204773, 0.02282491885125637, 0.0294230654835701, 0.9994850158691406, 0.012807951308786869, 0.012694116681814194, 0.9999191164970398, 0.0007617779774591327, 0.02045593596994877, 0.9996767640113831, -0.015101797878742218, 0.02345072105526924, 0.9996688365936279, -0.010594778694212437, 0.025784321129322052, 0.9996573328971863, -0.004508339334279299, 0.028065387159585953, 0.9996006488800049, 0.0032996400259435177, 0.02166660688817501, 0.9996395111083984, 0.015859076753258705, 0.0019027419621124864, 0.9998117685317993, 0.019309401512145996, -0.015403371304273605, 0.9996979236602783, 0.019149621948599815, -0.023372232913970947, 0.9995995163917542, 0.015954583883285522, -0.018193423748016357, 0.9997801184654236, 0.01042398251593113, -0.010229193605482578, 0.9998985528945923, 0.00991967786103487, -0.0021500440780073404, 0.9999332427978516, 0.01135492604225874, -0.002344901440665126, 0.9998208284378052, 0.018783684819936752, -0.0036252427380532026, 0.9995712637901306, 0.029053252190351486, -0.009934968315064907, 0.9995394945144653, 0.028673401102423668, -0.016248222440481186, 0.999700129032135, 0.01831686496734619, -0.019229287281632423, 0.9998047947883606, -0.004549658857285976, -0.019944561645388603, 0.9996390342712402, -0.017997078597545624, -0.010254323482513428, 0.9997250437736511, -0.021086864173412323, 0.0002154996182071045, 0.999598503112793, -0.02833348885178566, -0.001256234711036086, 0.9998064637184143, -0.019633101299405098, -0.004154975526034832, 0.9999361634254456, -0.010508191771805286, -0.01410727109760046, 0.9998511075973511, -0.009935573674738407, -0.025163447484374046, 0.9996371269226074, -0.009613185189664364, -0.016907544806599617, 0.999735951423645, -0.015560615807771683, -0.010577784851193428, 0.999704897403717, -0.021869497373700142, 0.0051980591379106045, 0.9998225569725037, -0.018106402829289436, 0.020332450047135353, 0.9997018575668335, -0.013520021922886372, 0.02546127513051033, 0.9996698498725891, -0.0034522691275924444, 0.02890155278146267, 0.9995296001434326, 0.010260730050504208, 0.022784141823649406, 0.9996775388717651, 0.011211073026061058, 0.014855505898594856, 0.999873697757721, 0.005641031078994274, 0.009250139817595482, 0.9999556541442871, 0.001790987909771502, 0.01669738069176674, 0.9998216032981873, -0.0088339289650321, 0.02282717451453209, 0.9997261762619019, -0.005148231517523527, 0.02251271903514862, 0.9997334480285645, 0.0051099080592393875, 0.025445636361837387, 0.9995969533920288, 0.01259152963757515, 0.026241319254040718, 0.9994909763336182, 0.01814350299537182, 0.006647177506238222, 0.9998117685317993, 0.018230319023132324, -0.007622854318469763, 0.9998111128807068, 0.01787574775516987, -0.015713363885879517, 0.999767541885376, 0.014764318242669106, -0.012994841672480106, 0.9998693466186523, 0.009617630392313004, -0.005972829181700945, 0.9999527335166931, 0.007660973351448774, -0.0011206120252609253, 0.9999701976776123, 0.007638486102223396, -0.0042101722210645676, 0.9999464750289917, 0.00945343542844057, -0.008861418813467026, 0.9997150897979736, 0.02215849980711937, -0.01385948620736599, 0.9996333122253418, 0.02326306141912937, -0.01726486347615719, 0.9997353553771973, 0.015205981209874153, -0.020149141550064087, 0.9997959136962891, -0.00146998162381351, -0.026388093829154968, 0.9995510578155518, -0.014190761372447014, -0.013157812878489494, 0.9998072981834412, -0.014570300467312336, -0.0029588621109724045, 0.9997376799583435, -0.022710807621479034, -0.0024949267972260714, 0.9999077320098877, -0.013352649286389351, -0.003426332725211978, 0.9999558925628662, -0.008746353909373283, -0.01007179357111454, 0.9999251365661621, -0.006956839002668858, -0.018084656447172165, 0.9997925162315369, -0.009376287460327148, -0.009797412902116776, 0.9998337030410767, -0.015379476360976696, -0.003929433412849903, 0.9997028112411499, -0.02406197227537632, 0.007191064767539501, 0.9997739791870117, -0.020003950223326683, 0.023703332990407944, 0.9995940327644348, -0.01580963097512722, 0.020357610657811165, 0.9997507929801941, -0.009158176369965076, 0.023199213668704033, 0.9997276067733765, 0.002555152866989374, 0.01907346397638321, 0.9998019933700562, 0.005662058480083942, 0.010767953470349312, 0.9999391436576843, 0.0023868968710303307]
            ta (float, 388):  [0.9999999403953552, -0.00028637071955017745, -1.5181331747271543e-08, 1.0, 0.9995210766792297, -0.030944064259529114, -3.369501428096555e-06, 1.0, 0.9995779991149902, -0.029045287519693375, -4.9099453462986276e-05, 1.0, 0.9994362592697144, -0.033572498708963394, -7.896092574810609e-05, 1.0, 0.9993323087692261, -0.036537058651447296, -0.00012752064503729343, 1.0, 0.9995401501655579, -0.030326010659337044, -6.179552201501792e-06, 1.0, 0.9999406933784485, -0.010892057791352272, -2.384528897891869e-06, 1.0, 0.9999391436576843, 0.01103550661355257, -5.685714495484717e-05, 1.0, 0.9995213150978088, 0.030935460701584816, -0.00011137777619296685, 1.0, 0.9993164539337158, 0.036969151347875595, -0.00012116759171476588, 1.0, 0.9995346069335938, 0.030508290976285934, -7.624739373568445e-05, 1.0, 0.9997521638870239, 0.022262580692768097, -4.0626277041155845e-05, 1.0, 0.999981701374054, 0.006045953836292028, 3.496603312669322e-05, 1.0, 0.9999982714653015, 0.0018287134589627385, 7.065249519655481e-05, 1.0, 0.9999911189079285, -0.004211721941828728, 0.00020547736494336277, 1.0, 0.9999947547912598, 0.003240339457988739, 9.694150503491983e-05, 1.0, 0.9999515414237976, 0.009844071231782436, 2.721257260418497e-06, 1.0, 0.9999138116836548, 0.013125034049153328, 5.728175551666936e-07, 1.0, 0.9999640583992004, 0.008487350307404995, 8.391751180170104e-06, 1.0, 0.9999993443489075, 0.0011742513161152601, -0.00011830522998934612, 1.0, 0.9999968409538269, -0.0024973792023956776, -0.0001770098169799894, 1.0, 0.9999982714653015, 0.0018258853815495968, -0.0001714685495244339, 1.0, 0.9999113082885742, 0.01332442183047533, 1.1869215086335316e-05, 1.0, 0.9996875524520874, 0.024996507912874222, 0.00010087704140460119, 1.0, 0.9992115497589111, 0.039701249450445175, 6.654630124103278e-05, 1.0, 0.9993341565132141, 0.036488477140665054, 9.357241651741788e-05, 1.0, 0.999709963798523, 0.024085162207484245, 9.655291069066152e-05, 1.0, 0.9999890327453613, 0.004670523107051849, 6.145738734630868e-05, 1.0, 0.9998685121536255, -0.016217125579714775, -1.9957760741817765e-06, 1.0, 0.9994645118713379, -0.03272033855319023, 1.4580673450836912e-05, 1.0, 0.9992349743843079, -0.039106689393520355, 0.00013389726518653333, 1.0, 0.9993095993995667, -0.0371519960463047, 9.292656613979489e-05, 1.0, 0.999566912651062, -0.02942567691206932, 1.5359151802840643e-05, 1.0, 0.9999194145202637, -0.012694121338427067, -2.3594428455453453e-07, 1.0, 0.9997907876968384, -0.020458046346902847, 1.4623234164901078e-05, 1.0, 0.9997249245643616, -0.023451901972293854, 1.282616904063616e-05, 1.0, 0.9996675252914429, -0.0257845651358366, 3.608057568271761e-06, 1.0, 0.9996060729026794, -0.028065573424100876, 1.0343116628064308e-05, 1.0, 0.9997652173042297, -0.02166835404932499, -6.166149978525937e-05, 1.0, 0.9999982118606567, -0.0019023414934054017, -3.908926373696886e-05, 1.0, 0.9998812675476074, 0.015406070277094841, 6.559999292221619e-06, 1.0, 0.9997268319129944, 0.02337551675736904, -1.9352273739059456e-05, 1.0, 0.9998345375061035, 0.018194274976849556, 1.3313790987012908e-05, 1.0, 0.999947726726532, 0.010229801759123802, -1.0570916856522672e-05, 1.0, 0.9999977350234985, 0.002150288550183177, -9.332430636277422e-06, 1.0, 0.9999972581863403, 0.0023454902693629265, -9.324526217824314e-06, 1.0, 0.9999934434890747, 0.003627227619290352, -1.5611825801897794e-05, 1.0, 0.9999505877494812, 0.009939994663000107, -3.2784329960122705e-05, 1.0, 0.9998679757118225, 0.016250887885689735, 3.4756624245346757e-06, 1.0, 0.999815046787262, 0.019229533150792122, 1.0172140719078016e-05, 1.0, 0.9998008012771606, 0.01995183154940605, 0.0002243545459350571, 1.0, 0.9999473690986633, 0.010257791727781296, 5.636938658426516e-05, 1.0, 1.0, -0.00021597360318992287, -1.3670834050572012e-05, 1.0, 0.9999992251396179, 0.0012560479808598757, -2.1858599211554974e-05, 1.0, 0.9999913573265076, 0.004155172500759363, -3.036123416677583e-06, 1.0, 0.9999004602432251, 0.014107895083725452, -7.287452717719134e-06, 1.0, 0.9996834397315979, 0.025164643302559853, 3.1979031973605743e-06, 1.0, 0.9998570084571838, 0.01690974272787571, 9.7559441201156e-06, 1.0, 0.9999440312385559, 0.010577675886452198, -0.00012065444025211036, 1.0, 0.9999865293502808, -0.005199316423386335, -2.2331680156639777e-05, 1.0, 0.9997932314872742, -0.020334864035248756, -4.1034494643099606e-05, 1.0, 0.9996757507324219, -0.02546144835650921, -7.184276455518557e-06, 1.0, 0.9995822310447693, -0.02890300750732422, -6.525317076011561e-06, 1.0, 0.9997403621673584, -0.022785568609833717, -3.621250357355166e-07, 1.0, 0.9998896718025208, -0.01485575269907713, 1.9532064925442683e-06, 1.0, 0.999957263469696, -0.009250151924788952, -1.1895314173671068e-06, 1.0, 0.9998605847358704, -0.016698043793439865, -1.4085795783103094e-06, 1.0, 0.999739408493042, -0.02282760478556156, -2.517005668778438e-05, 1.0, 0.999746561050415, -0.022512925788760185, -1.6738176782382652e-05, 1.0, 0.9996761679649353, -0.025447264313697815, -3.0687981052324176e-05, 1.0, 0.999655544757843, -0.026245184242725372, -2.5097315301536582e-05, 1.0, 0.9999778866767883, -0.006649262737482786, 5.3808984375791624e-05, 1.0, 0.9999709725379944, 0.007622835226356983, 6.92144749336876e-05, 1.0, 0.9998764991760254, 0.0157146193087101, 3.0984971090219915e-05, 1.0, 0.999915599822998, 0.012995077297091484, 3.79421362595167e-05, 1.0, 0.9999821186065674, 0.005972997285425663, 1.0016478881880175e-06, 1.0, 0.9999994039535522, 0.001120637753047049, 9.693729907667148e-07, 1.0, 0.9999911189079285, 0.004210406914353371, -4.9199602472072e-06, 1.0, 0.999960720539093, 0.008863712660968304, -5.29935732629383e-06, 1.0, 0.9999038577079773, 0.013863627798855305, -1.6800007870187983e-05, 1.0, 0.999850869178772, 0.017266932874917984, -5.098050678498112e-06, 1.0, 0.999796986579895, 0.02014915645122528, -3.119484745184309e-06, 1.0, 0.9996516704559326, 0.026390960440039635, 1.4892426406731829e-05, 1.0, 0.9999133944511414, 0.013159026391804218, -1.2570924809551798e-05, 1.0, 0.9999956488609314, 0.0029614807572215796, 8.164110477082431e-05, 1.0, 0.9999968409538269, 0.0024954027030617, 1.900057941384148e-05, 1.0, 0.999994158744812, 0.0034264924470335245, 3.2175482829188695e-06, 1.0, 0.9999492168426514, 0.010072018951177597, -2.486293396941619e-06, 1.0, 0.9998363852500916, 0.01808527112007141, -1.884469747892581e-05, 1.0, 0.9999520778656006, 0.009797251783311367, -8.585806062910706e-05, 1.0, 0.9999922513961792, 0.00393074844032526, 7.374861070275074e-06, 1.0, 0.9999741315841675, -0.007191753014922142, 3.7577970942948014e-05, 1.0, 0.9997189044952393, -0.02370602823793888, 1.6828889783937484e-05, 1.0, 0.9997928142547607, -0.02035800740122795, 5.006087667425163e-05, 1.0, 0.9997308850288391, -0.023199284449219704, -1.7898568103191792e-06, 1.0, 0.9998180270195007, -0.01907375268638134, -3.2912553251662757e-06, 1.0, 0.9999420046806335, -0.01076797116547823, -5.147252068127273e-06, 1.0]
            u0 (float, 194):  [0.5, 0.5, 0.6499584913253784, 0.5, 0.6596636772155762, 0.4682409167289734, 0.6416592597961426, 0.44132280349731445, 0.6258639097213745, 0.41590040922164917, 0.6166817545890808, 0.3833182454109192, 0.5891717076301575, 0.36654508113861084, 0.5613645315170288, 0.3518529534339905, 0.531092643737793, 0.343686580657959, 0.5, 0.34882766008377075, 0.4675382673740387, 0.3368039131164551, 0.4407535493373871, 0.35696643590927124, 0.40770167112350464, 0.361865758895874, 0.3904567360877991, 0.3904567360877991, 0.37129735946655273, 0.4140036106109619, 0.3479636311531067, 0.43702447414398193, 0.3439405858516693, 0.4689578413963318, 0.3345317244529724, 0.5, 0.3453750014305115, 0.5307568311691284, 0.3500118553638458, 0.5621271133422852, 0.3755147159099579, 0.5831784009933472, 0.3887835144996643, 0.6112164855003357, 0.41471096873283386, 0.6276440322399139, 0.43853560090065, 0.6483882069587708, 0.46940097212791443, 0.6538316607475281, 0.5, 0.6639829874038696, 0.5301164984703064, 0.6514057815074921, 0.5602312088012695, 0.6454109847545624, 0.5862060189247131, 0.6290163993835449, 0.61236572265625, 0.6123656928539276, 0.6301479935646057, 0.586962103843689, 0.6386919021606445, 0.5574480593204498, 0.6508954167366028, 0.5300149619579315, 0.8120541572570801, 0.5, 0.7804880142211914, 0.44420748949050903, 0.8195093870162964, 0.36765486001968384, 0.7411692142486572, 0.3388558626174927, 0.7020749449729919, 0.29792505502700806, 0.6778166890144348, 0.233878493309021, 0.6174392104148865, 0.2164766788482666, 0.5618407130241394, 0.18910574913024902, 0.5, 0.19749003648757935, 0.4380839765071869, 0.18872714042663574, 0.3772026598453522, 0.20354104042053223, 0.31788718700408936, 0.2274489402770996, 0.28549113869667053, 0.28549110889434814, 0.25339236855506897, 0.335222065448761, 0.23028729856014252, 0.38828134536743164, 0.21786603331565857, 0.4438800811767578, 0.19770289957523346, 0.5, 0.19242821633815765, 0.5611798465251923, 0.20650115609169006, 0.6215712130069733, 0.2418968230485916, 0.6724590361118317, 0.2879502773284912, 0.7120497226715088, 0.31007251143455505, 0.784246563911438, 0.3848537802696228, 0.7779875546693802, 0.4389128088951111, 0.8071059882640839, 0.5, 0.8367841243743896, 0.5636094212532043, 0.8197860717773438, 0.6138189435005188, 0.774783194065094, 0.6638480424880981, 0.7452159523963928, 0.702878475189209, 0.7028785049915314, 0.7350856065750122, 0.6570791900157928, 0.773266613483429, 0.6131907403469086, 0.8026436567306519, 0.5601995587348938, 0.9226468801498413, 0.5, 0.8855348825454712, 0.42331236600875854, 0.896708607673645, 0.3356779217720032, 0.8753277063369751, 0.2492140531539917, 0.8043673634529114, 0.19563263654708862, 0.7330647706985474, 0.15119397640228271, 0.6980854272842407, 0.021779537200927734, 0.6041717529296875, -0.023706793785095215, 0.5, 0.0279424786567688, 0.40834641456604004, 0.03922635316848755, 0.34116610884666443, 0.11654102802276611, 0.2093522846698761, 0.06501495838165283, 0.18212352693080902, 0.18212354183197021, 0.16914060711860657, 0.2789268493652344, 0.08697859942913055, 0.32892096042633057, 0.02331308089196682, 0.40518105030059814, -0.03629746288061142, 0.5, 0.11898834258317947, 0.5757879316806793, 0.017705176025629044, 0.6997730433940887, 0.12989689409732819, 0.7472949922084808, 0.18558117747306824, 0.8144188225269318, 0.25529858469963074, 0.8662215620279312, 0.3365814685821533, 0.8945272117853165, 0.40781399607658386, 0.9634504094719887, 0.5, 1.0228434931486845, 0.5851610898971558, 0.9281336888670921, 0.7067235708236694, 0.9990747796255164, 0.7285641431808472, 0.8420704305171967, 0.8255898952484131, 0.8255898952484131, 0.8826882839202881, 0.7557041496038437, 0.86774742603302, 0.6523259580135345, 0.9345371127128601, 0.5864348113536835]
            tri (int, 480):  [0, 2, 1, 0, 3, 2, 0, 4, 3, 0, 5, 4, 0, 6, 5, 0, 7, 6, 0, 8, 7, 0, 9, 8, 0, 10, 9, 0, 11, 10, 0, 12, 11, 0, 13, 12, 0, 14, 13, 0, 15, 14, 0, 16, 15, 0, 17, 16, 0, 18, 17, 0, 19, 18, 0, 20, 19, 0, 21, 20, 0, 22, 21, 0, 23, 22, 0, 24, 23, 0, 25, 24, 0, 26, 25, 0, 27, 26, 0, 28, 27, 0, 29, 28, 0, 30, 29, 0, 31, 30, 0, 32, 31, 0, 1, 32, 1, 34, 33, 1, 2, 34, 2, 35, 34, 2, 3, 35, 3, 36, 35, 3, 4, 36, 4, 37, 36, 4, 5, 37, 5, 38, 37, 5, 6, 38, 6, 39, 38, 6, 7, 39, 7, 40, 39, 7, 8, 40, 8, 41, 40, 8, 9, 41, 9, 42, 41, 9, 10, 42, 10, 43, 42, 10, 11, 43, 11, 44, 43, 11, 12, 44, 12, 45, 44, 12, 13, 45, 13, 46, 45, 13, 14, 46, 14, 47, 46, 14, 15, 47, 15, 48, 47, 15, 16, 48, 16, 49, 48, 16, 17, 49, 17, 50, 49, 17, 18, 50, 18, 51, 50, 18, 19, 51, 19, 52, 51, 19, 20, 52, 20, 53, 52, 20, 21, 53, 21, 54, 53, 21, 22, 54, 22, 55, 54, 22, 23, 55, 23, 56, 55, 23, 24, 56, 24, 57, 56, 24, 25, 57, 25, 58, 57, 25, 26, 58, 26, 59, 58, 26, 27, 59, 27, 60, 59, 27, 28, 60, 28, 61, 60, 28, 29, 61, 29, 62, 61, 29, 30, 62, 30, 63, 62, 30, 31, 63, 31, 64, 63, 31, 32, 64, 32, 33, 64, 33, 32, 1, 33, 66, 65, 33, 34, 66, 34, 67, 66, 34, 35, 67, 35, 68, 67, 35, 36, 68, 36, 69, 68, 36, 37, 69, 37, 70, 69, 37, 38, 70, 38, 71, 70, 38, 39, 71, 39, 72, 71, 39, 40, 72, 40, 73, 72, 40, 41, 73, 41, 74, 73, 41, 42, 74, 42, 75, 74, 42, 43, 75, 43, 76, 75, 43, 44, 76, 44, 77, 76, 44, 45, 77, 45, 78, 77, 45, 46, 78, 46, 79, 78, 46, 47, 79, 47, 80, 79, 47, 48, 80, 48, 81, 80, 48, 49, 81, 49, 82, 81, 49, 50, 82, 50, 83, 82, 50, 51, 83, 51, 84, 83, 51, 52, 84, 52, 85, 84, 52, 53, 85, 53, 86, 85, 53, 54, 86, 54, 87, 86, 54, 55, 87, 55, 88, 87, 55, 56, 88, 56, 89, 88, 56, 57, 89, 57, 90, 89, 57, 58, 90, 58, 91, 90, 58, 59, 91, 59, 92, 91, 59, 60, 92, 60, 93, 92, 60, 61, 93, 61, 94, 93, 61, 62, 94, 62, 95, 94, 62, 63, 95, 63, 96, 95, 63, 64, 96, 64, 65, 96, 65, 64, 33]
            boundingsphere (float, 4):  [-0.8095037937164307, 0.11462017148733139, 0.006867885589599609, 8.94187301855937]
            aabb:
                min (float, 3):  [-8.532492637634277, 0.03724034130573273, -8.318440437316895]
                max (float, 3):  [6.913485050201416, 0.19200000166893005, 8.332176208496094]
            material:
                shader (str, 1):  ['PdxMeshAlphaBlend']
                diff (str, 1):  ['air_winter_mountain_highland_thaw_flood_diff.dds']
                spec (str, 1):  ['air_winter_mountain_highland_thaw_flood_spec.dds']
                n (str, 1):  ['air_winter_mountain_highland_thaw_flood_n.dds']
locator:
