pdxasset (int, 2):  [1, 0]
object:
    air_winter_polar_subpolar_thaw_flood:
        mesh:
            p (float, 291):  [0.0, 0.19200000166893005, 0.0, 2.472231388092041, 0.16880615055561066, 0.0, 2.5668938159942627, 0.1517379730939865, 0.5105869174003601, 2.4159975051879883, 0.1284213662147522, 1.0007389783859253, 2.189393997192383, 0.10671545565128326, 1.4629062414169312, 1.780158281326294, 0.09393645077943802, 1.780158281326294, 1.3948171138763428, 0.09439164400100708, 2.087491273880005, 1.0057573318481445, 0.107927605509758, 2.4281129837036133, 0.5152114033699036, 0.1299819052219391, 2.5901424884796143, 1.6199338356627003e-16, 0.15312090516090393, 2.645552635192871, -0.4825696647167206, 0.16954533755779266, 2.426041603088379, -0.9620022177696228, 0.17371918261051178, 2.322478771209717, -1.4559736251831055, 0.16423560678958893, 2.179018497467041, -1.7330807447433472, 0.14429114758968353, 1.7330807447433472, -2.0666134357452393, 0.12060828506946564, 1.3808670043945312, -2.3716800212860107, 0.10116960108280182, 0.9823819994926453, -2.4374594688415527, 0.0925271138548851, 0.48484084010124207, -2.485159158706665, 0.09759385138750076, 3.0434423190439045e-16, -2.4074020385742188, 0.11466202884912491, -0.47886204719543457, -2.269294023513794, 0.13797862827777863, -0.9399724006652832, -1.9810709953308105, 0.15968453884124756, -1.3237093687057495, -1.755423665046692, 0.1724635511636734, -1.755423665046692, -1.3380204439163208, 0.17200836539268494, -2.0024890899658203, -0.9835920929908752, 0.15847238898277283, -2.374601364135742, -0.49555855989456177, 0.13641808927059174, -2.4913411140441895, -4.748434938572086e-16, 0.11327909678220749, -2.584927558898926, 0.4770689606666565, 0.09685465693473816, -2.3983876705169678, 0.9345863461494446, 0.09268081188201904, -2.256290912628174, 1.4521442651748657, 0.1021643877029419, -2.1732873916625977, 1.8018848896026611, 0.12210885435342789, -1.8018848896026611, 2.168316125869751, 0.14579170942306519, -1.4488226175308228, 2.3064234256744385, 0.165230393409729, -0.9553518891334534, 2.5905354022979736, 0.17387288808822632, -0.5152895450592041, 4.793126583099365, 0.12800614535808563, 0.0, 5.453813076019287, 0.11093796789646149, 1.0848308801651, 4.734460830688477, 0.08762136846780777, 1.9610779285430908, 4.321201801300049, 0.06591545790433884, 2.8873345851898193, 3.869943618774414, 0.05313644930720329, 3.869943618774414, 2.8706023693084717, 0.053591638803482056, 4.2961602210998535, 1.8437131643295288, 0.06712760776281357, 4.451117038726807, 1.0051409006118774, 0.08918190747499466, 5.053184509277344, 2.744165461746463e-16, 0.1123208999633789, 4.481562614440918, -0.9500222206115723, 0.12874533236026764, 4.7760844230651855, -2.094472646713257, 0.13291919231414795, 5.056504249572754, -2.550020933151245, 0.1234356090426445, 3.816375970840454, -3.7277162075042725, 0.10349114239215851, 3.7277162075042725, -4.249448776245117, 0.07980828732252121, 2.839390754699707, -4.2855916023254395, 0.06036960333585739, 1.775150179862976, -4.448118209838867, 0.051727112382650375, 0.8847857713699341, -4.564162254333496, 0.056793853640556335, 5.589486774427587e-16, -5.101223468780518, 0.07386203110218048, -1.014696478843689, -4.258858680725098, 0.0971786305308342, -1.764077067375183, -3.8788115978240967, 0.11888454109430313, -2.5917389392852783, -3.2116951942443848, 0.13166354596614838, -3.2116951942443848, -2.7362496852874756, 0.1312083601951599, -4.095087051391602, -2.005277395248413, 0.1176723912358284, -4.84116792678833, -0.8886139392852783, 0.09561809152364731, -4.4673638343811035, -8.807108184184537e-16, 0.07247909903526306, -4.794366359710693, 0.9622092843055725, 0.05605465918779373, -4.837352752685547, 2.1368846893310547, 0.05188081040978432, -5.158896446228027, 2.803978443145752, 0.06136438995599747, -4.196450233459473, 3.606421947479248, 0.08130885660648346, -3.606421947479248, 3.7252824306488037, 0.10499171167612076, -2.48915433883667, 4.154338836669922, 0.12443039566278458, -1.7207834720611572, 5.361959934234619, 0.1330728828907013, -1.06656014919281, 8.26546573638916, 0.06416687369346619, 0.0, 7.247673988342285, 0.05814281105995178, 1.4416520595550537, 5.937333106994629, 0.049913424998521805, 2.4593238830566406, 6.28007698059082, 0.04225251451134682, 4.196213245391846, 5.671329021453857, 0.03774227574467659, 5.671329021453857, 3.474616289138794, 0.03790293261408806, 5.200130939483643, 3.1765055656433105, 0.04268033429980278, 7.668762683868408, 1.5675514936447144, 0.0504642017185688, 7.880613327026367, 4.77661678351842e-16, 0.05863090604543686, 7.800807476043701, -1.474269151687622, 0.06442776322364807, 7.411651611328125, -3.054539680480957, 0.06590089201927185, 7.374311447143555, -4.706597328186035, 0.06255374103784561, 7.043920993804932, -4.644608020782471, 0.05551452189683914, 4.644608020782471, -6.924301624298096, 0.04715586453676224, 4.6266703605651855, -6.203319072723389, 0.040295153856277466, 2.5694990158081055, -8.361187934875488, 0.03724486380815506, 1.6631437540054321, -6.347194194793701, 0.03903312608599663, 7.773071008604577e-16, -7.724706172943115, 0.04505718871951103, -1.5365395545959473, -6.688907146453857, 0.05328657478094101, -2.7706360816955566, -6.338353633880615, 0.060947485268116, -4.235152721405029, -5.741255760192871, 0.06545772403478622, -5.741255760192871, -4.7460808753967285, 0.06529706716537476, -7.103011608123779, -2.904604434967041, 0.06051966920495033, -7.012335300445557, -1.5557880401611328, 0.05273579806089401, -7.821474552154541, -1.4578557223319253e-15, 0.044569093734025955, -7.936197280883789, 1.4054551124572754, 0.038772232830524445, -7.065699577331543, 2.9268620014190674, 0.03729911148548126, -7.066069602966309, 3.7977259159088135, 0.040646255016326904, -5.683698654174805, 4.443043231964111, 0.04768547788262367, -4.443043231964111, 6.957131385803223, 0.05604413524270058, -4.648606777191162, 6.24100399017334, 0.06290484219789505, -2.585108518600464, 7.904792308807373, 0.06595513969659805, -1.5723609924316406]
            n (float, 291):  [-0.0004443660145625472, 0.9999998211860657, -0.0002852319448720664, 0.012155214324593544, 0.9997544884681702, 0.01852831058204174, 0.008763611316680908, 0.9994496703147888, 0.031993601471185684, 0.004325106739997864, 0.9991236329078674, 0.04163084179162979, 0.0035058038774877787, 0.9993470311164856, 0.03596150875091553, 0.010000343434512615, 0.9995490908622742, 0.028311816975474358, 0.025788594037294388, 0.9995365738868713, 0.01617511175572872, 0.037568219006061554, 0.9992400407791138, 0.010391674004495144, 0.039006780833005905, 0.9991558194160461, 0.012889876961708069, 0.030116768553853035, 0.9993940591812134, 0.017451433464884758, 0.01636628620326519, 0.9997353553771973, 0.016167694702744484, -0.00801274087280035, 0.9999313950538635, 0.008542976342141628, -0.02869526296854019, 0.9995864033699036, -0.0018671030411496758, -0.03876946493983269, 0.9991472363471985, -0.014201849699020386, -0.03872962296009064, 0.9990953207015991, -0.017565762624144554, -0.033970337361097336, 0.9993292093276978, -0.013678930699825287, -0.030769478529691696, 0.9995262026786804, 0.0007954243337735534, -0.028068702667951584, 0.9993954300880432, 0.020518194884061813, -0.029952099546790123, 0.999132513999939, 0.028932901099324226, -0.032019034028053284, 0.9991518259048462, 0.0258928369730711, -0.03001549281179905, 0.9994080662727356, 0.016809007152915, -0.017932040616869926, 0.9998384118080139, -0.0012397366808727384, 0.0012937119463458657, 0.999885082244873, -0.015104714781045914, 0.02168026752769947, 0.9994581341743469, -0.024766063317656517, 0.03435717150568962, 0.9990261197090149, -0.027681764215230942, 0.03282976150512695, 0.9991894364356995, -0.02329571545124054, 0.023916419595479965, 0.9994288682937622, -0.02387467585504055, 0.002460883464664221, 0.9995575547218323, -0.029643146321177483, -0.0067130522802472115, 0.9994463324546814, -0.03258867934346199, -0.0084800124168396, 0.9991583228111267, -0.04013447463512421, -0.002650083275511861, 0.9992746710777283, -0.03798920288681984, 0.0031459976453334093, 0.9995346069335938, -0.03034151718020439, 0.01073700375854969, 0.9999223351478577, -0.006326931528747082, 0.017764965072274208, 0.9997665286064148, 0.012295958586037159, 0.01690203882753849, 0.9995419383049011, 0.025104589760303497, 0.008952888660132885, 0.9995288848876953, 0.029354630038142204, 0.005141069181263447, 0.9998262524604797, 0.017914900556206703, 0.00281894882209599, 0.9999161958694458, 0.012634743005037308, 0.011482300236821175, 0.9999022483825684, 0.007978850044310093, 0.023597953841090202, 0.9997045397758484, 0.005822163075208664, 0.017816070467233658, 0.9997852444648743, 0.010590237565338612, 0.018588151782751083, 0.9996559023857117, 0.018507448956370354, 0.009969489648938179, 0.9997206330299377, 0.021427225321531296, -0.00680264038965106, 0.9998082518577576, 0.018364155665040016, -0.026194477453827858, 0.9996484518051147, 0.004092964809387922, -0.02613936923444271, 0.9996580481529236, 0.0007224737200886011, -0.023184435442090034, 0.9996908903121948, -0.0089793736115098, -0.019636500626802444, 0.9997572302818298, -0.009992711246013641, -0.013405206613242626, 0.9999102354049683, -8.813723979983479e-05, -0.0148213692009449, 0.9997849464416504, 0.014501431956887245, -0.016127927228808403, 0.9997673034667969, 0.014326466247439384, -0.023742659017443657, 0.9996389746665955, 0.01258113607764244, -0.025117920711636543, 0.9996728301048279, 0.00483303377404809, -0.01921689696609974, 0.9997959733009338, -0.0062184990383684635, -0.0062461975030601025, 0.9998440146446228, -0.01651950366795063, 0.008521968498826027, 0.9997056126594543, -0.022716868668794632, 0.02181878685951233, 0.9995269179344177, -0.02167537808418274, 0.017599929124116898, 0.9997525811195374, -0.013597453013062477, 0.009966298937797546, 0.9998876452445984, -0.011193787679076195, 0.002218920039013028, 0.9999458193778992, -0.01016866136342287, -0.0005139594431966543, 0.9998208284378052, -0.018919408321380615, -0.0017226707423105836, 0.9996315240859985, -0.027090540155768394, 0.004706373903900385, 0.9996656179428101, -0.02542814426124096, 0.011643419042229652, 0.9996134042739868, -0.02524840645492077, 0.018098996952176094, 0.9997411370277405, -0.013787994161248207, 0.02179313823580742, 0.9997336864471436, 0.007586740422993898, 0.02076299674808979, 0.9995884895324707, 0.019789747893810272, 0.016138186678290367, 0.9995762705802917, 0.024224644526839256, 0.006305945571511984, 0.9999361634254456, 0.009373755194246769, 0.0022731092758476734, 0.9999526143074036, 0.009461804293096066, 0.008697696030139923, 0.9999410510063171, 0.006508243270218372, 0.015018600970506668, 0.9998757243156433, 0.004784041550010443, 0.011669420637190342, 0.9998849630355835, 0.00968893151730299, 0.008470738306641579, 0.9998185038566589, 0.01706685498356819, 0.006397450342774391, 0.9996835589408875, 0.024329494684934616, -0.00791419018059969, 0.9997780323028564, 0.019523585215210915, -0.021177537739276886, 0.9997218251228333, 0.010380525141954422, -0.023016154766082764, 0.9997128844261169, 0.006658060010522604, -0.016692550852894783, 0.9998594522476196, -0.0015642368234694004, -0.012026351876556873, 0.9999112486839294, -0.005743066780269146, -0.005785922519862652, 0.9999832510948181, -0.0003072460531257093, -0.009224212728440762, 0.9999242424964905, 0.00814747717231512, -0.01411309652030468, 0.9998675584793091, 0.008111742325127125, -0.01911667175590992, 0.9998112916946411, 0.0034470628015697002, -0.02217666432261467, 0.9997539520263672, -0.0005088814068585634, -0.018069464713335037, 0.9998030066490173, -0.008211332373321056, -0.00865863636136055, 0.999824583530426, -0.01661037653684616, 0.004407804924994707, 0.9997361898422241, -0.02254004403948784, 0.009648393839597702, 0.9998270869255066, -0.015894504263997078, 0.011181092821061611, 0.9998859763145447, -0.010144072584807873, 0.006834161002188921, 0.9999493956565857, -0.007385659497231245, 0.0025399578735232353, 0.9999669194221497, -0.007729202508926392, 0.004626532085239887, 0.9999173283576965, -0.012001072987914085, 0.001373186707496643, 0.999680757522583, -0.025228450074791908, 0.008430705405771732, 0.9998123049736023, -0.01744246482849121, 0.016721809282898903, 0.9996253848075867, -0.021667126566171646, 0.020511645823717117, 0.999752938747406, -0.008561263792216778]
            ta (float, 388):  [0.9999999403953552, 0.00044436645112000406, 3.675134863101448e-08, 1.0, 0.9999260306358337, -0.012157571502029896, 1.4602213923353702e-05, 1.0, 0.9999614953994751, -0.008767683058977127, -1.2994693861401174e-05, 1.0, 0.9999905824661255, -0.004324561450630426, -0.00010314942483091727, 1.0, 0.9999938607215881, -0.00350504950620234, -8.40277352835983e-05, 1.0, 0.9999499320983887, -0.01000406313687563, -1.0199185453529935e-05, 1.0, 0.9996672868728638, -0.025792784988880157, 5.061116098659113e-05, 1.0, 0.9992939829826355, -0.037571024149656296, 7.504098903154954e-05, 1.0, 0.9992388486862183, -0.03901083022356033, 6.282902177190408e-05, 1.0, 0.9995461702346802, -0.030123146250844002, 0.00010276472312398255, 1.0, 0.9998659491539001, -0.01636827550828457, -9.16137832973618e-06, 1.0, 0.9999679327011108, 0.008013010956346989, 2.693652731977636e-06, 1.0, 0.9995881915092468, 0.02869533933699131, 1.2775301911460701e-05, 1.0, 0.9992480278015137, 0.03877425938844681, 6.228072015801445e-05, 1.0, 0.9992495179176331, 0.03873618692159653, 3.335763176437467e-05, 1.0, 0.9994226694107056, 0.03397355228662491, 2.736683427428943e-06, 1.0, 0.9995265007019043, 0.030769487842917442, 2.8626828907363233e-07, 1.0, 0.9996057748794556, 0.02807445079088211, 8.007908036233857e-06, 1.0, 0.9995508790016174, 0.02996652014553547, -6.488131475634873e-05, 1.0, 0.9994868040084839, 0.0320332832634449, -0.00013560790102928877, 1.0, 0.9995492696762085, 0.03002076782286167, -6.145947554614395e-05, 1.0, 0.9998391270637512, 0.01793205738067627, 2.9075051770632854e-06, 1.0, 0.9999991655349731, -0.001294305664487183, -2.951823807961773e-05, 1.0, 0.9997648000717163, -0.021688450127840042, -6.170049891807139e-05, 1.0, 0.999409019947052, -0.03437437117099762, -0.00014539758558385074, 1.0, 0.9994605183601379, -0.03284293785691261, -0.00018304535478819162, 1.0, 0.9997137188911438, -0.02392604388296604, -0.00011758488835766912, 1.0, 0.9999969601631165, -0.002462077187374234, -3.7879522096773144e-06, 1.0, 0.9999774098396301, 0.0067221238277852535, 0.00016879828763194382, 1.0, 0.9999639391899109, 0.008491297252476215, 0.000110715685877949, 1.0, 0.9999963641166687, 0.0026558106765151024, 0.00010031107376562431, 1.0, 0.9999950528144836, -0.0031475466676056385, -3.287273557361914e-06, 1.0, 0.9999423027038574, -0.010737232863903046, -2.149135298168403e-06, 1.0, 0.9998421669006348, -0.017766226083040237, -6.7843384385923855e-06, 1.0, 0.9998570084571838, -0.01690938137471676, 8.013304613996297e-05, 1.0, 0.9999598264694214, -0.00895782932639122, 3.679507790366188e-05, 1.0, 0.9999867677688599, -0.005142225883901119, 1.8467493646312505e-05, 1.0, 0.9999960660934448, -0.0028192726895213127, 7.803142580087297e-06, 1.0, 0.9999340176582336, -0.011482596397399902, -8.543565854779445e-06, 1.0, 0.9997215867042542, -0.023598361760377884, 4.038386975935282e-07, 1.0, 0.9998412728309631, -0.017817175015807152, 9.81974972091848e-06, 1.0, 0.9998271465301514, -0.01859196648001671, 3.411592842894606e-05, 1.0, 0.9999502897262573, -0.00997354369610548, 8.227240323321894e-05, 1.0, 0.9999768733978271, 0.0068041603080928326, -2.0245393898221664e-05, 1.0, 0.9996569156646729, 0.026194686070084572, 3.456712192928535e-06, 1.0, 0.9996582865715027, 0.026139376685023308, -2.578300154709723e-06, 1.0, 0.9997312426567078, 0.023185547441244125, 1.9289207557449117e-05, 1.0, 0.9998071193695068, 0.019637679681181908, 2.015470090555027e-05, 1.0, 0.9999101758003235, 0.013405204750597477, 1.8259444800605706e-07, 1.0, 0.999890148639679, 0.014823101460933685, -1.1911228284589015e-05, 1.0, 0.9998698830604553, 0.016129562631249428, 1.205153580485785e-06, 1.0, 0.9997180700302124, 0.0237443707883358, 1.3368585314310621e-05, 1.0, 0.9996845722198486, 0.025118179619312286, 7.500528226955794e-06, 1.0, 0.9998153448104858, 0.01921725645661354, -1.8739746110441047e-06, 1.0, 0.9999805092811584, 0.006247506011277437, 2.763391239568591e-05, 1.0, 0.9999637007713318, -0.008524320088326931, -6.679704256384866e-06, 1.0, 0.9997617602348328, -0.02182542160153389, -6.964815111132339e-05, 1.0, 0.9998451471328735, -0.01760147325694561, 6.24171025265241e-06, 1.0, 0.9999503493309021, -0.009966794401407242, 1.1658499715849757e-05, 1.0, 0.9999975562095642, -0.002219046000391245, -1.140900849350146e-06, 1.0, 0.9999998807907104, 0.0005135541432537138, -2.6272075047018006e-05, 1.0, 0.9999984502792358, 0.0017181733855977654, -0.00018930333317257464, 1.0, 0.9999889135360718, -0.004708978813141584, -4.2594743717927486e-05, 1.0, 0.9999321103096008, -0.011646614409983158, 2.0489613234531134e-05, 1.0, 0.9998361468315125, -0.01810046099126339, 1.850508306233678e-05, 1.0, 0.9997624754905701, -0.02179374359548092, -2.7052003588323714e-06, 1.0, 0.9997842907905579, -0.020767102017998695, 1.980373326659901e-06, 1.0, 0.9998697638511658, -0.016142863780260086, -2.464796580170514e-06, 1.0, 0.9999801516532898, -0.006306167226284742, -5.867088020750089e-06, 1.0, 0.9999974370002747, -0.00227317470125854, -3.870655746140983e-06, 1.0, 0.9999622106552124, -0.008697896264493465, 2.605190047688666e-06, 1.0, 0.999887228012085, -0.015018721111118793, -1.1238447768846527e-05, 1.0, 0.9999319314956665, -0.011669399216771126, -5.873243571841158e-05, 1.0, 0.9999641180038452, -0.008470993489027023, -5.737226456403732e-05, 1.0, 0.9999794960021973, -0.006395730655640364, -0.000148461913340725, 1.0, 0.9999686479568481, 0.007914280518889427, 7.264604937518016e-05, 1.0, 0.9997757077217102, 0.021178480237722397, 1.9297664039186202e-05, 1.0, 0.9997350573539734, 0.0230166744440794, -1.2099632158424356e-06, 1.0, 0.9998606443405151, 0.01669255830347538, -8.107890607789159e-06, 1.0, 0.9999277591705322, 0.012026534415781498, -2.7367129860067507e-06, 1.0, 0.9999832510948181, 0.005785922519862652, -4.7498704702775285e-07, 1.0, 0.9999574422836304, 0.009224514476954937, 5.28462294369092e-07, 1.0, 0.9999004006385803, 0.014113418757915497, 1.74746492120903e-05, 1.0, 0.9998172521591187, 0.019116772338747978, 3.630547553257202e-06, 1.0, 0.9997540712356567, 0.02217666432261467, -7.386655198615699e-08, 1.0, 0.9998367428779602, 0.018070057034492493, -1.96530368157255e-06, 1.0, 0.9999624490737915, 0.0086594233289361, -2.450543070153799e-05, 1.0, 0.9999902844429016, -0.004405409563332796, 0.00015593296848237514, 1.0, 0.9999535083770752, -0.009648379869759083, 7.753045065328479e-05, 1.0, 0.9999374747276306, -0.011181199923157692, 4.625333167496137e-05, 1.0, 0.999976634979248, -0.00683431513607502, 4.219649326842045e-06, 1.0, 0.9999967813491821, -0.0025400477461516857, -1.8293668517799233e-06, 1.0, 0.9999893307685852, -0.004626953974366188, -7.370525963779073e-06, 1.0, 0.9999991059303284, -0.0013736303662881255, -2.5088897359637485e-07, 1.0, 0.9999644756317139, -0.008431505411863327, 2.778703856165521e-05, 1.0, 0.9998601078987122, -0.01672593504190445, -9.139031135418918e-06, 1.0, 0.9997895956039429, -0.020512621849775314, -2.58993331954116e-05, 1.0]
            u0 (float, 194):  [0.5, 0.5, 0.6553885340690613, 0.5, 0.6613383889198303, 0.46790778636932373, 0.6518540382385254, 0.43709999322891235, 0.6376112103462219, 0.40805113315582275, 0.6118892431259155, 0.3881107568740845, 0.5876691937446594, 0.368793785572052, 0.563215434551239, 0.3473844528198242, 0.5323828458786011, 0.3372003436088562, 0.5, 0.3337176442146301, 0.46966877579689026, 0.34751468896865845, 0.4395347535610199, 0.35402393341064453, 0.40848687291145325, 0.3630409240722656, 0.3910697102546692, 0.3910697102546692, 0.3701060116291046, 0.4132075905799866, 0.3509314954280853, 0.43825381994247437, 0.34679701924324036, 0.4695260524749756, 0.3437989056110382, 0.5, 0.34868621826171875, 0.530098170042038, 0.35736680030822754, 0.5590806007385254, 0.3754826486110687, 0.5831998288631439, 0.3896653950214386, 0.6103346049785614, 0.41590067744255066, 0.6258635520935059, 0.4381777346134186, 0.6492521166801453, 0.46885237097740173, 0.6565896272659302, 0.5, 0.6624718904495239, 0.5299854874610901, 0.6507471799850464, 0.5587420463562012, 0.6418159008026123, 0.5912724137306213, 0.6365988254547119, 0.6132548451423645, 0.6132548749446869, 0.6362863779067993, 0.5910636484622955, 0.6449669003486633, 0.5600472688674927, 0.6628243327140808, 0.532387763261795, 0.8012650012969971, 0.5, 0.8427914977073669, 0.4318145513534546, 0.7975776791572571, 0.3767392635345459, 0.7716028690338135, 0.31852078437805176, 0.74323970079422, 0.25676029920578003, 0.6804275512695312, 0.2299710512161255, 0.6158839464187622, 0.22023147344589233, 0.563176691532135, 0.18238937854766846, 0.5, 0.21831786632537842, 0.4402877390384674, 0.19980615377426147, 0.3683549463748932, 0.1821807622909546, 0.3397221267223358, 0.2601272463798523, 0.2656998038291931, 0.2656998038291931, 0.23290707170963287, 0.3215342164039612, 0.2306353598833084, 0.3884255290031433, 0.2204199582338333, 0.44438809156417847, 0.21312618255615234, 0.5, 0.1793699860572815, 0.5637772679328918, 0.23231561481952667, 0.6108784973621368, 0.25620290637016296, 0.6629000008106232, 0.2981335520744324, 0.7018664479255676, 0.328016996383667, 0.7573907673358917, 0.3739611804485321, 0.8042846024036407, 0.4441474676132202, 0.7807896882295609, 0.5, 0.8013429492712021, 0.5604782700538635, 0.8040447980165482, 0.634310781955719, 0.8242549449205399, 0.6762400269508362, 0.7637618035078049, 0.7266764044761658, 0.7266764342784882, 0.7341472506523132, 0.6564521789550781, 0.7611149549484253, 0.6081573665142059, 0.8370181918144226, 0.5670370757579803, 1.0195138454437256, 0.5, 0.9555420279502869, 0.4093870520591736, 0.873182475566864, 0.34542274475097656, 0.8947251439094543, 0.23625308275222778, 0.8564631342887878, 0.14353686571121216, 0.7183919548988342, 0.1731533408164978, 0.6996546387672424, 0.01799100637435913, 0.5985261797904968, 0.004675447940826416, 0.5, 0.00969153642654419, 0.407336950302124, 0.03415137529373169, 0.30801132321357727, 0.03649836778640747, 0.20417363941669464, 0.05726456642150879, 0.20806987583637238, 0.20806986093521118, 0.06478304415941238, 0.20919734239578247, 0.11009935289621353, 0.3384978771209717, -0.025530366227030754, 0.3954654932022095, 0.10105631500482559, 0.5, 0.014474797062575817, 0.5965769588947296, 0.07957843691110611, 0.6741443276405334, 0.10161196440458298, 0.7661943733692169, 0.13914167881011963, 0.8608583211898804, 0.20169197022914886, 0.946449514478445, 0.31743529438972473, 0.9407501742243767, 0.4022131860256195, 0.9916074443608522, 0.5, 0.9988181722583249, 0.5883378386497498, 0.9441043213009834, 0.6839636564254761, 0.9441275782883167, 0.7387005686759949, 0.8572406321763992, 0.77926105260849, 0.7792610377073288, 0.9372804164886475, 0.7921814322471619, 0.8922692537307739, 0.6624832451343536, 0.9968442916870117, 0.5988284647464752]
            tri (int, 480):  [0, 2, 1, 0, 3, 2, 0, 4, 3, 0, 5, 4, 0, 6, 5, 0, 7, 6, 0, 8, 7, 0, 9, 8, 0, 10, 9, 0, 11, 10, 0, 12, 11, 0, 13, 12, 0, 14, 13, 0, 15, 14, 0, 16, 15, 0, 17, 16, 0, 18, 17, 0, 19, 18, 0, 20, 19, 0, 21, 20, 0, 22, 21, 0, 23, 22, 0, 24, 23, 0, 25, 24, 0, 26, 25, 0, 27, 26, 0, 28, 27, 0, 29, 28, 0, 30, 29, 0, 31, 30, 0, 32, 31, 0, 1, 32, 1, 34, 33, 1, 2, 34, 2, 35, 34, 2, 3, 35, 3, 36, 35, 3, 4, 36, 4, 37, 36, 4, 5, 37, 5, 38, 37, 5, 6, 38, 6, 39, 38, 6, 7, 39, 7, 40, 39, 7, 8, 40, 8, 41, 40, 8, 9, 41, 9, 42, 41, 9, 10, 42, 10, 43, 42, 10, 11, 43, 11, 44, 43, 11, 12, 44, 12, 45, 44, 12, 13, 45, 13, 46, 45, 13, 14, 46, 14, 47, 46, 14, 15, 47, 15, 48, 47, 15, 16, 48, 16, 49, 48, 16, 17, 49, 17, 50, 49, 17, 18, 50, 18, 51, 50, 18, 19, 51, 19, 52, 51, 19, 20, 52, 20, 53, 52, 20, 21, 53, 21, 54, 53, 21, 22, 54, 22, 55, 54, 22, 23, 55, 23, 56, 55, 23, 24, 56, 24, 57, 56, 24, 25, 57, 25, 58, 57, 25, 26, 58, 26, 59, 58, 26, 27, 59, 27, 60, 59, 27, 28, 60, 28, 61, 60, 28, 29, 61, 29, 62, 61, 29, 30, 62, 30, 63, 62, 30, 31, 63, 31, 64, 63, 31, 32, 64, 32, 33, 64, 33, 32, 1, 33, 66, 65, 33, 34, 66, 34, 67, 66, 34, 35, 67, 35, 68, 67, 35, 36, 68, 36, 69, 68, 36, 37, 69, 37, 70, 69, 37, 38, 70, 38, 71, 70, 38, 39, 71, 39, 72, 71, 39, 40, 72, 40, 73, 72, 40, 41, 73, 41, 74, 73, 41, 42, 74, 42, 75, 74, 42, 43, 75, 43, 76, 75, 43, 44, 76, 44, 77, 76, 44, 45, 77, 45, 78, 77, 45, 46, 78, 46, 79, 78, 46, 47, 79, 47, 80, 79, 47, 48, 80, 48, 81, 80, 48, 49, 81, 49, 82, 81, 49, 50, 82, 50, 83, 82, 50, 51, 83, 51, 84, 83, 51, 52, 84, 52, 85, 84, 52, 53, 85, 53, 86, 85, 53, 54, 86, 54, 87, 86, 54, 55, 87, 55, 88, 87, 55, 56, 88, 56, 89, 88, 56, 57, 89, 57, 90, 89, 57, 58, 90, 58, 91, 90, 58, 59, 91, 59, 92, 91, 59, 60, 92, 60, 93, 92, 60, 61, 93, 61, 94, 93, 61, 62, 94, 62, 95, 94, 62, 63, 95, 63, 96, 95, 63, 64, 96, 64, 65, 96, 65, 64, 33]
            boundingsphere (float, 4):  [-0.04786109924316406, 0.11462242901325226, -0.027791976928710938, 8.493199218243223]
            aabb:
                min (float, 3):  [-8.361187934875488, 0.03724486380815506, -7.936197280883789]
                max (float, 3):  [8.26546573638916, 0.19200000166893005, 7.880613327026367]
            material:
                shader (str, 1):  ['PdxMeshAlphaBlend']
                diff (str, 1):  ['air_winter_polar_subpolar_thaw_flood_diff.dds']
                spec (str, 1):  ['air_winter_polar_subpolar_thaw_flood_spec.dds']
                n (str, 1):  ['air_winter_polar_subpolar_thaw_flood_n.dds']
locator:
