pdxasset (int, 2):  [1, 0]
object:
    air_winter_tropical_coast_monsoon_phase_1:
        mesh:
            p (float, 291):  [0.0, 0.31679999828338623, 0.0, 3.3301498889923096, 0.16981403529644012, 0.0, 3.0589609146118164, 0.20329950749874115, 0.6084651350975037, 2.905055284500122, 0.24233989417552948, 1.2033132314682007, 2.7452995777130127, 0.27377623319625854, 1.8343504667282104, 2.264338493347168, 0.28701257705688477, 2.264338493347168, 1.8960868120193481, 0.2775874137878418, 2.8376944065093994, 1.2886565923690796, 0.24867767095565796, 3.1110920906066895, 0.6623200178146362, 0.21002764999866486, 3.329707622528076, 1.9798337674374183e-16, 0.17466476559638977, 3.233313798904419, -0.6598086357116699, 0.15450844168663025, 3.317081928253174, -1.2582906484603882, 0.15635260939598083, 3.0377824306488037, -1.8793293237686157, 0.17957566678524017, 2.812615156173706, -2.262601613998413, 0.2163500189781189, 2.262601613998413, -2.7283108234405518, 0.2542804777622223, 1.8229990005493164, -2.9957337379455566, 0.2805821895599365, 1.2408735752105713, -3.1703646183013916, 0.28638985753059387, 0.6306247115135193, -3.2252652645111084, 0.26974597573280334, 3.9498109830445527e-16, -3.1711111068725586, 0.23626050353050232, -0.6307732462882996, -2.8985188007354736, 0.1972201019525528, -1.2006057500839233, -2.607172727584839, 0.16578376293182373, -1.7420570850372314, -2.2597763538360596, 0.1525474339723587, -2.2597763538360596, -1.8520145416259766, 0.16197256743907928, -2.771735668182373, -1.2711834907531738, 0.19088232517242432, -3.068908452987671, -0.6546391248703003, 0.22953234612941742, -3.291093111038208, -6.144442644436107e-16, 0.2648952305316925, -3.344878911972046, 0.6589437127113342, 0.285051554441452, -3.3127338886260986, 1.1945676803588867, 0.28320738673210144, -2.883941411972046, 1.7908973693847656, 0.2599843442440033, -2.680267333984375, 2.3389363288879395, 0.22320997714996338, -2.3389363288879395, 2.5841541290283203, 0.18527951836585999, -1.7266765832901, 3.1392526626586914, 0.15897780656814575, -1.300321102142334, 3.279845952987671, 0.1531701385974884, -0.6524019241333008, 6.3442864418029785, 0.10249403864145279, 0.0, 5.755599021911621, 0.13597950339317322, 1.1448599100112915, 5.492079734802246, 0.17501990497112274, 2.2748939990997314, 4.867157936096191, 0.2064562439918518, 3.2521309852600098, 4.361309051513672, 0.21969255805015564, 4.361309051513672, 3.422776937484741, 0.21026742458343506, 5.122547626495361, 2.3060646057128906, 0.18135768175125122, 5.5673322677612305, 1.267646074295044, 0.14270764589309692, 6.372887134552002, 4.2638031849159656e-16, 0.10734476149082184, 6.963319301605225, -1.3301674127578735, 0.08718844503164291, 6.687203407287598, -2.5716865062713623, 0.0890326127409935, 6.2086005210876465, -3.9706406593322754, 0.11225566267967224, 5.942483425140381, -4.634634971618652, 0.14903001487255096, 4.634634971618652, -4.870732307434082, 0.18696048855781555, 3.25451922416687, -5.480754852294922, 0.21326220035552979, 2.270202875137329, -5.871822834014893, 0.21906986832618713, 1.1679781675338745, -6.379277229309082, 0.20242595672607422, 7.812361690654151e-16, -6.61416482925415, 0.1689404994249344, -1.3156392574310303, -6.599277973175049, 0.12990009784698486, -2.7335104942321777, -5.01484489440918, 0.0984637588262558, -3.3508121967315674, -4.604279041290283, 0.08522743731737137, -4.604279041290283, -3.7422823905944824, 0.09465257078409195, -5.60072135925293, -2.48165225982666, 0.12356232106685638, -5.991238594055176, -1.2112106084823608, 0.1622123420238495, -6.08916711807251, -1.1162640636049742e-15, 0.19757524132728577, -6.076658725738525, 1.360753059387207, 0.2177315503358841, -6.840967655181885, 2.7100865840911865, 0.2158873826265335, -6.542727947235107, 3.400583505630493, 0.19266434013843536, -5.089332580566406, 4.385814189910889, 0.15588997304439545, -4.385814189910889, 5.4097819328308105, 0.11795951426029205, -3.6147007942199707, 5.926484107971191, 0.09165780991315842, -2.4548299312591553, 6.636845111846924, 0.08585013449192047, -1.32015061378479, 8.220948219299316, 0.06750495731830597, 0.0, 8.959700584411621, 0.07932335138320923, 1.7821953296661377, 9.746603012084961, 0.09310232102870941, 4.037175178527832, 8.168828010559082, 0.10419749468564987, 5.4582366943359375, 5.793517589569092, 0.10886914283037186, 5.793517589569092, 5.8472747802734375, 0.1055426225066185, 8.751065254211426, 3.937532424926758, 0.09533917903900146, 9.506044387817383, 1.642212152481079, 0.0816979929804802, 8.255958557128906, 6.246068069260902e-16, 0.06921697407960892, 10.200603485107422, -1.8688312768936157, 0.06210298091173172, 9.395249366760254, -3.319869041442871, 0.06275386363267899, 8.014872550964355, -6.001435279846191, 0.0709502324461937, 8.981781959533691, -7.523420333862305, 0.08392941951751709, 7.523420333862305, -9.194416999816895, 0.09731664508581161, 6.143513202667236, -8.519468307495117, 0.1065995991230011, 3.528879165649414, -10.725663185119629, 0.1086493656039238, 2.133466958999634, -9.989095687866211, 0.10277504473924637, 1.2233113463251438e-15, -9.245240211486816, 0.09095664322376251, -1.8389925956726074, -7.577830791473389, 0.07717768102884293, -3.1388401985168457, -6.968160152435303, 0.06608250737190247, -4.655975818634033, -6.7941741943359375, 0.06141085922718048, -6.7941741943359375, -4.555189609527588, 0.06473737955093384, -6.817323207855225, -4.055819988250732, 0.07494082301855087, -9.791616439819336, -1.9264094829559326, 0.08858200907707214, -9.684714317321777, -1.5872502752995051e-15, 0.10106302797794342, -8.64058780670166, 1.9396514892578125, 0.10817702114582062, -9.751286506652832, 3.7338130474090576, 0.10752613842487335, -9.014222145080566, 5.058157444000244, 0.09932976216077805, -7.570067405700684, 5.9472503662109375, 0.08635058254003525, -5.9472503662109375, 9.111583709716797, 0.07296335697174072, -6.088165760040283, 10.150651931762695, 0.06368040293455124, -4.204537868499756, 10.205403327941895, 0.06163063645362854, -2.0299808979034424]
            n (float, 291):  [-0.00018340221140533686, 0.9999999403953552, -0.0002534633968025446, 0.03192087262868881, 0.9991729259490967, -0.025188513100147247, 0.03907475620508194, 0.9985224008560181, -0.03776448220014572, 0.04107852652668953, 0.9984619617462158, -0.0372331440448761, 0.033183783292770386, 0.9993409514427185, -0.014716915786266327, 0.01404906902462244, 0.9998704791069031, 0.007845651358366013, -0.0094755869358778, 0.9995518326759338, 0.02839680016040802, -0.03054221160709858, 0.9988637566566467, 0.03658309578895569, -0.03902261331677437, 0.9986703395843506, 0.03368774428963661, -0.03503667935729027, 0.9988461136817932, 0.03284658119082451, -0.01703009568154812, 0.9994392991065979, 0.028828322887420654, 0.00184914271812886, 0.9992489218711853, 0.03870655968785286, 0.013803763315081596, 0.9990032315254211, 0.04244915768504143, 0.01225817296653986, 0.9986892342567444, 0.04969535768032074, 0.0043600513599812984, 0.9989570379257202, 0.045449864119291306, -0.008375389501452446, 0.9996095299720764, 0.02665749378502369, -0.017253700643777847, 0.9998483061790466, -0.0023616193793714046, -0.017699146643280983, 0.999383807182312, -0.030310960486531258, -0.012030798941850662, 0.9987516403198242, -0.04848213121294975, -0.006743784062564373, 0.9983485341072083, -0.05704996734857559, -0.012415884993970394, 0.998933732509613, -0.04446806386113167, -0.02841120958328247, 0.9993351101875305, -0.022851411253213882, -0.039567217230796814, 0.999146580696106, -0.011851652525365353, -0.04990454763174057, 0.9986907243728638, -0.011239932850003242, -0.049979764968156815, 0.9986395835876465, -0.01486961543560028, -0.03784028813242912, 0.999099612236023, -0.019188206642866135, -0.01031920500099659, 0.999803900718689, -0.01689794659614563, 0.023606203496456146, 0.999708354473114, -0.005084304139018059, 0.04436162859201431, 0.99899822473526, 0.0058758072555065155, 0.05113455280661583, 0.9985533356666565, 0.016632115468382835, 0.05043388158082962, 0.9986201524734497, 0.01463395543396473, 0.035211678594350815, 0.9993770718574524, 0.0023703572805970907, 0.03296828642487526, 0.9993858933448792, -0.01187386829406023, 0.019016586244106293, 0.9997243285179138, -0.013770957477390766, 0.027046456933021545, 0.9993278980255127, -0.024745775386691093, 0.0300347451120615, 0.9994029998779297, -0.017072973772883415, 0.028546661138534546, 0.9995869994163513, 0.0033007925376296043, 0.024998292326927185, 0.9995149970054626, 0.01857134886085987, 0.007997258566319942, 0.9996670484542847, 0.024531833827495575, -0.01696949452161789, 0.9993364810943604, 0.03222782164812088, -0.019938290119171143, 0.9994446039199829, 0.026702703908085823, -0.013521244749426842, 0.9997701644897461, 0.01663530245423317, -0.011310068890452385, 0.9998447299003601, 0.013515612110495567, 0.00399010581895709, 0.9997926354408264, 0.019968725740909576, 0.008299417793750763, 0.9996887445449829, 0.023527875542640686, 0.002441786928102374, 0.9996272921562195, 0.027189815416932106, -0.007066184654831886, 0.9995697140693665, 0.028468582779169083, -0.018382972106337547, 0.9996115565299988, 0.020947331562638283, -0.022939369082450867, 0.9997249245643616, 0.0048857759684324265, -0.02325437031686306, 0.9995672106742859, -0.018018731847405434, -0.01926199160516262, 0.9993270039558411, -0.03121722675859928, -0.013290192000567913, 0.9992437958717346, -0.03654118627309799, -0.005637327674776316, 0.999563455581665, -0.029000476002693176, -0.012421812862157822, 0.9998753666877747, -0.009744265116751194, -0.02181214839220047, 0.9997434616088867, -0.0061019291169941425, -0.028395816683769226, 0.999567449092865, -0.007652921136468649, -0.025099020451307297, 0.9995307922363281, -0.01755390875041485, -0.02607991173863411, 0.999297022819519, -0.02692980132997036, -0.010113870725035667, 0.9994519352912903, -0.03152134642004967, 0.025851339101791382, 0.9994510412216187, -0.0207207053899765, 0.04046129062771797, 0.9991699457168579, -0.004723683465272188, 0.034845076501369476, 0.9993923306465149, 0.0008986590546555817, 0.02250766195356846, 0.9997367262840271, 0.004463734570890665, 0.017955252900719643, 0.9998320937156677, 0.00366028118878603, 0.013225488364696503, 0.999908447265625, -0.002856610342860222, 0.01513188611716032, 0.9998601078987122, -0.0071225278079509735, 0.0233197882771492, 0.9995567798614502, -0.018501203507184982, 0.02362137846648693, 0.9996996521949768, -0.006525297183543444, 0.02237735502421856, 0.9996892809867859, 0.01097879558801651, 0.03062894009053707, 0.9993032813072205, 0.021328013390302658, 0.009885180741548538, 0.9996996521949768, 0.02242461033165455, -0.00767759932205081, 0.9995733499526978, 0.028179587796330452, -0.009827209636569023, 0.9996200203895569, 0.025753138586878777, -0.007186548318713903, 0.9998866319656372, 0.01323698740452528, -0.009602478705346584, 0.9999075531959534, 0.009624163620173931, 0.003444511443376541, 0.9998738169670105, 0.0155108030885458, 0.003519507357850671, 0.9998186826705933, 0.018716488033533096, -0.0021763332188129425, 0.9998015761375427, 0.019799718633294106, -0.010423984378576279, 0.9997987151145935, 0.01714831218123436, -0.020942727103829384, 0.9996366500854492, 0.01696726493537426, -0.023594865575432777, 0.9997071027755737, 0.005378293339163065, -0.026211099699139595, 0.9995784759521484, -0.012480644509196281, -0.026886194944381714, 0.999340832233429, -0.024393361061811447, -0.019985342398285866, 0.9992247223854065, -0.03392058238387108, -0.009110160171985626, 0.999825119972229, -0.01633439026772976, -0.0075966306030750275, 0.9999393224716187, -0.0079752616584301, -0.01777849905192852, 0.9998247027397156, -0.005862833932042122, -0.019309114664793015, 0.999775230884552, -0.008754264563322067, -0.01236327737569809, 0.9997840523719788, -0.01670057512819767, -0.018915314227342606, 0.9992444515228271, -0.033951323479413986, -0.004133990965783596, 0.999258279800415, -0.038284782320261, 0.024956203997135162, 0.9992716312408447, -0.028866302222013474, 0.04045805707573891, 0.9990696310997009, -0.014934273436665535, 0.024561326950788498, 0.999647855758667, -0.01004453469067812, 0.012581928633153439, 0.999920129776001, 0.0012371379416435957, 0.009785779751837254, 0.9999464750289917, 0.0033567682839930058, 0.007973301224410534, 0.9999679327011108, 0.0007604238926433027]
            ta (float, 388):  [1.0, 0.0001834021823015064, -3.436224105257679e-08, 1.0, 0.9994900226593018, -0.031932394951581955, -5.5054919357644394e-05, 1.0, 0.9992351531982422, -0.0391046404838562, -5.2794941439060494e-05, 1.0, 0.9991546869277954, -0.0411079041659832, -2.351978218939621e-05, 1.0, 0.9994491338729858, -0.03318748623132706, -7.75065018387977e-06, 1.0, 0.9999012351036072, -0.01404950488358736, 5.05161267483345e-07, 1.0, 0.9999550580978394, 0.009480979293584824, -5.526472887140699e-05, 1.0, 0.9995324015617371, 0.03057331033051014, -0.00029090812313370407, 1.0, 0.9992369413375854, 0.039057858288288116, -0.0003884518810082227, 1.0, 0.9993852376937866, 0.03506084531545639, -0.00015982853074092418, 1.0, 0.9998548626899719, 0.017038896679878235, -5.9631540352711454e-05, 1.0, 0.9999982714653015, -0.001854205271229148, 9.492532990407199e-05, 1.0, 0.9999043941497803, -0.013824395835399628, 0.0001925461838254705, 1.0, 0.9999245405197144, -0.012283957563340664, 0.00021348313021007925, 1.0, 0.9999903440475464, -0.004375668242573738, 0.0002441052783979103, 1.0, 0.9999648332595825, 0.008377330377697945, 3.8822239730507135e-05, 1.0, 0.9998511075973511, 0.017253758385777473, 3.139800810458837e-06, 1.0, 0.999843180179596, 0.017709197476506233, 6.318083615042269e-05, 1.0, 0.9999274611473083, 0.012046118266880512, 2.381834201514721e-05, 1.0, 0.999977171421051, 0.006751528941094875, -5.6984557886607945e-05, 1.0, 0.9999228119850159, 0.012423587962985039, -0.0001030838830047287, 1.0, 0.999596118927002, 0.028418585658073425, -2.0926779598084977e-06, 1.0, 0.9992166757583618, 0.039570510387420654, 4.333451943239197e-05, 1.0, 0.9987537860870361, 0.04990876093506813, 9.449759090784937e-05, 1.0, 0.998749852180481, 0.04998736456036568, 0.0001399663888150826, 1.0, 0.999283492565155, 0.037849005311727524, 9.099576709559187e-05, 1.0, 0.9999468326568604, 0.010320333763957024, -2.0484560081968084e-05, 1.0, 0.9997212886810303, -0.02360653690993786, -6.019286956870928e-06, 1.0, 0.9990155100822449, -0.04436253383755684, 2.368369314353913e-05, 1.0, 0.9986913204193115, -0.05114470422267914, 0.00018543304759077728, 1.0, 0.9987271428108215, -0.050440188497304916, 6.168369873194024e-05, 1.0, 0.9993798732757568, -0.03521179035305977, 5.2056261665711645e-06, 1.0, 0.9994562864303589, -0.03297078236937523, -1.4536106391460635e-05, 1.0, 0.9998190999031067, -0.019018448889255524, -4.3360432755434886e-06, 1.0, 0.9996340274810791, -0.027054090052843094, 2.6386538593214937e-05, 1.0, 0.9995487332344055, -0.030039675533771515, -3.226942862966098e-05, 1.0, 0.9995924234390259, -0.028546888381242752, 2.16212010855088e-05, 1.0, 0.9996872544288635, -0.0250058863312006, 0.000176898596691899, 1.0, 0.9999679327011108, -0.007998591288924217, -4.375886055640876e-05, 1.0, 0.9998558759689331, 0.016978122293949127, 5.879318905499531e-06, 1.0, 0.9998010993003845, 0.019942380487918854, 0.0001131200697273016, 1.0, 0.9999086260795593, 0.013522866182029247, 1.5153458662098274e-05, 1.0, 0.9999359846115112, 0.011311189271509647, -6.338785624393495e-06, 1.0, 0.9999920129776001, -0.003990919329226017, 8.931609158935316e-07, 1.0, 0.9999655485153198, -0.008301185443997383, -2.2525206077261828e-05, 1.0, 0.9999970197677612, -0.0024422500282526016, -1.6174895790754817e-05, 1.0, 0.9999750256538391, 0.007069695740938187, -2.2679485482512973e-05, 1.0, 0.999830961227417, 0.01838809810578823, -5.2099301683483645e-05, 1.0, 0.9997368454933167, 0.022939668968319893, -5.310297638061456e-06, 1.0, 0.9997295141220093, 0.023258015513420105, -7.163839654822368e-06, 1.0, 0.9998142719268799, 0.019271157681941986, -7.2403399826725945e-06, 1.0, 0.999911367893219, 0.013307594694197178, 0.00023304522619582713, 1.0, 0.9999842047691345, 0.005638097412884235, -5.5229254940059036e-05, 1.0, 0.9999228119850159, 0.01242249645292759, 9.714000043459237e-06, 1.0, 0.9997620582580566, 0.021812621504068375, 1.0819602721312549e-05, 1.0, 0.9995967745780945, 0.02839658036828041, -9.060654519998934e-06, 1.0, 0.9996849298477173, 0.025103744119405746, 4.868293399340473e-05, 1.0, 0.9996594786643982, 0.02609296888113022, 0.00013351957022678107, 1.0, 0.9999487996101379, 0.010120403952896595, 4.777537833433598e-05, 1.0, 0.9996657371520996, -0.025856688618659973, 9.833704098127782e-06, 1.0, 0.9991810321807861, -0.04046173393726349, 1.1869011586895795e-06, 1.0, 0.9993926882743835, -0.03484509140253067, 2.3292166133614955e-06, 1.0, 0.9997466802597046, -0.022507911548018456, 5.767059064964997e-06, 1.0, 0.9998387694358826, -0.017955364659428596, -2.1933608422841644e-06, 1.0, 0.9999126195907593, -0.013225545175373554, -6.497967319774034e-07, 1.0, 0.9998854398727417, -0.015132271684706211, -4.3236653368694533e-07, 1.0, 0.9997279047966003, -0.023323917761445045, -7.421686404995853e-06, 1.0, 0.9997209906578064, -0.02362171560525894, 2.561833753134124e-05, 1.0, 0.9997496008872986, -0.02237785793840885, -7.695876411162317e-05, 1.0, 0.9995306134223938, -0.030635204166173935, -3.275795461377129e-05, 1.0, 0.9999510049819946, -0.009890742599964142, 0.00013710719940718263, 1.0, 0.999970555305481, 0.0076792603358626366, 4.9311067414237186e-05, 1.0, 0.9999517202377319, 0.0098305968567729, -4.902115961158415e-06, 1.0, 0.9999741911888123, 0.007186469621956348, 5.3541600209428e-05, 1.0, 0.9999539256095886, 0.009602909907698631, 1.4926131370884832e-06, 1.0, 0.9999940991401672, -0.003444900969043374, -1.5716148027422605e-06, 1.0, 0.9999938011169434, -0.0035193797666579485, -3.974520222982392e-05, 1.0, 0.999997615814209, 0.0021773152984678745, -2.8061409466317855e-05, 1.0, 0.9999456405639648, 0.01042576227337122, -1.4306283446785528e-05, 1.0, 0.9997805953025818, 0.020945562049746513, 1.0642690540407784e-05, 1.0, 0.9997215867042542, 0.02359515242278576, 1.0346014278184157e-05, 1.0, 0.9996563196182251, 0.0262131430208683, 1.978813912728583e-07, 1.0, 0.9996383190155029, 0.02689332887530327, -3.564668804756366e-05, 1.0, 0.9997995495796204, 0.020014215260744095, 0.0005118527333252132, 1.0, 0.9999585747718811, 0.009111766703426838, 2.4004006263567135e-05, 1.0, 0.9999711513519287, 0.007596704643219709, -2.1137500880286098e-05, 1.0, 0.9998419880867004, 0.017778808251023293, 2.884121101942583e-07, 1.0, 0.9998135566711426, 0.019309382885694504, -5.36842635483481e-05, 1.0, 0.999923586845398, 0.01236310787498951, -0.00011341556819388643, 1.0, 0.9998208284378052, 0.018923446536064148, -8.176425035344437e-05, 1.0, 0.9999914765357971, 0.004133701790124178, -8.675414574099705e-05, 1.0, 0.9996883869171143, -0.024965286254882812, 4.592370169120841e-05, 1.0, 0.9991810321807861, -0.04046228528022766, 1.9032784621231258e-05, 1.0, 0.9996983408927917, -0.02456246316432953, 1.0433180250402074e-05, 1.0, 0.9999208450317383, -0.012581932358443737, -4.09858103012084e-06, 1.0, 0.9999521374702454, -0.009785831905901432, -7.809736075614637e-07, 1.0, 0.9999682307243347, -0.007973304018378258, -6.781093588870135e-07, 1.0]
            u0 (float, 194):  [0.5, 0.5, 0.6613444685935974, 0.5, 0.6482054591178894, 0.4705200791358948, 0.6407487988471985, 0.44169992208480835, 0.6330087184906006, 0.41112643480300903, 0.6097063422203064, 0.3902936577796936, 0.5918646454811096, 0.36251479387283325, 0.5624349117279053, 0.3492687940597534, 0.5320891737937927, 0.33867692947387695, 0.5, 0.3433471918106079, 0.4680325388908386, 0.3392886519432068, 0.4390363097190857, 0.35282063484191895, 0.408947229385376, 0.36372989416122437, 0.39037781953811646, 0.39037781953811646, 0.36781439185142517, 0.41167640686035156, 0.354857861995697, 0.4398801326751709, 0.3463970720767975, 0.46944648027420044, 0.3437371551990509, 0.5, 0.3463608920574188, 0.5305607318878174, 0.35956788063049316, 0.558168888092041, 0.37368348240852356, 0.5844019949436188, 0.39051470160484314, 0.6094852983951569, 0.4102706015110016, 0.6342895030975342, 0.4384116530418396, 0.6486874222755432, 0.4682829976081848, 0.6594521999359131, 0.5, 0.6620580852031708, 0.5319255590438843, 0.6605006754398346, 0.5578763484954834, 0.6397258341312408, 0.5867682695388794, 0.6298579275608063, 0.613320529460907, 0.6133205592632294, 0.6252012848854065, 0.5836568176746368, 0.6520955562591553, 0.5630000531673431, 0.6589072942733765, 0.5316086113452911, 0.8073782324790955, 0.5, 0.7788565754890442, 0.44453197717666626, 0.766089141368866, 0.38978224992752075, 0.7358119487762451, 0.3424355387687683, 0.7113037109375, 0.2886962890625, 0.6658322215080261, 0.2518145442008972, 0.6117279529571533, 0.23026490211486816, 0.5614169836044312, 0.19123607873916626, 0.5, 0.1626299023628235, 0.4355539083480835, 0.17600756883621216, 0.3754027783870697, 0.19919568300247192, 0.3076240122318268, 0.21208900213241577, 0.27545374631881714, 0.27545374631881714, 0.2640148997306824, 0.3423197865486145, 0.23445956408977509, 0.3900095224380493, 0.2155124545097351, 0.4434118866920471, 0.1909264773130417, 0.5, 0.1795462667942047, 0.5637422204017639, 0.18026752769947052, 0.632437527179718, 0.25703272223472595, 0.6623455584049225, 0.2769244611263275, 0.7230755388736725, 0.31868788599967957, 0.7713527828454971, 0.3797649145126343, 0.7902731746435165, 0.4413173198699951, 0.7950177788734436, 0.5, 0.794411763548851, 0.5659279823303223, 0.8314422369003296, 0.6313026547431946, 0.8169926404953003, 0.6647569537162781, 0.746576189994812, 0.712490975856781, 0.7124910056591034, 0.7621018290519714, 0.6751308441162109, 0.7871358394622803, 0.6189355552196503, 0.821552574634552, 0.5639607906341553, 0.8983017802238464, 0.5, 0.9340940117835999, 0.41365331411361694, 0.9722191691398621, 0.3044004440307617, 0.8957765698432922, 0.23555058240890503, 0.7806936502456665, 0.2193063497543335, 0.7832981944084167, 0.07601428031921387, 0.6907719373703003, 0.03943586349487305, 0.5795645713806152, 0.10000205039978027, 0.5, 0.0057846903800964355, 0.4094558358192444, 0.04480379819869995, 0.33915361762046814, 0.11168253421783447, 0.20923279225826263, 0.06483614444732666, 0.135493203997612, 0.1354932188987732, 0.05453404784202576, 0.20234918594360352, 0.08723507076501846, 0.3290271759033203, -0.019654223695397377, 0.3966343402862549, 0.01603218913078308, 0.5, 0.052071698009967804, 0.5890984833240509, 0.1328570395708084, 0.6520755887031555, 0.16239534318447113, 0.7255802154541016, 0.17082488536834717, 0.8291751146316528, 0.27930283546447754, 0.830296665430069, 0.3034970760345459, 0.974400008097291, 0.40666621923446655, 0.9692206736654043, 0.5, 0.9186331406235695, 0.5939753651618958, 0.9724460672587156, 0.6809017658233643, 0.9367355704307556, 0.7450657486915588, 0.8667668402194977, 0.7881419658660889, 0.7881419658660889, 0.94145268201828, 0.7949692606925964, 0.9917951226234436, 0.7037082314491272, 0.9944478273391724, 0.598351776599884]
            tri (int, 480):  [0, 2, 1, 0, 3, 2, 0, 4, 3, 0, 5, 4, 0, 6, 5, 0, 7, 6, 0, 8, 7, 0, 9, 8, 0, 10, 9, 0, 11, 10, 0, 12, 11, 0, 13, 12, 0, 14, 13, 0, 15, 14, 0, 16, 15, 0, 17, 16, 0, 18, 17, 0, 19, 18, 0, 20, 19, 0, 21, 20, 0, 22, 21, 0, 23, 22, 0, 24, 23, 0, 25, 24, 0, 26, 25, 0, 27, 26, 0, 28, 27, 0, 29, 28, 0, 30, 29, 0, 31, 30, 0, 32, 31, 0, 1, 32, 1, 34, 33, 1, 2, 34, 2, 35, 34, 2, 3, 35, 3, 36, 35, 3, 4, 36, 4, 37, 36, 4, 5, 37, 5, 38, 37, 5, 6, 38, 6, 39, 38, 6, 7, 39, 7, 40, 39, 7, 8, 40, 8, 41, 40, 8, 9, 41, 9, 42, 41, 9, 10, 42, 10, 43, 42, 10, 11, 43, 11, 44, 43, 11, 12, 44, 12, 45, 44, 12, 13, 45, 13, 46, 45, 13, 14, 46, 14, 47, 46, 14, 15, 47, 15, 48, 47, 15, 16, 48, 16, 49, 48, 16, 17, 49, 17, 50, 49, 17, 18, 50, 18, 51, 50, 18, 19, 51, 19, 52, 51, 19, 20, 52, 20, 53, 52, 20, 21, 53, 21, 54, 53, 21, 22, 54, 22, 55, 54, 22, 23, 55, 23, 56, 55, 23, 24, 56, 24, 57, 56, 24, 25, 57, 25, 58, 57, 25, 26, 58, 26, 59, 58, 26, 27, 59, 27, 60, 59, 27, 28, 60, 28, 61, 60, 28, 29, 61, 29, 62, 61, 29, 30, 62, 30, 63, 62, 30, 31, 63, 31, 64, 63, 31, 32, 64, 32, 33, 64, 33, 32, 1, 33, 66, 65, 33, 34, 66, 34, 67, 66, 34, 35, 67, 35, 68, 67, 35, 36, 68, 36, 69, 68, 36, 37, 69, 37, 70, 69, 37, 38, 70, 38, 71, 70, 38, 39, 71, 39, 72, 71, 39, 40, 72, 40, 73, 72, 40, 41, 73, 41, 74, 73, 41, 42, 74, 42, 75, 74, 42, 43, 75, 43, 76, 75, 43, 44, 76, 44, 77, 76, 44, 45, 77, 45, 78, 77, 45, 46, 78, 46, 79, 78, 46, 47, 79, 47, 80, 79, 47, 48, 80, 48, 81, 80, 48, 49, 81, 49, 82, 81, 49, 50, 82, 50, 83, 82, 50, 51, 83, 51, 84, 83, 51, 52, 84, 52, 85, 84, 52, 53, 85, 53, 86, 85, 53, 54, 86, 54, 87, 86, 54, 55, 87, 55, 88, 87, 55, 56, 88, 56, 89, 88, 56, 57, 89, 57, 90, 89, 57, 58, 90, 58, 91, 90, 58, 59, 91, 59, 92, 91, 59, 60, 92, 60, 93, 92, 60, 61, 93, 61, 94, 93, 61, 62, 94, 62, 95, 94, 62, 63, 95, 63, 96, 95, 63, 64, 96, 64, 65, 96, 65, 64, 33]
            boundingsphere (float, 4):  [-0.2601299285888672, 0.18910542130470276, 0.20449352264404297, 11.306620449473847]
            aabb:
                min (float, 3):  [-10.725663185119629, 0.06141085922718048, -9.791616439819336]
                max (float, 3):  [10.205403327941895, 0.31679999828338623, 10.200603485107422]
            material:
                shader (str, 1):  ['PdxMeshAdvanced']
                diff (str, 1):  ['air_winter_tropical_coast_monsoon_phase_1_diff.dds']
                spec (str, 1):  ['air_winter_tropical_coast_monsoon_spec.dds']
                n (str, 1):  ['air_winter_tropical_coast_monsoon_n.dds']
locator:
