pdxasset (int, 2):  [1, 0]
object:
    air_winter_polar_subpolar_phase_6:
        mesh:
            p (float, 291):  [0.0, 0.4607999920845032, 0.0, 3.2936525344848633, 0.23766936361789703, 0.0, 3.264735460281372, 0.2812153697013855, 0.6493962407112122, 3.0112483501434326, 0.33772629499435425, 1.2472999095916748, 2.709747552871704, 0.388154536485672, 1.8105953931808472, 2.2687289714813232, 0.4155026972293854, 2.2687289714813232, 1.8799418210983276, 0.4105527698993683, 2.8135318756103516, 1.216363787651062, 0.37497320771217346, 2.9365618228912354, 0.6086133122444153, 0.3207564651966095, 3.0597057342529297, 1.9264575892194945e-16, 0.26617690920829773, 3.146143913269043, -0.6408032774925232, 0.22963112592697144, 3.2215354442596436, -1.299701452255249, 0.22343729436397552, 3.137756824493408, -1.820788860321045, 0.24968311190605164, 2.725003242492676, -2.1909420490264893, 0.29952213168144226, 2.1909420490264893, -2.6391963958740234, 0.3561555743217468, 1.7634546756744385, -2.8827006816864014, 0.4004945456981659, 1.1940537691116333, -3.13607120513916, 0.4175940752029419, 0.6238033771514893, -3.2026028633117676, 0.40169063210487366, 3.9220574191321735e-16, -3.3443286418914795, 0.358144611120224, -0.6652283668518066, -3.010124444961548, 0.30163368582725525, -1.246834397315979, -2.809054136276245, 0.2512054741382599, -1.8769500255584717, -2.385422706604004, 0.2238573133945465, -2.385422706604004, -1.7375324964523315, 0.2288072407245636, -2.6004011631011963, -1.1988579034805298, 0.2643868029117584, -2.894298791885376, -0.6677320599555969, 0.3186035454273224, -3.3569159507751465, -5.669231750038027e-16, 0.37318310141563416, -3.086185932159424, 0.6326537728309631, 0.40972888469696045, -3.180565357208252, 1.2898881435394287, 0.41592270135879517, -3.114065647125244, 1.7619003057479858, 0.38967689871788025, -2.6368701457977295, 2.373931407928467, 0.3398378789424896, -2.373931407928467, 2.8282432556152344, 0.28320443630218506, -1.8897716999053955, 3.1287543773651123, 0.238865464925766, -1.295972466468811, 3.1290454864501953, 0.2217659205198288, -0.6224058270454407, 6.19514799118042, 0.13974936306476593, 0.0, 6.1899213790893555, 0.1832953840494156, 1.2312519550323486, 5.408499240875244, 0.23980630934238434, 2.2402737140655518, 4.856886386871338, 0.2902345359325409, 3.245267629623413, 4.347858905792236, 0.3175826966762543, 4.347858905792236, 3.376117706298828, 0.3126327693462372, 5.052717208862305, 2.6286535263061523, 0.27705320715904236, 6.346131324768066, 1.227285623550415, 0.2228364646434784, 6.169981479644775, 3.6060873953289217e-16, 0.16825689375400543, 5.889187812805176, -1.218369960784912, 0.13171112537384033, 6.12515926361084, -2.2921295166015625, 0.12551729381084442, 5.533690452575684, -3.2457995414733887, 0.15176311135292053, 4.857682228088379, -4.717594623565674, 0.20160213112831116, 4.717594623565674, -5.118518829345703, 0.2582355737686157, 3.4200849533081055, -5.7230143547058105, 0.3025745451450348, 2.3705501556396484, -5.969262599945068, 0.3196740746498108, 1.187360167503357, -6.682810306549072, 0.30377063155174255, 8.184082099556701e-16, -6.814182281494141, 0.2602246105670929, -1.3554251194000244, -6.612290859222412, 0.20371368527412415, -2.738900661468506, -5.930780410766602, 0.1532854586839676, -3.9628207683563232, -4.3469414710998535, 0.1259373128414154, -4.3469414710998535, -3.722378730773926, 0.1308872401714325, -5.570933818817139, -2.3805649280548096, 0.16646680235862732, -5.747191905975342, -1.1690019369125366, 0.2206835299730301, -5.876969814300537, -1.1963770750309964e-15, 0.27526310086250305, -6.512773513793945, 1.3949863910675049, 0.31180888414382935, -7.013070106506348, 2.413365125656128, 0.31800270080566406, -5.82637882232666, 3.635113477706909, 0.29175689816474915, -5.44033145904541, 4.88837194442749, 0.24191786348819733, -4.88837194442749, 4.930128574371338, 0.18528442084789276, -3.2942066192626953, 5.375077247619629, 0.1409454643726349, -2.2264297008514404, 6.925413608551025, 0.12384591996669769, -1.3775503635406494, 10.795211791992188, 0.09489507228136063, 0.0, 9.81094741821289, 0.11026424914598465, 1.9515187740325928, 9.75143814086914, 0.130209282040596, 4.039177894592285, 9.01141357421875, 0.14800748229026794, 6.021234035491943, 7.282232761383057, 0.15765976905822754, 7.282232761383057, 6.1489949226379395, 0.15591274201869965, 9.202621459960938, 4.071232318878174, 0.14335525035858154, 9.828824043273926, 2.1714606285095215, 0.12421993166208267, 10.916669845581055, 6.515649539614384e-16, 0.10495655238628387, 10.640863418579102, -1.587458848953247, 0.09205804765224457, 7.980694770812988, -3.6382641792297363, 0.08987198770046234, 8.783546447753906, -4.584708213806152, 0.09913521260023117, 6.8615007400512695, -7.294368743896484, 0.11672545969486237, 7.294368743896484, -6.776978969573975, 0.13671372830867767, 4.528232574462891, -9.555842399597168, 0.15236277878284454, 3.9581594467163086, -10.247380256652832, 0.15839791297912598, 2.038330554962158, -8.157553672790527, 0.15278492867946625, 9.990121514527584e-16, -8.089363098144531, 0.13741575181484222, -1.609074354171753, -8.919806480407715, 0.11747071146965027, -3.694705009460449, -9.199159622192383, 0.09967251867055893, -6.146681785583496, -7.857244491577148, 0.09002023190259933, -7.857244491577148, -5.806964874267578, 0.09176725894212723, -8.690736770629883, -4.044430255889893, 0.10432475060224533, -9.764119148254395, -1.7633386850357056, 0.1234600692987442, -8.86490249633789, -1.9260226907406386e-15, 0.1427234411239624, -10.484779357910156, 1.9136768579483032, 0.1556219607591629, -9.62070369720459, 3.616425037384033, 0.15780800580978394, -8.730822563171387, 5.637657642364502, 0.1485447883605957, -8.43735122680664, 5.717266082763672, 0.1309545487165451, -5.717266082763672, 7.523512363433838, 0.1109662652015686, -5.027050495147705, 8.807513236999512, 0.09531722217798233, -3.648191213607788, 8.494516372680664, 0.0892820879817009, -1.689664363861084]
            n (float, 291):  [-0.000269384472630918, 0.9999999403953552, 0.00030177761800587177, 0.0485464371740818, 0.9980769157409668, -0.03854639455676079, 0.05407245457172394, 0.9971742630004883, -0.05215056613087654, 0.05986053869128227, 0.9970768690109253, -0.047480858862400055, 0.053735196590423584, 0.9981856346130371, -0.027164779603481293, 0.028802579268813133, 0.9995769262313843, 0.004050302319228649, -0.004303616471588612, 0.999445915222168, 0.033004436641931534, -0.04712860658764839, 0.9976996183395386, 0.048727456480264664, -0.06873315572738647, 0.996269166469574, 0.05218736082315445, -0.05682488903403282, 0.997195303440094, 0.04870831221342087, -0.02945302054286003, 0.9984654188156128, 0.046897802501916885, -0.010091702453792095, 0.998633086681366, 0.05128354951739311, 0.010077429004013538, 0.9977337718009949, 0.06652617454528809, 0.01973937451839447, 0.9966722726821899, 0.07908780127763748, 0.009777947328984737, 0.9973990321159363, 0.07141057401895523, -0.007392865139991045, 0.9988257884979248, 0.047877803444862366, -0.02166334167122841, 0.9997316598892212, 0.008201194927096367, -0.02313888631761074, 0.9992009997367859, -0.032587066292762756, -0.015807265415787697, 0.9979303479194641, -0.062331635504961014, -0.009459047578275204, 0.997002124786377, -0.07679381221532822, -0.008408493362367153, 0.9978513121604919, -0.0649779736995697, -0.019170641899108887, 0.9986012578010559, -0.0492735430598259, -0.045116107910871506, 0.998384416103363, -0.034542687237262726, -0.07919161021709442, 0.9966703653335571, -0.019413523375988007, -0.07531176507472992, 0.9969160556793213, -0.02205762267112732, -0.06118904426693916, 0.9977074861526489, -0.028909483924508095, -0.025022517889738083, 0.9993473887443542, -0.026048732921481133, 0.02335922047495842, 0.9996170401573181, -0.014836912974715233, 0.05370530113577843, 0.9985408782958984, 0.005640854127705097, 0.06939587742090225, 0.9973059892654419, 0.023768769577145576, 0.07492642849683762, 0.9966541528701782, 0.03265833854675293, 0.060136500746011734, 0.9980493187904358, 0.016768358647823334, 0.05376661941409111, 0.9985226392745972, -0.007853450253605843, 0.024780916050076485, 0.9994997978210449, -0.019648099318146706, 0.030398692935705185, 0.9991936087608337, -0.026231922209262848, 0.04301467537879944, 0.9987742900848389, -0.024484749883413315, 0.043928422033786774, 0.9990049600601196, -0.007704870775341988, 0.030893191695213318, 0.9993873238563538, 0.016449084505438805, 0.009281850419938564, 0.9994397759437561, 0.03215576335787773, -0.012913624756038189, 0.9992461204528809, 0.03661327436566353, -0.03877292573451996, 0.9986661076545715, 0.03409791365265846, -0.039548009634017944, 0.9988410472869873, 0.02743048220872879, -0.020050231367349625, 0.9995841979980469, 0.020719053223729134, -0.0057256584987044334, 0.9996549487113953, 0.025636862963438034, 0.01305388007313013, 0.9988957643508911, 0.04513084888458252, 0.0021794666536152363, 0.9990994334220886, 0.04237421974539757, -0.008899258449673653, 0.9985378384590149, 0.05331932380795479, -0.020588602870702744, 0.9988713264465332, 0.042804136872291565, -0.03590341657400131, 0.9993485808372498, 0.00366390822455287, -0.05420877784490585, 0.9981892704963684, -0.026066869497299194, -0.04932766407728195, 0.9982765316963196, -0.03179354965686798, -0.021344492211937904, 0.9991891384124756, -0.03414053097367287, -0.0028970111161470413, 0.9995070099830627, -0.031263384968042374, -0.00829306710511446, 0.9996026754379272, -0.026938851922750473, -0.019775763154029846, 0.9997686743736267, -0.008459148928523064, -0.034356243908405304, 0.9993302226066589, -0.012599433772265911, -0.050711747258901596, 0.9984686970710754, -0.022103508934378624, -0.042420003563165665, 0.9985686540603638, -0.0325765535235405, 0.00266070244833827, 0.999165952205658, -0.040747351944446564, 0.024498306214809418, 0.9992406964302063, -0.03029547445476055, 0.044617317616939545, 0.9988787174224854, -0.01583166792988777, 0.06093336641788483, 0.998141884803772, 0.0002514203661121428, 0.052577048540115356, 0.9984275102615356, 0.019446227699518204, 0.03387806564569473, 0.9994093179702759, 0.005772150121629238, 0.018094006925821304, 0.9998158812522888, -0.006386231631040573, 0.014318585395812988, 0.9998059868812561, -0.013525220565497875, 0.021730925887823105, 0.9996469616889954, -0.015287374146282673, 0.03154829517006874, 0.9994310140609741, -0.011931609362363815, 0.032718539237976074, 0.9994616508483887, 0.0024196975864470005, 0.028689133003354073, 0.9994094371795654, 0.018914109095931053, 0.015675652772188187, 0.9994455575942993, 0.029373304918408394, -0.003552135778591037, 0.9994397759437561, 0.0332777313888073, -0.01913268119096756, 0.9994840025901794, 0.02579653076827526, -0.026049738749861717, 0.9994955062866211, 0.018166886642575264, -0.016500331461429596, 0.9997653961181641, 0.014037230052053928, -0.002133828354999423, 0.9998873472213745, 0.014857969246804714, 0.008974609896540642, 0.9994535446166992, 0.03181113302707672, -0.006309462711215019, 0.9994504451751709, 0.03254256024956703, -0.02427385188639164, 0.998755931854248, 0.04355965554714203, -0.0281528290361166, 0.9990910291671753, 0.03201024606823921, -0.04057474061846733, 0.999171257019043, 0.003237012540921569, -0.0740344226360321, 0.9969102740287781, -0.026244429871439934, -0.07138586044311523, 0.997344970703125, -0.014388101175427437, -0.025001022964715958, 0.9995275139808655, -0.017878873273730278, -0.004588476847857237, 0.9998295903205872, -0.017881494015455246, -0.0026217636186629534, 0.9999282360076904, -0.011685202829539776, -0.011757141910493374, 0.9999167323112488, -0.005307164508849382, -0.017401976510882378, 0.9998043775558472, -0.009404052048921585, -0.03220954164862633, 0.9992159008979797, -0.023023437708616257, -0.02570205368101597, 0.9989455342292786, -0.03804238513112068, 0.007845340296626091, 0.9989268779754639, -0.04564622789621353, 0.025850540027022362, 0.998707115650177, -0.043770063668489456, 0.03943909332156181, 0.9987727999687195, -0.029957283288240433, 0.06348611414432526, 0.9979467988014221, -0.008471924811601639, 0.03291964903473854, 0.9994544386863708, 0.0026518201921135187, 0.020464347675442696, 0.999779999256134, 0.004609641619026661, 0.01410218421369791, 0.9998776912689209, -0.006771700922399759]
            ta (float, 388):  [1.0, 0.00026938365772366524, -2.3629006307146483e-08, 1.0, 0.99881911277771, -0.04858320578932762, -1.7112419300246984e-05, 1.0, 0.9985325932502747, -0.05415354296565056, -0.00014212301175575703, 1.0, 0.9982015490531921, -0.05994535982608795, -0.00036334380274638534, 1.0, 0.9985539317131042, -0.05375886708498001, -0.00014113642100710422, 1.0, 0.9995850920677185, -0.02880282886326313, 3.220961389160948e-06, 1.0, 0.999990701675415, 0.004315726924687624, -0.00029569256003014743, 1.0, 0.9988851547241211, 0.04720485210418701, -0.00041454072925262153, 1.0, 0.9976267218589783, 0.06885272264480591, -0.0004947047564201057, 1.0, 0.9983788728713989, 0.056916117668151855, -0.0004868759715463966, 1.0, 0.999565064907074, 0.029491879045963287, -0.00013666214363183826, 1.0, 0.999949038028717, 0.010097712278366089, 0.00014190914225764573, 1.0, 0.9999488592147827, -0.01011387538164854, 0.00021106272470206022, 1.0, 0.9998034834861755, -0.019823279231786728, 0.00027586272335611284, 1.0, 0.9999515414237976, -0.009832502342760563, 0.00041247066110372543, 1.0, 0.9999725818634033, 0.007398979272693396, 4.952971721650101e-05, 1.0, 0.9997652173042297, 0.021664202213287354, -1.6155272533069365e-05, 1.0, 0.9997318983078003, 0.023153450340032578, 6.96557472110726e-05, 1.0, 0.9998745918273926, 0.01583999954164028, 3.1028328521642834e-05, 1.0, 0.9999551177024841, 0.009478507563471794, -0.00011109869228675961, 1.0, 0.9999644756317139, 0.00842272024601698, -5.496172889252193e-05, 1.0, 0.9998159408569336, 0.019187504425644875, -0.00013082459918223321, 1.0, 0.9989803433418274, 0.04514763876795769, 0.00013281592691782862, 1.0, 0.9968577027320862, 0.07921156287193298, 0.0002601569576654583, 1.0, 0.9971583485603333, 0.07533435523509979, 0.00019400796736590564, 1.0, 0.998124361038208, 0.061218347400426865, 0.00012896215775981545, 1.0, 0.999686598777771, 0.025035254657268524, 0.0001626487501198426, 1.0, 0.9997270107269287, -0.02336244098842144, -4.373014598968439e-05, 1.0, 0.9985567927360535, -0.05370643362402916, 4.8754642193671316e-05, 1.0, 0.9975876212120056, -0.06941864639520645, 0.00013307659537531435, 1.0, 0.9971859455108643, -0.0749676451086998, 3.7506004446186125e-05, 1.0, 0.9981895685195923, -0.060147225856781006, 0.00013525258691515774, 1.0, 0.998553454875946, -0.05376851558685303, -3.053140244446695e-05, 1.0, 0.9996926784515381, -0.024786433205008507, -3.734847632586025e-05, 1.0, 0.9995375275611877, -0.03041030839085579, -4.3894880946027115e-05, 1.0, 0.9990739822387695, -0.04302568733692169, 7.707208715146407e-05, 1.0, 0.9990346431732178, -0.04392983764410019, -1.4835427464277018e-05, 1.0, 0.9995225667953491, -0.030898692086338997, 8.033426274778321e-05, 1.0, 0.9999569058418274, -0.009288053959608078, 4.355264172772877e-05, 1.0, 0.9999164938926697, 0.012924596667289734, -6.304114504018798e-05, 1.0, 0.9992468357086182, 0.03880295157432556, -0.0002189556253142655, 1.0, 0.9992169737815857, 0.03956384211778641, -3.4476623113732785e-05, 1.0, 0.9997987747192383, 0.020055420696735382, -4.259274646756239e-05, 1.0, 0.9999836087226868, 0.005728371441364288, -3.240602745790966e-05, 1.0, 0.9999145269393921, -0.013073107227683067, 0.0001308478240389377, 1.0, 0.9999976754188538, -0.0021806478034704924, -1.836799674492795e-05, 1.0, 0.9999600648880005, 0.008932080119848251, -0.00037730325129814446, 1.0, 0.9997875094413757, 0.02061023935675621, -6.418027624022216e-05, 1.0, 0.9993553161621094, 0.035903677344322205, -5.482826963998377e-06, 1.0, 0.9985279440879822, 0.05423714965581894, 0.0003824559098575264, 1.0, 0.9987810254096985, 0.04935985803604126, 0.00022833506227470934, 1.0, 0.9997718334197998, 0.021360132843255997, 9.345304715679958e-05, 1.0, 0.9999958276748657, 0.002896864665672183, -4.9966889491770416e-05, 1.0, 0.9999656081199646, 0.008295669220387936, -1.5204942428681534e-05, 1.0, 0.9998043775558472, 0.01977665349841118, 2.1723291865782812e-05, 1.0, 0.999409556388855, 0.03435931354761124, 2.6905447157332674e-05, 1.0, 0.9987125992774963, 0.05072587728500366, 7.894219015724957e-05, 1.0, 0.9990988373756409, 0.04244537279009819, 8.724496728973463e-05, 1.0, 0.9999964833259583, -0.002644989872351289, 0.00043948990060016513, 1.0, 0.9996994733810425, -0.02451339364051819, -0.0001266530016437173, 1.0, 0.9990039467811584, -0.044622231274843216, 4.275310493540019e-05, 1.0, 0.9981418251991272, -0.06093335896730423, 9.568376299284864e-06, 1.0, 0.9986162185668945, -0.052590034902095795, 0.0001564434205647558, 1.0, 0.999426007270813, -0.0338786281645298, -2.8072400937162456e-07, 1.0, 0.9998363256454468, -0.01809445396065712, -1.2487075764511246e-05, 1.0, 0.9998974204063416, -0.014319059439003468, 6.180364289321005e-05, 1.0, 0.9997638463973999, -0.02173314057290554, 2.129208223777823e-05, 1.0, 0.9995021224021912, -0.03155048191547394, 4.553519829642028e-06, 1.0, 0.9994646310806274, -0.03271859511733055, -1.468453228881117e-05, 1.0, 0.9995882511138916, -0.028693528845906258, -3.895889676641673e-05, 1.0, 0.9998770952224731, -0.015683332458138466, 3.0979656003182754e-05, 1.0, 0.9999936819076538, 0.0035421010106801987, 0.00036044613807462156, 1.0, 0.9998169541358948, 0.019131138920783997, 0.00030653836438432336, 1.0, 0.9996606111526489, 0.026052221655845642, 0.00010014466533903033, 1.0, 0.9998638033866882, 0.016501858830451965, 6.884988579258788e-06, 1.0, 0.9999977946281433, 0.0021339517552405596, 7.5577136158244684e-06, 1.0, 0.9999597072601318, -0.008977903053164482, -3.932528125005774e-05, 1.0, 0.9999801516532898, 0.0063149211928248405, -6.491801468655467e-05, 1.0, 0.9997048377990723, 0.024295847862958908, 2.4420385670964606e-05, 1.0, 0.9996033310890198, 0.028166012838482857, 3.912547617801465e-05, 1.0, 0.9991765022277832, 0.04057493060827255, 6.9050547608640045e-06, 1.0, 0.9972537755966187, 0.07406014949083328, 8.149167115334421e-06, 1.0, 0.9974482655525208, 0.07139337807893753, 8.683346095494926e-06, 1.0, 0.9996874332427979, 0.02500368282198906, -7.490111602237448e-05, 1.0, 0.99998939037323, 0.004590891767293215, 9.400626731803641e-05, 1.0, 0.999996542930603, 0.002622086787596345, 1.2316623724473175e-05, 1.0, 0.9999308586120605, 0.011757188476622105, -2.218877853010781e-05, 1.0, 0.9998486042022705, 0.01740209572017193, -6.930703966645524e-05, 1.0, 0.9994809031486511, 0.03221576288342476, -0.00010073256999021396, 1.0, 0.9996695518493652, 0.025701669976115227, -0.0004992614267393947, 1.0, 0.9999691247940063, -0.007856566458940506, -6.655152537859976e-05, 1.0, 0.9996653199195862, -0.025869814679026604, 0.00012622128997463733, 1.0, 0.9992215037345886, -0.0394521988928318, 0.00015380668628495187, 1.0, 0.9979826211929321, -0.06348846107721329, -8.378943675779738e-06, 1.0, 0.9994580745697021, -0.032919663935899734, -3.852495501632802e-05, 1.0, 0.9997905492782593, -0.020464453846216202, -2.3646010959055275e-05, 1.0, 0.9999005198478699, -0.014102650806307793, -2.1187290258239955e-05, 1.0]
            u0 (float, 194):  [0.5, 0.5, 0.6595761775970459, 0.5, 0.6581751704216003, 0.46853697299957275, 0.6458938121795654, 0.43956881761550903, 0.6312862038612366, 0.41227734088897705, 0.609919011592865, 0.390080988407135, 0.5910824537277222, 0.3636854887008667, 0.558932363986969, 0.35772472620010376, 0.5294870734214783, 0.3517584204673767, 0.5, 0.347570538520813, 0.46895334124565125, 0.3439178466796875, 0.43702995777130127, 0.3479769229888916, 0.41178348660469055, 0.3679746389389038, 0.3938497006893158, 0.3938497304916382, 0.37213194370269775, 0.41456133127212524, 0.36033427715301514, 0.4421485662460327, 0.3480585515499115, 0.46977698802948, 0.3448351323604584, 0.5, 0.3379685580730438, 0.5322300493717194, 0.3541606366634369, 0.5604086518287659, 0.36390241980552673, 0.5909374952316284, 0.38442718982696533, 0.6155728101730347, 0.4158172309398651, 0.6259884238243103, 0.4419158101081848, 0.6402276456356049, 0.46764862537384033, 0.6626412570476532, 0.5, 0.6495245099067688, 0.5306518077850342, 0.6540971398353577, 0.5624945759773254, 0.6508752703666687, 0.5853633880615234, 0.627755343914032, 0.6150160431861877, 0.6150160431861877, 0.6370272636413574, 0.5915586948394775, 0.6515869498252869, 0.5627893507480621, 0.6516010165214539, 0.5301553308963776, 0.8001525402069092, 0.5, 0.7998992800712585, 0.44034630060195923, 0.7620397210121155, 0.391459584236145, 0.7353142499923706, 0.34276801347732544, 0.7106521129608154, 0.28934788703918457, 0.6635715961456299, 0.25519782304763794, 0.6273572444915771, 0.19253242015838623, 0.5594615340232849, 0.201066792011261, 0.5, 0.21467113494873047, 0.44097045063972473, 0.20323842763900757, 0.3889472186565399, 0.231894850730896, 0.34274226427078247, 0.2646471858024597, 0.27143436670303345, 0.27143436670303345, 0.2520097494125366, 0.33429819345474243, 0.2227221578359604, 0.38514775037765503, 0.21079154312610626, 0.4424728751182556, 0.17622043192386627, 0.5, 0.1698555201292038, 0.5656698346138, 0.17963707447052002, 0.6326986849308014, 0.21265597641468048, 0.6919971406459808, 0.289392352104187, 0.710607647895813, 0.3196521997451782, 0.7699095755815506, 0.38466256856918335, 0.778449222445488, 0.443362295627594, 0.7847369015216827, 0.5, 0.8155413568019867, 0.5675865411758423, 0.8397805392742157, 0.6169266104698181, 0.7822858095169067, 0.6761198043823242, 0.7635819613933563, 0.7368397116661072, 0.7368397116661072, 0.7388628125190735, 0.6596030294895172, 0.7604203820228577, 0.6078696548938751, 0.835533618927002, 0.5667417943477631, 1.0230238437652588, 0.5, 0.9753366112709045, 0.40544968843460083, 0.9724533557891846, 0.3043034076690674, 0.9365994930267334, 0.2082735300064087, 0.8528213500976562, 0.14717864990234375, 0.7979164123535156, 0.054136574268341064, 0.6972496509552002, 0.023797273635864258, 0.6052064299583435, -0.028908371925354004, 0.5, -0.01554572582244873, 0.4230882227420807, 0.1133384108543396, 0.3237275183200836, 0.074440598487854, 0.27787265181541443, 0.16756296157836914, 0.14659065008163452, 0.14659065008163452, 0.171657994389534, 0.2806088924407959, 0.037023138254880905, 0.3082287311553955, 0.003518403973430395, 0.4012436866760254, 0.10476969182491302, 0.5, 0.10807348787784576, 0.5779590308666229, 0.06783881038427353, 0.6790070235729218, 0.05430430546402931, 0.7978043407201767, 0.11931954324245453, 0.8806804567575455, 0.2186547964811325, 0.9210628420114517, 0.30404892563819885, 0.9730677753686905, 0.41456693410873413, 0.9295010790228844, 0.5, 1.0079835020005703, 0.5927169322967529, 0.9661193490028381, 0.675214409828186, 0.9230049699544907, 0.7731423377990723, 0.908786378800869, 0.7769993543624878, 0.7769993245601654, 0.864511251449585, 0.7435586452484131, 0.9267205595970154, 0.6767534613609314, 0.9115560054779053, 0.5818635821342468]
            tri (int, 480):  [0, 2, 1, 0, 3, 2, 0, 4, 3, 0, 5, 4, 0, 6, 5, 0, 7, 6, 0, 8, 7, 0, 9, 8, 0, 10, 9, 0, 11, 10, 0, 12, 11, 0, 13, 12, 0, 14, 13, 0, 15, 14, 0, 16, 15, 0, 17, 16, 0, 18, 17, 0, 19, 18, 0, 20, 19, 0, 21, 20, 0, 22, 21, 0, 23, 22, 0, 24, 23, 0, 25, 24, 0, 26, 25, 0, 27, 26, 0, 28, 27, 0, 29, 28, 0, 30, 29, 0, 31, 30, 0, 32, 31, 0, 1, 32, 1, 34, 33, 1, 2, 34, 2, 35, 34, 2, 3, 35, 3, 36, 35, 3, 4, 36, 4, 37, 36, 4, 5, 37, 5, 38, 37, 5, 6, 38, 6, 39, 38, 6, 7, 39, 7, 40, 39, 7, 8, 40, 8, 41, 40, 8, 9, 41, 9, 42, 41, 9, 10, 42, 10, 43, 42, 10, 11, 43, 11, 44, 43, 11, 12, 44, 12, 45, 44, 12, 13, 45, 13, 46, 45, 13, 14, 46, 14, 47, 46, 14, 15, 47, 15, 48, 47, 15, 16, 48, 16, 49, 48, 16, 17, 49, 17, 50, 49, 17, 18, 50, 18, 51, 50, 18, 19, 51, 19, 52, 51, 19, 20, 52, 20, 53, 52, 20, 21, 53, 21, 54, 53, 21, 22, 54, 22, 55, 54, 22, 23, 55, 23, 56, 55, 23, 24, 56, 24, 57, 56, 24, 25, 57, 25, 58, 57, 25, 26, 58, 26, 59, 58, 26, 27, 59, 27, 60, 59, 27, 28, 60, 28, 61, 60, 28, 29, 61, 29, 62, 61, 29, 30, 62, 30, 63, 62, 30, 31, 63, 31, 64, 63, 31, 32, 64, 32, 33, 64, 33, 32, 1, 33, 66, 65, 33, 34, 66, 34, 67, 66, 34, 35, 67, 35, 68, 67, 35, 36, 68, 36, 69, 68, 36, 37, 69, 37, 70, 69, 37, 38, 70, 38, 71, 70, 38, 39, 71, 39, 72, 71, 39, 40, 72, 40, 73, 72, 40, 41, 73, 41, 74, 73, 41, 42, 74, 42, 75, 74, 42, 43, 75, 43, 76, 75, 43, 44, 76, 44, 77, 76, 44, 45, 77, 45, 78, 77, 45, 46, 78, 46, 79, 78, 46, 47, 79, 47, 80, 79, 47, 48, 80, 48, 81, 80, 48, 49, 81, 49, 82, 81, 49, 50, 82, 50, 83, 82, 50, 51, 83, 51, 84, 83, 51, 52, 84, 52, 85, 84, 52, 53, 85, 53, 86, 85, 53, 54, 86, 54, 87, 86, 54, 55, 87, 55, 88, 87, 55, 56, 88, 56, 89, 88, 56, 57, 89, 57, 90, 89, 57, 58, 90, 58, 91, 90, 58, 59, 91, 59, 92, 91, 59, 60, 92, 60, 93, 92, 60, 61, 93, 61, 94, 93, 61, 62, 94, 62, 95, 94, 62, 63, 95, 63, 96, 95, 63, 64, 96, 64, 65, 96, 65, 64, 33]
            boundingsphere (float, 4):  [0.27391576766967773, 0.27504104375839233, 0.21594524383544922, 11.459773137455871]
            aabb:
                min (float, 3):  [-10.247380256652832, 0.0892820879817009, -10.484779357910156]
                max (float, 3):  [10.795211791992188, 0.4607999920845032, 10.916669845581055]
            material:
                shader (str, 1):  ['PdxMeshAdvanced']
                diff (str, 1):  ['air_winter_polar_subpolar_phase_6_diff.dds']
                spec (str, 1):  ['air_winter_polar_subpolar_spec.dds']
                n (str, 1):  ['air_winter_polar_subpolar_n.dds']
locator:
