pdxasset (int, 2):  [1, 0]
object:
    air_winter_mountain_highland_dead_vegetation:
        mesh:
            p (float, 36):  [-6.071299076080322, 0.10000000149011612, -5.515371799468994, 5.515371799468994, 0.10000000149011612, -6.071299076080322, 6.071299076080322, 0.10000000149011612, 5.515371799468994, -5.515371799468994, 0.10000000149011612, 6.071299076080322, 2.1479833126068115, -1.203147292137146, -7.7908501625061035, 7.72255802154541, -1.203147292137146, 2.381864070892334, -2.1479833126068115, 1.6031473875045776, 7.7908501625061035, -7.72255802154541, 1.6031473875045776, -2.381864070892334, 7.276900291442871, 1.995755910873413, -3.383953809738159, 3.055673837661743, 1.995755910873413, 7.420732498168945, -7.276900291442871, -1.3957557678222656, 3.383953809738159, -3.055673837661743, -1.3957557678222656, -7.420732498168945]
            n (float, 36):  [3.599046893842939e-10, 1.0, 0.0, 3.599046893842939e-10, 1.0, 0.0, 3.599046893842939e-10, 1.0, 0.0, 3.599046893842939e-10, 1.0, 0.0, 0.21215541660785675, 0.9702957272529602, -0.11625965684652328, 0.21215541660785675, 0.9702957272529602, -0.11625965684652328, 0.21215541660785675, 0.9702957272529602, -0.11625965684652328, 0.21215541660785675, 0.9702957272529602, -0.11625965684652328, -0.27232626080513, 0.9563047885894775, -0.1063937321305275, -0.27232626080513, 0.9563047885894775, -0.1063937246799469, -0.27232626080513, 0.9563047885894775, -0.1063937321305275, -0.27232626080513, 0.9563047885894775, -0.1063937246799469]
            ta (float, 48):  [0.9988508820533752, -3.594911035520454e-10, -0.04792476445436478, 1.0, 0.9988510012626648, -3.594911590631966e-10, -0.047924768179655075, 1.0, 0.9988508820533752, -3.594911035520454e-10, -0.04792476445436478, 1.0, 0.9988510012626648, -3.594911590631966e-10, -0.047924768179655075, 1.0, 0.48056676983833313, 1.0843899111989685e-08, 0.8769581317901611, 1.0, 0.48056674003601074, 1.4458531261141161e-08, 0.8769580721855164, 1.0, 0.48056676983833313, 1.0843899111989685e-08, 0.8769581317901611, 1.0, 0.48056674003601074, 7.2292656305705805e-09, 0.8769580721855164, 1.0, -0.3638988733291626, -3.5625129513050524e-09, 0.9314384460449219, 1.0, -0.3638988435268402, -7.125025458520895e-09, 0.9314384460449219, 1.0, -0.3638988733291626, -3.5625131733496573e-09, 0.9314384460449219, 1.0, -0.3638988435268402, -1.425005180522021e-08, 0.9314384460449219, 1.0]
            u0 (float, 24):  [0.0, 1.0, 1.0, 1.0, 1.0, 0.0, 0.0, 0.0, 0.0, 1.0, 1.0, 1.0, 1.0, 0.0, 0.0, 0.0, 0.0, 1.0, 1.0, 1.0, 1.0, 0.0, 0.0, 0.0]
            tri (int, 18):  [0, 2, 1, 0, 3, 2, 4, 6, 5, 4, 7, 6, 8, 10, 9, 8, 11, 10]
            boundingsphere (float, 4):  [0.0, 0.30000007152557373, 0.0, 8.220135633621187]
            aabb:
                min (float, 3):  [-7.72255802154541, -1.3957557678222656, -7.7908501625061035]
                max (float, 3):  [7.72255802154541, 1.995755910873413, 7.7908501625061035]
            material:
                shader (str, 1):  ['PdxMeshAlphaBlend']
                diff (str, 1):  ['air_winter_mountain_highland_dead_vegetation_diff.dds']
                spec (str, 1):  ['air_winter_mountain_highland_dead_vegetation_spec.dds']
                n (str, 1):  ['air_winter_mountain_highland_dead_vegetation_n.dds']
locator:
