pdxasset (int, 2):  [1, 0]
object:
    air_winter_island_oceanic_phase_2:
        mesh:
            p (float, 291):  [0.0, 0.3456000089645386, 0.0, 3.1158246994018555, 0.31237921118736267, 0.0, 3.230795383453369, 0.2940576374530792, 0.6426451802253723, 2.981626033782959, 0.2574344575405121, 1.235029935836792, 2.8377058506011963, 0.2148539274930954, 1.8960944414138794, 2.3370609283447266, 0.18066823482513428, 2.3370609283447266, 1.8178743124008179, 0.16640007495880127, 2.7206411361694336, 1.3092825412750244, 0.17685866355895996, 3.1608877182006836, 0.621762752532959, 0.20851881802082062, 3.125812292098999, 2.0752612933684758e-16, 0.2507091462612152, 3.3891589641571045, -0.6313207149505615, 0.28920894861221313, 3.173863649368286, -1.2732641696929932, 0.3110414743423462, 3.0739316940307617, -1.9068653583526611, 0.3088477849960327, 2.853825569152832, -2.385875940322876, 0.2833673059940338, 2.385875940322876, -2.7451746463775635, 0.2431885302066803, 1.8342671394348145, -3.1169018745422363, 0.20185412466526031, 1.2910629510879517, -3.033803939819336, 0.17329630255699158, 0.6034611463546753, -3.2383663654327393, 0.16714079678058624, 3.965854845856733e-16, -3.3279049396514893, 0.1854623556137085, -0.6619614362716675, -3.099466562271118, 0.22208553552627563, -1.2838410139083862, -2.699323892593384, 0.2646660804748535, -1.8036304712295532, -2.2392807006835938, 0.29885175824165344, -2.2392807006835938, -1.7828856706619263, 0.31311991810798645, -2.6682770252227783, -1.2394256591796875, 0.30266132950782776, -2.9922382831573486, -0.6098390817642212, 0.2710011899471283, -3.0658681392669678, -6.284025203814143e-16, 0.2288108468055725, -3.4208638668060303, 0.6471372246742249, 0.19031104445457458, -3.2533786296844482, 1.2531658411026, 0.16847853362560272, -3.0254099369049072, 1.7499622106552124, 0.1706722229719162, -2.6190035343170166, 2.262920618057251, 0.1961526870727539, -2.262920618057251, 2.687802791595459, 0.23633146286010742, -1.7959322929382324, 2.897942304611206, 0.2776658833026886, -1.2003670930862427, 3.1429808139801025, 0.30622369050979614, -0.6251777410507202, 6.335766792297363, 0.23893921077251434, 0.0, 6.7357177734375, 0.2206176370382309, 1.3398175239562988, 6.571325778961182, 0.18399447202682495, 2.7219321727752686, 4.8413496017456055, 0.14141392707824707, 3.234886407852173, 4.247036457061768, 0.10722824186086655, 4.247036457061768, 3.9101178646087646, 0.09296007454395294, 5.85190486907959, 2.22883939743042, 0.10341866314411163, 5.380894660949707, 1.2057939767837524, 0.1350788176059723, 6.0619354248046875, 4.053052123216235e-16, 0.17726916074752808, 6.619136333465576, -1.2826714515686035, 0.215768963098526, 6.44842529296875, -2.3427226543426514, 0.23760145902633667, 5.655832767486572, -3.828969717025757, 0.2354077696800232, 5.7304582595825195, -4.831796169281006, 0.20992730557918549, 4.831796169281006, -4.837292194366455, 0.16974852979183197, 3.23217511177063, -6.312371730804443, 0.128414124250412, 2.6146697998046875, -6.228952884674072, 0.09985630959272385, 1.2390156984329224, -6.51730489730835, 0.09370078891515732, 7.981396644399404e-16, -6.5109357833862305, 0.11202236264944077, -1.2951055765151978, -6.231531620025635, 0.1486455351114273, -2.5811848640441895, -5.78878927230835, 0.1912260800600052, -3.8679451942443848, -4.291842937469482, 0.22541175782680511, -4.291842937469482, -3.3799824714660645, 0.23967993259429932, -5.058501243591309, -2.336209774017334, 0.22922134399414062, -5.640109062194824, -1.1845003366470337, 0.19756117463111877, -5.954885482788086, -1.2754392362068312e-15, 0.15537084639072418, -6.943167686462402, 1.3742499351501465, 0.11687103658914566, -6.908821105957031, 2.4227778911590576, 0.09503854066133499, -5.8491034507751465, 3.77630615234375, 0.09723222255706787, -5.651641845703125, 4.912217140197754, 0.12271268665790558, -4.912217140197754, 5.859678268432617, 0.1628914624452591, -3.9153120517730713, 6.389474868774414, 0.20422586798667908, -2.6466071605682373, 6.518075466156006, 0.23278369009494781, -1.2965258359909058, 10.546857833862305, 0.11851030588150024, 0.0, 8.871891975402832, 0.11204387247562408, 1.7647290229797363, 9.145408630371094, 0.09911804646253586, 3.7881522178649902, 7.3789825439453125, 0.08408962190151215, 4.930478572845459, 6.574662685394287, 0.07202408462762833, 6.574662685394287, 5.121205806732178, 0.0669882595539093, 7.664426326751709, 3.670536994934082, 0.07067953050136566, 8.861459732055664, 1.5648332834243774, 0.0818537026643753, 7.866948127746582, 5.756646608985855e-16, 0.09674441069364548, 9.401317596435547, -1.8711601495742798, 0.11033257842063904, 9.406957626342773, -4.169993877410889, 0.11803816258907318, 10.067255973815918, -5.701825141906738, 0.11726392060518265, 8.533384323120117, -6.006253242492676, 0.10827081650495529, 6.006253242492676, -7.699519634246826, 0.0940900668501854, 5.144654750823975, -9.618494033813477, 0.07950145751237869, 3.9841105937957764, -8.121335983276367, 0.06942223012447357, 1.615434169769287, -10.753536224365234, 0.06724969297647476, 1.3169283922710045e-15, -8.008097648620605, 0.07371612638235092, -1.592909574508667, -9.37851333618164, 0.08664195239543915, -3.884707450866699, -8.154098510742188, 0.10167037695646286, -5.448394775390625, -7.814260005950928, 0.11373591423034668, -7.814260005950928, -5.103908061981201, 0.1187717393040657, -7.638537883758545, -3.442140817642212, 0.11508047580718994, -8.310062408447266, -1.6749038696289062, 0.1039062961935997, -8.420310020446777, -1.6340317990972417e-15, 0.08901558816432953, -8.895255088806152, 1.7598280906677246, 0.07542742788791656, -8.84725284576416, 3.76937198638916, 0.06772183626890182, -9.100069046020508, 4.943671226501465, 0.06849607825279236, -7.398726940155029, 6.070899963378906, 0.07748918235301971, -6.070899963378906, 8.948012351989746, 0.09166993200778961, -5.978870391845703, 7.606693744659424, 0.10625854134559631, -3.1507956981658936, 10.832155227661133, 0.11633777618408203, -2.1546497344970703]
            n (float, 291):  [0.00011711874685715884, 0.9999998211860657, -0.00037066786899231374, 0.01555856503546238, 0.9998549222946167, 0.006929510273039341, 0.011558951810002327, 0.9993592500686646, 0.033873945474624634, 0.0024822866544127464, 0.9983372092247009, 0.05759046599268913, -0.0022270798217505217, 0.9981482028961182, 0.06078820675611496, 0.005442551802843809, 0.9988157153129578, 0.04834844544529915, 0.0219061728566885, 0.9992250800132751, 0.03270073980093002, 0.034262560307979584, 0.9991090893745422, 0.024638641625642776, 0.056120697408914566, 0.9981004595756531, 0.025415437296032906, 0.05260781943798065, 0.9983158707618713, 0.024448681622743607, 0.03232697769999504, 0.9991253018379211, 0.02652284875512123, 0.006964229512959719, 0.9997471570968628, 0.02137887291610241, -0.02073238231241703, 0.9997677206993103, 0.005888884421437979, -0.04722263664007187, 0.9987096786499023, -0.018682748079299927, -0.052902739495038986, 0.998212456703186, -0.027804730460047722, -0.04500197619199753, 0.9985340237617493, -0.03007756732404232, -0.046509403735399246, 0.9987423419952393, -0.018722908571362495, -0.03832332044839859, 0.9991447925567627, 0.015526141040027142, -0.03973184898495674, 0.9987686276435852, 0.02970757521688938, -0.04488791525363922, 0.9984321594238281, 0.033442288637161255, -0.043598487973213196, 0.9987524151802063, 0.02434639073908329, -0.03410544618964195, 0.9993924498558044, 0.007182646542787552, -0.01247500441968441, 0.9998396039009094, -0.012851705774664879, 0.01896485686302185, 0.9994050860404968, -0.028805634006857872, 0.03919900581240654, 0.9987054467201233, -0.03241756930947304, 0.043343160301446915, 0.9987204074859619, -0.02605583518743515, 0.048331089317798615, 0.9985290765762329, -0.024572579190135002, 0.029474852606654167, 0.9991698265075684, -0.02812192216515541, 0.006964521948248148, 0.9990755915641785, -0.042421743273735046, -0.008371550589799881, 0.9984918832778931, -0.054257556796073914, -0.006789139471948147, 0.9983899593353271, -0.05631439760327339, 0.0019533075392246246, 0.9988110661506653, -0.04871000349521637, 0.012353436090052128, 0.9996553063392639, -0.02316593937575817, 0.025416463613510132, 0.9996477365493774, 0.00763445720076561, 0.02588208205997944, 0.9994022846221924, 0.022916631773114204, 0.013637842610478401, 0.9992620944976807, 0.035906367003917694, -0.0009476298582740128, 0.9989644885063171, 0.04548748955130577, 0.005659790243953466, 0.9997057318687439, 0.023590223863720894, 0.00690089026466012, 0.9999046921730042, 0.01196407899260521, 0.019015219062566757, 0.9996885657310486, 0.01616118848323822, 0.03617774695158005, 0.999190092086792, 0.017616815865039825, 0.03467370942234993, 0.9990391135215759, 0.026809176430106163, 0.01655733957886696, 0.9993913769721985, 0.03070455975830555, 0.001071243081241846, 0.9996145367622375, 0.027741527184844017, -0.02855786308646202, 0.9994654059410095, 0.015915177762508392, -0.04483354464173317, 0.9989933967590332, 0.0014417810598388314, -0.04043179377913475, 0.9990946054458618, -0.01323932409286499, -0.0240683164447546, 0.999635636806488, -0.012219433672726154, -0.021922603249549866, 0.9996932744979858, -0.011520737782120705, -0.0163568165153265, 0.9998478889465332, 0.00604933500289917, -0.023990904912352562, 0.9995696544647217, 0.01688150130212307, -0.032534655183553696, 0.9992460012435913, 0.0211891308426857, -0.032355740666389465, 0.9994567036628723, 0.006287228316068649, -0.025543414056301117, 0.999634325504303, -0.008878879249095917, -0.013325651176273823, 0.9995574355125427, -0.02659556269645691, 0.004743651952594519, 0.9993300437927246, -0.03628993779420853, 0.01830206625163555, 0.9992491006851196, -0.03415113314986229, 0.018547216430306435, 0.999455451965332, -0.027291133999824524, 0.023374726995825768, 0.9995998740196228, -0.01592903584241867, 0.01602211967110634, 0.9997761845588684, -0.013814299367368221, 0.00148647534660995, 0.9997887015342712, -0.02050231397151947, -0.004080743528902531, 0.9994001984596252, -0.03438809886574745, 0.006337784230709076, 0.9994547963142395, -0.032403863966464996, 0.018453437834978104, 0.9992222189903259, -0.034848738461732864, 0.02183597721159458, 0.999535083770752, -0.021277163177728653, 0.030062133446335793, 0.9995153546333313, 0.008088544011116028, 0.035622790455818176, 0.9992028474807739, 0.018018854781985283, 0.02113245241343975, 0.9993863701820374, 0.02793767675757408, 0.003748962190002203, 0.9994714856147766, 0.03229183703660965, 0.0041776685975492, 0.9998862743377686, 0.014493686147034168, 0.005713384132832289, 0.999941885471344, 0.009137675166130066, 0.008599445223808289, 0.9999187588691711, 0.009411046281456947, 0.02615407109260559, 0.9994791746139526, 0.018901148810982704, 0.023284973576664925, 0.9992409944534302, 0.03122904524207115, 0.010396428406238556, 0.999390184879303, 0.03333425894379616, -0.00444099772721529, 0.9995692372322083, 0.029010122641921043, -0.025951910763978958, 0.9994237422943115, 0.021879540756344795, -0.049021195620298386, 0.9987592101097107, 0.008775131776928902, -0.02572941780090332, 0.9996602535247803, 0.004164393525570631, -0.019704438745975494, 0.9997901320457458, -0.0056100934743881226, -0.015271211974322796, 0.9998623132705688, -0.006492544896900654, -0.010017520748078823, 0.9999474883079529, 0.0021518846042454243, -0.02010224387049675, 0.9997471570968628, 0.010073911398649216, -0.02924211695790291, 0.999525785446167, 0.009646967053413391, -0.030104491859674454, 0.9995465278625488, -0.0006552690174430609, -0.02181766740977764, 0.9996498227119446, -0.014971603639423847, -0.01098846085369587, 0.9994051456451416, -0.03268798813223839, -0.0032502026297152042, 0.9991844892501831, -0.040246427059173584, 0.004928088281303644, 0.9991977214813232, -0.039744600653648376, 0.010023221373558044, 0.9994780421257019, -0.03070979192852974, 0.014304494485259056, 0.9997640252113342, -0.016348648816347122, 0.00876878947019577, 0.999921977519989, -0.008899489417672157, 0.005009749438613653, 0.9998919367790222, -0.013822213746607304, 0.0002579325227998197, 0.9994770288467407, -0.032335080206394196, 0.01487651001662016, 0.9995904564857483, -0.0244451854377985, 0.030432019382715225, 0.99908447265625, -0.03006872907280922, 0.027267541736364365, 0.9995275735855103, -0.014179611578583717]
            ta (float, 388):  [0.9999999403953552, -0.00011711823754012585, -5.421608761935204e-08, 1.0, 0.9998789429664612, -0.015558972954750061, 5.171164048078936e-06, 1.0, 0.9999331831932068, -0.011565928347408772, 9.985576070903335e-06, 1.0, 0.9999969005584717, -0.0024860803969204426, -5.7732117966224905e-06, 1.0, 0.9999974966049194, 0.0022392666433006525, -0.00013235554797574878, 1.0, 0.9999851584434509, -0.005439109168946743, -0.0002027607406489551, 1.0, 0.9997597336769104, -0.02191978320479393, 5.769884955952875e-05, 1.0, 0.9994122982025146, -0.034278325736522675, 0.00021769222803413868, 1.0, 0.9984228610992432, -0.05614151433110237, 0.00010543438111199066, 1.0, 0.9986142516136169, -0.05262763425707817, 0.00016713622608222067, 1.0, 0.9994768500328064, -0.03234253078699112, 0.00015761281247250736, 1.0, 0.9999757409095764, -0.00696718180552125, 6.359130202326924e-05, 1.0, 0.9997851252555847, 0.02073284611105919, -1.7306541849393398e-05, 1.0, 0.9988839030265808, 0.04723170027136803, 4.397846350912005e-05, 1.0, 0.9985982775688171, 0.05292816460132599, 0.0001786315842764452, 1.0, 0.9989858269691467, 0.045026134699583054, 0.00012605344818439335, 1.0, 0.9989175200462341, 0.04651759937405586, 2.035725856330828e-06, 1.0, 0.9992652535438538, 0.03832785040140152, 5.78816025154083e-06, 1.0, 0.9992096424102783, 0.03974899649620056, 1.3257764294394292e-05, 1.0, 0.9989908337593079, 0.044914450496435165, -4.2235809814883396e-05, 1.0, 0.9990484714508057, 0.04361441731452942, -0.00012323186092544347, 1.0, 0.9994181394577026, 0.03410666808485985, -4.860937406192534e-05, 1.0, 0.9999222159385681, 0.012476026080548763, -6.497032813967962e-07, 1.0, 0.9998199343681335, -0.01897612400352955, -0.00011777100007748231, 1.0, 0.9992302060127258, -0.03922847658395767, -0.00027330568991601467, 1.0, 0.9990591406822205, -0.04336607828736305, -0.00031485926592722535, 1.0, 0.9988304972648621, -0.04834846779704094, -0.0001130912933149375, 1.0, 0.999565064907074, -0.029489072039723396, -9.097236033994704e-05, 1.0, 0.9999757409095764, -0.006966667715460062, 9.726524876896292e-05, 1.0, 0.9999646544456482, 0.008406328037381172, 0.0004127648426219821, 1.0, 0.9999766945838928, 0.006815060973167419, 0.0002682616177480668, 1.0, 0.9999980926513672, -0.0019523323280736804, 6.760026008123532e-05, 1.0, 0.9999236464500427, -0.012356760911643505, -3.6921932178302086e-07, 1.0, 0.9996769428253174, -0.0254172645509243, 8.064480425673537e-06, 1.0, 0.999664843082428, -0.025892607867717743, 0.00016264140140265226, 1.0, 0.9999068379402161, -0.01364495325833559, -4.704497769125737e-05, 1.0, 0.9999995231628418, 0.0009532331023365259, -0.00010149804438697174, 1.0, 0.9999839663505554, -0.005662116222083569, 3.182530781487003e-05, 1.0, 0.9999761581420898, -0.0069012632593512535, -1.0052456673292909e-05, 1.0, 0.9998190999031067, -0.019017694517970085, -5.639358278131112e-07, 1.0, 0.999345064163208, -0.03618618845939636, 0.0001607192971277982, 1.0, 0.9993982911109924, -0.03468620777130127, 1.3280280199978733e-06, 1.0, 0.9998628497123718, -0.016560012474656105, -0.0001672616199357435, 1.0, 0.9999994039535522, -0.0010720909340307117, 1.568797233630903e-05, 1.0, 0.999592125415802, 0.028560398146510124, 6.806411693105474e-05, 1.0, 0.9989944696426392, 0.04483358934521675, 1.3503419040716835e-06, 1.0, 0.9991821646690369, 0.04043528437614441, -4.155177975917468e-06, 1.0, 0.9997102618217468, 0.02407016232609749, 4.295137841836549e-06, 1.0, 0.9997596144676208, 0.021924257278442383, 1.73444022948388e-05, 1.0, 0.9998661875724792, 0.01635720394551754, -1.4455637938226573e-05, 1.0, 0.9997120499610901, 0.02399580366909504, -8.779613563092425e-05, 1.0, 0.9994703531265259, 0.032542649656534195, -3.2609277695883065e-05, 1.0, 0.9994763135910034, 0.03235647827386856, -1.6744230379117653e-05, 1.0, 0.9996736645698547, 0.02554449252784252, 8.058095772867091e-06, 1.0, 0.9999111294746399, 0.01333479955792427, 0.00016657258674968034, 1.0, 0.9999887943267822, -0.004744738806039095, 5.61596461920999e-05, 1.0, 0.9998323917388916, -0.018311480060219765, 3.713658225024119e-05, 1.0, 0.9998278021812439, -0.018554097041487694, 1.109630261453276e-06, 1.0, 0.9997266530990601, -0.023379163816571236, -9.229726128978655e-05, 1.0, 0.9998716115951538, -0.01602363958954811, 7.001953576946107e-07, 1.0, 0.9999988675117493, -0.0014863174874335527, 2.294546902703587e-05, 1.0, 0.9999917149543762, 0.0040801591239869595, -8.718533354112878e-05, 1.0, 0.9999797940254211, -0.006345623638480902, -0.00013912278518546373, 1.0, 0.9998288750648499, -0.01848745159804821, -0.0006541095790453255, 1.0, 0.9997614026069641, -0.021842269226908684, -6.338774255709723e-05, 1.0, 0.9995479583740234, -0.030062973499298096, -1.680621790001169e-05, 1.0, 0.9993650913238525, -0.03562816604971886, -2.2955040549277328e-05, 1.0, 0.9997763633728027, -0.021143512800335884, 0.00010070014104712754, 1.0, 0.9999930262565613, -0.003753569908440113, 8.206665370380506e-05, 1.0, 0.999991238117218, -0.004178297705948353, 1.3160889466234948e-05, 1.0, 0.9999836087226868, -0.005713745020329952, 1.3393989320320543e-05, 1.0, 0.9999629855155945, -0.008599510416388512, -3.3477204851806164e-05, 1.0, 0.9996577501296997, -0.026158278807997704, -2.4683302399353124e-05, 1.0, 0.9997286796569824, -0.02329396829009056, -7.583398110000417e-05, 1.0, 0.9999459981918335, -0.010400482453405857, -5.1787188567686826e-05, 1.0, 0.9999901056289673, 0.004443496000021696, -2.1693951566703618e-05, 1.0, 0.9996629357337952, 0.025962376967072487, -0.00019429047824814916, 1.0, 0.9987976551055908, 0.04902290552854538, 2.0322655473137274e-05, 1.0, 0.9996688961982727, 0.025729602202773094, 9.26910615817178e-06, 1.0, 0.9998058676719666, 0.019704636186361313, -2.0210085494909436e-05, 1.0, 0.9998833537101746, 0.015271530486643314, -3.487936908186384e-07, 1.0, 0.9999498724937439, 0.01001752633601427, 8.120752681861632e-06, 1.0, 0.9997979998588562, 0.02010330557823181, -4.030696345580509e-06, 1.0, 0.9995723366737366, 0.02924277074635029, 7.328453648369759e-05, 1.0, 0.9995468258857727, 0.03010449931025505, -8.939211397773761e-07, 1.0, 0.9997619390487671, 0.021819258108735085, -5.6972159654833376e-05, 1.0, 0.9999395608901978, 0.01099149975925684, -8.672846888657659e-05, 1.0, 0.999994695186615, 0.003256554249674082, 9.226499969372526e-05, 1.0, 0.9999879002571106, -0.004930299241095781, 4.237161192577332e-05, 1.0, 0.9999496936798096, -0.010026554577052593, 4.5452714402927086e-05, 1.0, 0.9998977184295654, -0.014305058866739273, 8.241258910857141e-05, 1.0, 0.9999614953994751, -0.008768838830292225, 3.340636249049567e-05, 1.0, 0.9999874234199524, -0.005010418128222227, -1.3760515685135033e-05, 1.0, 0.9999999403953552, -0.00025815024855546653, -2.562028612373979e-06, 1.0, 0.9998892545700073, -0.014878862537443638, 8.568842167733237e-05, 1.0, 0.9995363354682922, -0.030448760837316513, -9.894190588966012e-05, 1.0, 0.9996281266212463, -0.027269626036286354, 4.6451736125163734e-05, 1.0]
            u0 (float, 194):  [0.5, 0.5, 0.6509605050086975, 0.5, 0.6565307974815369, 0.4688640832901001, 0.6444586515426636, 0.440163254737854, 0.6374857425689697, 0.40813493728637695, 0.6132296919822693, 0.3867703080177307, 0.5880752801895142, 0.36818599700927734, 0.5634342432022095, 0.3468562364578247, 0.5301241874694824, 0.34855562448501587, 0.5, 0.3357965350151062, 0.46941274404525757, 0.3462275266647339, 0.438310831785202, 0.35106921195983887, 0.4076131284236908, 0.36173325777053833, 0.3844052255153656, 0.384405255317688, 0.3669973611831665, 0.41113048791885376, 0.34898731112480164, 0.43744850158691406, 0.35301336646080017, 0.47076255083084106, 0.3431023955345154, 0.5, 0.3387643098831177, 0.5320717692375183, 0.34983205795288086, 0.562201589345932, 0.3692187964916229, 0.5873852074146271, 0.39150771498680115, 0.6084922850131989, 0.41361987590789795, 0.6292769908905029, 0.4399503171443939, 0.6449728012084961, 0.47045353055000305, 0.6485401391983032, 0.5, 0.6657395362854004, 0.5313535332679749, 0.6576249301433563, 0.56071537733078, 0.6465799510478973, 0.584784984588623, 0.626889705657959, 0.6096376180648804, 0.6096376180648804, 0.6302229762077332, 0.5870122313499451, 0.6404041647911072, 0.5581573247909546, 0.6522762179374695, 0.5302896201610565, 0.8069654703140259, 0.5, 0.8263428807258606, 0.43508636951446533, 0.818378210067749, 0.3681234121322632, 0.7345615029335022, 0.34327101707458496, 0.7057672739028931, 0.29423272609710693, 0.6894437074661255, 0.21647745370864868, 0.6079863905906677, 0.2392977476119995, 0.5584202408790588, 0.20630156993865967, 0.5, 0.17930543422698975, 0.437855064868927, 0.1875762939453125, 0.38649600744247437, 0.2259770631790161, 0.31448790431022644, 0.2223615050315857, 0.2659013569355011, 0.2659013271331787, 0.26563507318496704, 0.3434023857116699, 0.19416804611682892, 0.3733202815055847, 0.19820965826511383, 0.4399701952934265, 0.18423910439014435, 0.5, 0.18454769253730774, 0.5627473592758179, 0.19808471202850342, 0.6250573992729187, 0.21953541040420532, 0.6874004602432251, 0.29206186532974243, 0.7079381346702576, 0.3362411558628082, 0.7450824081897736, 0.3868115544319153, 0.7732611000537872, 0.442611426115036, 0.7885118871927261, 0.5, 0.8363937884569168, 0.5665819048881531, 0.8347297012805939, 0.6173826456069946, 0.7833867967128754, 0.682960569858551, 0.7738198488950729, 0.7379950284957886, 0.7379950284957886, 0.7838991284370422, 0.6896953582763672, 0.8095675706863403, 0.6282270848751068, 0.8157982230186462, 0.5628161728382111, 1.0109912157058716, 0.5, 0.9298397302627563, 0.41449958086013794, 0.9430915117263794, 0.31646549701690674, 0.8575088381767273, 0.2611202001571655, 0.8185398578643799, 0.18146014213562012, 0.7481204271316528, 0.12866151332855225, 0.6778360605239868, 0.07066571712493896, 0.5758155584335327, 0.11884939670562744, 0.5, 0.044509828090667725, 0.40934300422668457, 0.04423654079437256, 0.297965407371521, 0.012245357036590576, 0.22374878823757172, 0.08656084537506104, 0.208999365568161, 0.20899933576583862, 0.12696126103401184, 0.2507435083389282, 0.03398770093917847, 0.30697137117385864, 0.10652441531419754, 0.4217328429222107, -0.021004674956202507, 0.5, 0.11201078444719315, 0.5771758556365967, 0.04561464861035347, 0.6882125735282898, 0.10493707656860352, 0.7639726102352142, 0.12140212208032608, 0.8785978779196739, 0.25271764397621155, 0.8700841963291168, 0.3332296311855316, 0.9026193246245384, 0.4188515543937683, 0.9079607725143433, 0.5, 0.9309716522693634, 0.5852630138397217, 0.928645983338356, 0.6826246380805969, 0.9408948123455048, 0.739518940448761, 0.8584654480218887, 0.7941327691078186, 0.7941327542066574, 0.9335277080535889, 0.7896739691495895, 0.8685413599014282, 0.6526548266410828, 1.0248137712478638, 0.6043919324874878]
            tri (int, 480):  [0, 2, 1, 0, 3, 2, 0, 4, 3, 0, 5, 4, 0, 6, 5, 0, 7, 6, 0, 8, 7, 0, 9, 8, 0, 10, 9, 0, 11, 10, 0, 12, 11, 0, 13, 12, 0, 14, 13, 0, 15, 14, 0, 16, 15, 0, 17, 16, 0, 18, 17, 0, 19, 18, 0, 20, 19, 0, 21, 20, 0, 22, 21, 0, 23, 22, 0, 24, 23, 0, 25, 24, 0, 26, 25, 0, 27, 26, 0, 28, 27, 0, 29, 28, 0, 30, 29, 0, 31, 30, 0, 32, 31, 0, 1, 32, 1, 34, 33, 1, 2, 34, 2, 35, 34, 2, 3, 35, 3, 36, 35, 3, 4, 36, 4, 37, 36, 4, 5, 37, 5, 38, 37, 5, 6, 38, 6, 39, 38, 6, 7, 39, 7, 40, 39, 7, 8, 40, 8, 41, 40, 8, 9, 41, 9, 42, 41, 9, 10, 42, 10, 43, 42, 10, 11, 43, 11, 44, 43, 11, 12, 44, 12, 45, 44, 12, 13, 45, 13, 46, 45, 13, 14, 46, 14, 47, 46, 14, 15, 47, 15, 48, 47, 15, 16, 48, 16, 49, 48, 16, 17, 49, 17, 50, 49, 17, 18, 50, 18, 51, 50, 18, 19, 51, 19, 52, 51, 19, 20, 52, 20, 53, 52, 20, 21, 53, 21, 54, 53, 21, 22, 54, 22, 55, 54, 22, 23, 55, 23, 56, 55, 23, 24, 56, 24, 57, 56, 24, 25, 57, 25, 58, 57, 25, 26, 58, 26, 59, 58, 26, 27, 59, 27, 60, 59, 27, 28, 60, 28, 61, 60, 28, 29, 61, 29, 62, 61, 29, 30, 62, 30, 63, 62, 30, 31, 63, 31, 64, 63, 31, 32, 64, 32, 33, 64, 33, 32, 1, 33, 66, 65, 33, 34, 66, 34, 67, 66, 34, 35, 67, 35, 68, 67, 35, 36, 68, 36, 69, 68, 36, 37, 69, 37, 70, 69, 37, 38, 70, 38, 71, 70, 38, 39, 71, 39, 72, 71, 39, 40, 72, 40, 73, 72, 40, 41, 73, 41, 74, 73, 41, 42, 74, 42, 75, 74, 42, 43, 75, 43, 76, 75, 43, 44, 76, 44, 77, 76, 44, 45, 77, 45, 78, 77, 45, 46, 78, 46, 79, 78, 46, 47, 79, 47, 80, 79, 47, 48, 80, 48, 81, 80, 48, 49, 81, 49, 82, 81, 49, 50, 82, 50, 83, 82, 50, 51, 83, 51, 84, 83, 51, 52, 84, 52, 85, 84, 52, 53, 85, 53, 86, 85, 53, 54, 86, 54, 87, 86, 54, 55, 87, 55, 88, 87, 55, 56, 88, 56, 89, 88, 56, 57, 89, 57, 90, 89, 57, 58, 90, 58, 91, 90, 58, 59, 91, 59, 92, 91, 59, 60, 92, 60, 93, 92, 60, 61, 93, 61, 94, 93, 61, 62, 94, 62, 95, 94, 62, 63, 95, 63, 96, 95, 63, 64, 96, 64, 65, 96, 65, 64, 33]
            boundingsphere (float, 4):  [0.03930950164794922, 0.20629413425922394, 0.4835934638977051, 11.425475555797314]
            aabb:
                min (float, 3):  [-10.753536224365234, 0.0669882595539093, -9.100069046020508]
                max (float, 3):  [10.832155227661133, 0.3456000089645386, 10.067255973815918]
            material:
                shader (str, 1):  ['PdxMeshAdvanced']
                diff (str, 1):  ['air_winter_island_oceanic_phase_2_diff.dds']
                spec (str, 1):  ['air_winter_island_oceanic_spec.dds']
                n (str, 1):  ['air_winter_island_oceanic_n.dds']
locator:
