pdxasset (int, 2):  [1, 0]
object:
    air_winter_equatorial_rainforest_thaw_flood:
        mesh:
            p (float, 291):  [0.0, 0.19200000166893005, 0.0, 2.54512619972229, 0.12739591300487518, 0.0, 2.3723247051239014, 0.15081080794334412, 0.47188469767570496, 2.438225507736206, 0.16828979551792145, 1.0099459886550903, 2.078054666519165, 0.17394138872623444, 1.3885117769241333, 1.768996238708496, 0.16586065292358398, 1.768996238708496, 1.4172158241271973, 0.14677129685878754, 2.1210134029388428, 0.9879025220870972, 0.12310758233070374, 2.385007619857788, 0.5071842074394226, 0.10284563153982162, 2.5497872829437256, 1.599479842871081e-16, 0.09281494468450546, 2.6121487617492676, -0.4806930124759674, 0.09639647603034973, 2.416606903076172, -0.9992261528968811, 0.11238303035497665, 2.4123454093933105, -1.4312506914138794, 0.1353861689567566, 2.1420180797576904, -1.7721073627471924, 0.15765243768692017, 1.7721073627471924, -1.9927561283111572, 0.17167674005031586, 1.3315171003341675, -2.3039872646331787, 0.17273205518722534, 0.954342782497406, -2.426313638687134, 0.1604626476764679, 0.48262378573417664, -2.4712257385253906, 0.13900408148765564, 3.0263785756236706e-16, -2.5044329166412354, 0.1155891865491867, -0.4981626868247986, -2.2478368282318115, 0.09811019897460938, -0.9310844540596008, -2.031475782394409, 0.09245861321687698, -1.3573887348175049, -1.6933091878890991, 0.10053934901952744, -1.6933091878890991, -1.4386578798294067, 0.11962870508432388, -2.1531035900115967, -0.9925112724304199, 0.1432924121618271, -2.3961341381073, -0.51336669921875, 0.1635543704032898, -2.580868721008301, -4.623610869508772e-16, 0.17358505725860596, -2.5169765949249268, 0.4800785183906555, 0.1700035184621811, -2.413517713546753, 0.9346344470977783, 0.15401697158813477, -2.2564072608947754, 1.4367393255233765, 0.13101382553577423, -2.1502323150634766, 1.7177646160125732, 0.10874756425619125, -1.7177646160125732, 2.1674675941467285, 0.09472325444221497, -1.4482555389404297, 2.390056610107422, 0.09366794675588608, -0.9899939298629761, 2.4421043395996094, 0.10593734681606293, -0.485764741897583, 5.292881965637207, 0.08659591525793076, 0.0, 4.950799465179443, 0.11001081019639969, 0.9847752451896667, 4.377315044403076, 0.12748979032039642, 1.8131433725357056, 4.104976654052734, 0.1331413835287094, 2.7428576946258545, 3.3323826789855957, 0.12506064772605896, 3.3323826789855957, 2.541612148284912, 0.10597129166126251, 3.8037915229797363, 1.7786952257156372, 0.08230758458375931, 4.294150352478027, 1.0027886629104614, 0.0620456300675869, 5.041358947753906, 2.786972918713919e-16, 0.052014946937561035, 4.551472187042236, -0.9973294138908386, 0.055596478283405304, 5.013913631439209, -2.05509352684021, 0.07158303260803223, 4.961434364318848, -3.0632948875427246, 0.09458617120981216, 4.584544658660889, -3.4383580684661865, 0.11685243993997574, 3.4383580684661865, -4.541563034057617, 0.13087674975395203, 3.0345754623413086, -4.362856864929199, 0.13193204998970032, 1.8071545362472534, -5.34674596786499, 0.11966265738010406, 1.063533902168274, -4.591666221618652, 0.09820408374071121, 5.623169039575154e-16, -5.174227237701416, 0.07478918880224228, -1.0292178392410278, -4.49223518371582, 0.05731020122766495, -1.860744833946228, -4.538551330566406, 0.05165861174464226, -3.0325632095336914, -3.777559757232666, 0.05973934754729271, -3.777559757232666, -2.575549364089966, 0.07882870733737946, -3.854581832885742, -1.9819368124008179, 0.10249241441488266, -4.784818649291992, -0.9841375350952148, 0.12275436520576477, -4.947593688964844, -9.003074021092148e-16, 0.13278505206108093, -4.901044845581055, 0.9730215668678284, 0.12920352816581726, -4.891709804534912, 1.8779401779174805, 0.11321696639060974, -4.533748626708984, 2.9319114685058594, 0.0902138277888298, -4.38791561126709, 3.663811683654785, 0.06794755905866623, -3.663811683654785, 4.449168682098389, 0.05392325296998024, -2.97283935546875, 4.705238342285156, 0.05286794900894165, -1.9489736557006836, 4.48205041885376, 0.0651373490691185, -0.8915352821350098, 7.871727466583252, 0.049551498144865036, 0.0, 6.801420211791992, 0.05781558156013489, 1.3528865575790405, 6.626273155212402, 0.06398463249206543, 2.744692325592041, 5.5593037605285645, 0.06597931683063507, 3.7146079540252686, 5.377323150634766, 0.06312728673219681, 5.377323150634766, 4.426036357879639, 0.05638986825942993, 6.624032020568848, 2.592512369155884, 0.048037972301244736, 6.258878707885742, 1.3715208768844604, 0.04088669270277023, 6.895101070404053, 4.1741577176411027e-16, 0.037346452474594116, 6.8169169425964355, -1.3468444347381592, 0.03861052170395851, 6.7710442543029785, -2.462333917617798, 0.04425283521413803, 5.944599628448486, -4.384151458740234, 0.052371591329574585, 6.561346054077148, -4.510298728942871, 0.06023027375340462, 4.510298728942871, -5.330280780792236, 0.06518002599477768, 3.561579704284668, -6.843440055847168, 0.0655524879693985, 2.8346457481384277, -6.774681091308594, 0.06122211366891861, 1.3475679159164429, -6.490322113037109, 0.05364850163459778, 7.948352300940237e-16, -6.657778739929199, 0.04538441821932793, -1.3243144750595093, -6.130728721618652, 0.039215367287397385, -2.539430856704712, -6.458119869232178, 0.03722068667411804, -4.315177917480469, -4.98239803314209, 0.04007270932197571, -4.98239803314209, -3.5133891105651855, 0.04681013152003288, -5.2581586837768555, -2.7873477935791016, 0.05516202747821808, -6.729252815246582, -1.4290207624435425, 0.06231330707669258, -7.184172630310059, -1.1967833332083232e-15, 0.065853551030159, -6.514985084533691, 1.2626323699951172, 0.0645894780755043, -6.347681522369385, 2.8415870666503906, 0.05894716456532478, -6.860198020935059, 4.2899932861328125, 0.05082840844988823, -6.42042875289917, 5.7487287521362305, 0.042969729751348495, -5.7487287521362305, 5.768181800842285, 0.038019973784685135, -3.8541758060455322, 6.699700355529785, 0.037647511810064316, -2.775106906890869, 7.9357428550720215, 0.041977886110544205, -1.5785174369812012]
            n (float, 291):  [-0.0002726665697991848, 0.9999999403953552, -0.0002645014610607177, 0.01972137577831745, 0.9990895986557007, -0.03783015161752701, 0.022899135947227478, 0.9992590546607971, -0.030935414135456085, 0.020099371671676636, 0.9997251629829407, -0.012070858851075172, 0.008058037608861923, 0.9999247193336487, 0.009248889051377773, -0.006873202510178089, 0.9996107816696167, 0.0270377229899168, -0.019106218591332436, 0.999194860458374, 0.03527921810746193, -0.022691382095217705, 0.9991640448570251, 0.034006182104349136, -0.01924842596054077, 0.9993662238121033, 0.02994406968355179, -0.007559098303318024, 0.9995977878570557, 0.027330761775374413, 0.012377084232866764, 0.9994001984596252, 0.03234308212995529, 0.023060297593474388, 0.9992019534111023, 0.03261419013142586, 0.018033279106020927, 0.9992713332176208, 0.03363875672221184, 0.009869826957583427, 0.9994800686836243, 0.030697446316480637, -0.0022547661792486906, 0.9998612403869629, 0.016501791775226593, -0.014637869782745838, 0.9998856782913208, -0.003787594148889184, -0.01917283795773983, 0.9994763135910034, -0.026068035513162613, -0.019452426582574844, 0.9991023540496826, -0.03763243183493614, -0.014648285694420338, 0.99921053647995, -0.03692904859781265, -0.01745276153087616, 0.9993779063224792, -0.03064529038965702, -0.023394782096147537, 0.999646782875061, -0.012606827542185783, -0.03723585978150368, 0.9993046522140503, -0.0018992292461916804, -0.042803503572940826, 0.9990805983543396, 0.002419100608676672, -0.04168868437409401, 0.9991291165351868, -0.0017282943008467555, -0.025139160454273224, 0.9996429085731506, -0.009057699702680111, -0.004128586035221815, 0.9999216794967651, -0.011815099976956844, 0.019309939816594124, 0.999775230884552, -0.00874823797494173, 0.03486451506614685, 0.9993884563446045, -0.002694669645279646, 0.039825353771448135, 0.9991955161094666, 0.004716768860816956, 0.0398448184132576, 0.9992024898529053, 0.002612558426335454, 0.025781404227018356, 0.9996518492698669, -0.005610422231256962, 0.022818122059106827, 0.9996379017829895, -0.014260568656027317, 0.0210137777030468, 0.9992340803146362, -0.03301236033439636, 0.014520549215376377, 0.9997656941413879, -0.01605713739991188, 0.02270854264497757, 0.9996837973594666, -0.010798687115311623, 0.024428578093647957, 0.9997007846832275, -0.0012156886514276266, 0.02040630206465721, 0.9996984601020813, 0.013662761077284813, 0.006021515000611544, 0.9997400641441345, 0.021989839151501656, -0.00892852246761322, 0.9995858669281006, 0.02735782228410244, -0.012676968239247799, 0.9996320605278015, 0.023980166763067245, -0.00911150872707367, 0.9998418688774109, 0.015274012461304665, -0.004297788254916668, 0.999865710735321, 0.015812519937753677, 0.008492643013596535, 0.9998435974121094, 0.015513717196881771, 0.0130213163793087, 0.9996280670166016, 0.023964138701558113, 0.00038151885382831097, 0.999732255935669, 0.02313670702278614, -0.005205183755606413, 0.9995813965797424, 0.02845761738717556, -0.021219125017523766, 0.9993444085121155, 0.029335441067814827, -0.02130792662501335, 0.9997656345367432, 0.003830521833151579, -0.028484903275966644, 0.999506950378418, -0.013211033307015896, -0.020472301170229912, 0.9994440674781799, -0.026313595473766327, -0.014078103937208652, 0.9997538924217224, -0.017148027196526527, -0.009538087993860245, 0.9998233318328857, -0.016198860481381416, -0.010478376410901546, 0.9999394416809082, -0.0033652768470346928, -0.01355436909943819, 0.9998940825462341, -0.005307138431817293, -0.03041468933224678, 0.9995355606079102, -0.0019009641837328672, -0.02970075234770775, 0.9995157718658447, -0.00927796121686697, -0.012995906174182892, 0.9997115135192871, -0.02019921876490116, 0.0008256607106886804, 0.9996377229690552, -0.026900822296738625, 0.010784401558339596, 0.9996165037155151, -0.025505131110548973, 0.02033546008169651, 0.9997097849845886, -0.012919846922159195, 0.02215276099741459, 0.9997486472129822, -0.0034676629584282637, 0.02133242040872574, 0.999768853187561, 0.002696109004318714, 0.013987102545797825, 0.9999020099639893, -0.000538166263140738, 0.00976550579071045, 0.9999261498451233, -0.007233666256070137, 0.011269993148744106, 0.9996938109397888, -0.022028332576155663, 0.01262198481708765, 0.9998739957809448, -0.009626628831028938, 0.023942288011312485, 0.9997126460075378, -0.0011846097186207771, 0.028011281043291092, 0.9995861649513245, 0.00655698124319315, 0.02556925266981125, 0.9995583891868591, 0.015140431001782417, 0.011082034558057785, 0.9997783303260803, 0.01789935864508152, -0.0016813301481306553, 0.9997753500938416, 0.0211261548101902, -0.007635627407580614, 0.9997671246528625, 0.02018541842699051, -0.005523920990526676, 0.999907910823822, 0.012394526042044163, -0.0023885625414550304, 0.999958336353302, 0.00881034042686224, 0.0033189919777214527, 0.9999212026596069, 0.012109833769500256, 0.008683513849973679, 0.9996525049209595, 0.02488609403371811, -0.00532631715759635, 0.9997358322143555, 0.022354241460561752, -0.024303194135427475, 0.9993371963500977, 0.027102407068014145, -0.02773468568921089, 0.999091625213623, 0.032352324575185776, -0.030236927792429924, 0.9994712471961975, 0.011957671493291855, -0.03140309453010559, 0.999480128288269, -0.007288758642971516, -0.027373027056455612, 0.9994851350784302, -0.016738222911953926, -0.015300263650715351, 0.9998080730438232, -0.01223344448953867, -0.008934724144637585, 0.9999259114265442, -0.008260972797870636, -0.007879508659243584, 0.9999642968177795, -0.0030407465528696775, -0.008734112605452538, 0.9999414086341858, -0.006392173934727907, -0.02317877486348152, 0.9996984004974365, -0.008121038787066936, -0.023396361619234085, 0.9996100664138794, -0.015244522131979465, -0.008637418039143085, 0.9996312856674194, -0.025742774829268456, 0.004823442082852125, 0.9992959499359131, -0.03720588609576225, 0.00630992790684104, 0.9993792176246643, -0.0346594862639904, 0.01258003804832697, 0.9997469782829285, -0.018645115196704865, 0.01549271959811449, 0.999854326248169, -0.007163018919527531, 0.015075752511620522, 0.9998862743377686, -0.0005103125004097819, 0.011422280222177505, 0.999934732913971, 4.681791779148625e-06, 0.005645755212754011, 0.9999586939811707, -0.007123358082026243, 0.0067114750854671, 0.9999029636383057, -0.012213087640702724]
            ta (float, 388):  [0.9999999403953552, 0.0002726662205532193, -5.612710296531986e-09, 1.0, 0.9998052716255188, -0.019736623391509056, -2.9573862775578164e-05, 1.0, 0.9997374415397644, -0.02291283570230007, -8.847733988659456e-05, 1.0, 0.9997978806495667, -0.020101454108953476, -5.1379094657022506e-05, 1.0, 0.9999675750732422, -0.008058345876634121, -3.880197709804634e-06, 1.0, 0.999976396560669, 0.006877039559185505, -4.889526462648064e-05, 1.0, 0.9998170733451843, 0.019124090671539307, -0.0001692269288469106, 1.0, 0.9997420310974121, 0.02271086722612381, -0.0001868516264948994, 1.0, 0.9998145699501038, 0.01925908401608467, -6.752805347787216e-05, 1.0, 0.9999713897705078, 0.007563727907836437, -6.597104948014021e-05, 1.0, 0.9999234080314636, -0.012384896166622639, 4.113957766094245e-05, 1.0, 0.999733567237854, -0.023079417645931244, 0.00020993196812923998, 1.0, 0.9998371601104736, -0.018048714846372604, 0.00015526509378105402, 1.0, 0.999951183795929, -0.00987752340734005, 9.912777022691444e-05, 1.0, 0.9999973773956299, 0.0022549109999090433, 9.817079444474075e-06, 1.0, 0.9998929500579834, 0.014638004824519157, 7.462736903107725e-06, 1.0, 0.9998160004615784, 0.019180359318852425, 3.85782950615976e-05, 1.0, 0.999810516834259, 0.019467437639832497, 3.248372740927152e-05, 1.0, 0.99989253282547, 0.01465796958655119, -8.544473530491814e-06, 1.0, 0.9998475909233093, 0.017459234222769737, -5.637577487505041e-05, 1.0, 0.9997262954711914, 0.023396752774715424, 8.759633601584937e-06, 1.0, 0.9993065595626831, 0.03723594546318054, 8.513486136507709e-06, 1.0, 0.9990834593772888, 0.04280368983745575, -2.56175990216434e-05, 1.0, 0.9991306662559509, 0.04168875887989998, 5.919031991652446e-06, 1.0, 0.9996839165687561, 0.025140641257166862, 4.995365452487022e-05, 1.0, 0.9999914765357971, 0.004128844011574984, -2.591336397017585e-06, 1.0, 0.9998135566711426, -0.01931086741387844, -2.1396999727585353e-05, 1.0, 0.999392032623291, -0.03486468270421028, -1.538511787657626e-05, 1.0, 0.9992066025733948, -0.0398259162902832, 2.6254036129103042e-05, 1.0, 0.9992058873176575, -0.03984497860074043, 8.850190170051064e-06, 1.0, 0.9996675252914429, -0.02578185498714447, -7.876367817516439e-06, 1.0, 0.9997396469116211, -0.022820450365543365, -4.908153528049297e-07, 1.0, 0.9997789859771729, -0.02102459967136383, 1.9223476556362584e-05, 1.0, 0.9998945593833923, -0.014522286131978035, 8.345829883182887e-06, 1.0, 0.9997420907020569, -0.022709975019097328, -9.73965143202804e-06, 1.0, 0.9997016191482544, -0.0244285985827446, -4.670280304708285e-07, 1.0, 0.9997916221618652, -0.02040882594883442, 4.5602810132550076e-05, 1.0, 0.9999818205833435, -0.006022162735462189, -3.678255598060787e-05, 1.0, 0.9999600648880005, 0.008932034485042095, -6.211600521055516e-06, 1.0, 0.9999196529388428, 0.012680317275226116, 1.2437900295481086e-05, 1.0, 0.9999584555625916, 0.00911262072622776, -3.2783591450424865e-06, 1.0, 0.9999907612800598, 0.004298275336623192, 3.1685424346505897e-06, 1.0, 0.9999638199806213, -0.008493755012750626, 5.879409400222357e-06, 1.0, 0.9999151229858398, -0.013025295920670033, 1.0004234354710206e-05, 1.0, 1.0, -0.00038038718048483133, -5.3311563533497974e-05, 1.0, 0.9999865293502808, 0.005205489695072174, 6.337391096167266e-05, 1.0, 0.9997739791870117, 0.021248232573270798, -0.0006807587342336774, 1.0, 0.9997729659080505, 0.02130807749927044, 1.1126272738692933e-06, 1.0, 0.9995941519737244, 0.028487028554081917, -2.721655800996814e-05, 1.0, 0.9997903108596802, 0.02047838643193245, -3.8214100641198456e-05, 1.0, 0.9999008774757385, 0.014080091379582882, -4.815473857888719e-06, 1.0, 0.9999545216560364, 0.009539135731756687, -1.2542802323878277e-05, 1.0, 0.9999451637268066, 0.01047843974083662, 9.518083174953063e-07, 1.0, 0.9999082088470459, 0.013554565608501434, 9.94313154478732e-07, 1.0, 0.9995374083518982, 0.03041473776102066, -2.2749795789422933e-06, 1.0, 0.9995588064193726, 0.029701946303248405, -9.14184875000501e-06, 1.0, 0.9999154806137085, 0.0129990354180336, 2.3601349312230013e-05, 1.0, 0.9999995827674866, -0.0008235426503233612, 8.979524136520922e-05, 1.0, 0.9999418258666992, -0.010791528038680553, -0.00014175324758980423, 1.0, 0.9997931718826294, -0.020337458699941635, -2.337459591217339e-05, 1.0, 0.9997545480728149, -0.02215292677283287, -9.877041520667262e-06, 1.0, 0.9997724294662476, -0.021332498639822006, 7.899112119957863e-07, 1.0, 0.9999021291732788, -0.0139871034771204, -1.3221657013673394e-07, 1.0, 0.9999522566795349, -0.009765747003257275, 1.922404408105649e-06, 1.0, 0.9999364614486694, -0.011272246018052101, 2.1951496819383465e-05, 1.0, 0.9999203085899353, -0.012622729875147343, -1.675762905506417e-05, 1.0, 0.9997133016586304, -0.02394230291247368, 1.213437144542695e-06, 1.0, 0.9996076226234436, -0.028011729940772057, -2.2957809051149525e-05, 1.0, 0.9996730089187622, -0.02557201124727726, -1.1520933185238391e-05, 1.0, 0.9999385476112366, -0.011084463447332382, 3.650311555247754e-05, 1.0, 0.9999986290931702, 0.0016802382888272405, 6.945153290871531e-05, 1.0, 0.9999709129333496, 0.007636830676347017, 1.7464237316744402e-05, 1.0, 0.9999846816062927, 0.005523742642253637, 4.862968125962652e-05, 1.0, 0.9999971389770508, 0.002388626104220748, 3.3149199225590564e-06, 1.0, 0.9999945163726807, -0.003318680450320244, -4.584799171425402e-05, 1.0, 0.9999622106552124, -0.00868618581444025, -7.056993354126462e-07, 1.0, 0.9999858140945435, 0.005327312275767326, 1.5055652511364315e-05, 1.0, 0.9997044205665588, 0.024312658235430717, -1.964020702871494e-05, 1.0, 0.9996144771575928, 0.02776142582297325, -0.00037743436405435205, 1.0, 0.9995427131652832, 0.030238373205065727, 5.99183767917566e-05, 1.0, 0.9995067119598389, 0.0314045287668705, 8.194612746592611e-05, 1.0, 0.9996250867843628, 0.027377089485526085, 1.3659212527272757e-05, 1.0, 0.9998829364776611, 0.015301836654543877, 3.490343442535959e-05, 1.0, 0.9999600648880005, 0.008935070596635342, 4.876474577031331e-06, 1.0, 0.999968945980072, 0.007879525423049927, -6.401277005352313e-06, 1.0, 0.9999618530273438, 0.008734209463000298, -1.2802820492652245e-05, 1.0, 0.9997313618659973, 0.02317950874567032, -3.7594782043015584e-06, 1.0, 0.9997261762619019, 0.02339817024767399, -5.9546651755226776e-05, 1.0, 0.9999626278877258, 0.008637797087430954, -9.64548162301071e-05, 1.0, 0.999988317489624, -0.004828077740967274, -3.473203832982108e-05, 1.0, 0.9999800324440002, -0.006312831304967403, 2.567306364653632e-05, 1.0, 0.9999208450317383, -0.01258032489567995, 0.00010194523201789707, 1.0, 0.9998800158500671, -0.015492890030145645, 3.166535680065863e-05, 1.0, 0.9998863935470581, -0.01507575437426567, 2.665156671355362e-06, 1.0, 0.9999346733093262, -0.01142228115350008, 1.5824016941223817e-07, 1.0, 0.999984085559845, -0.005645869765430689, 4.040335625177249e-06, 1.0, 0.9999775290489197, -0.006712245289236307, -2.2116566469776444e-05, 1.0]
            u0 (float, 194):  [0.5, 0.5, 0.659970223903656, 0.5, 0.6491090059280396, 0.470340371131897, 0.6532511115074158, 0.4365212917327881, 0.6306131482124329, 0.41272711753845215, 0.6111876964569092, 0.3888123035430908, 0.5890770554542542, 0.36668676137924194, 0.562093198299408, 0.3500937819480896, 0.5318783521652222, 0.33973681926727295, 0.5, 0.3358171582221985, 0.46978673338890076, 0.3481076955795288, 0.4371950924396515, 0.34837549924850464, 0.41004079580307007, 0.3653665781021118, 0.38861677050590515, 0.38861674070358276, 0.37474820017814636, 0.4163094162940979, 0.35518622398376465, 0.44001615047454834, 0.3474975824356079, 0.46966540813446045, 0.344674676656723, 0.5, 0.34258750081062317, 0.5313113033771515, 0.3587154746055603, 0.558521956205368, 0.3723145127296448, 0.5853167176246643, 0.3935694992542267, 0.6064305007457733, 0.4095752537250519, 0.6353302001953125, 0.43761715292930603, 0.6506055295467377, 0.46773308515548706, 0.6622167527675629, 0.5, 0.6582009196281433, 0.5301746129989624, 0.6516981422901154, 0.5587450861930847, 0.6418232023715973, 0.5903041958808899, 0.635149747133255, 0.6079676151275635, 0.6079676151275635, 0.6362330317497253, 0.5910280048847198, 0.6502235531806946, 0.5622246265411377, 0.6534949541091919, 0.530532032251358, 0.8326764106750488, 0.5, 0.8111753463745117, 0.4381033778190613, 0.7751297950744629, 0.38603752851486206, 0.7580123543739319, 0.32760167121887207, 0.7094520926475525, 0.2905479073524475, 0.6597493290901184, 0.26091820001602173, 0.6117973327636719, 0.23009741306304932, 0.5630288124084473, 0.18313270807266235, 0.5, 0.21392381191253662, 0.43731430172920227, 0.18485772609710693, 0.37083008885383606, 0.18815624713897705, 0.30746105313301086, 0.21184509992599487, 0.28388699889183044, 0.28388696908950806, 0.21454663574695587, 0.3092661499977112, 0.2257789522409439, 0.38641393184661865, 0.1639380306005478, 0.43315309286117554, 0.21139748394489288, 0.5, 0.1747814267873764, 0.5646899938583374, 0.21764706075191498, 0.6169544160366058, 0.21473592519760132, 0.6906073689460754, 0.2625669538974762, 0.7374330461025238, 0.3381175696849823, 0.7422741651535034, 0.3754282295703888, 0.8007428497076035, 0.43814346194267273, 0.8109738230705261, 0.5, 0.8080480843782425, 0.5611578822135925, 0.8074613362550735, 0.6180351972579956, 0.7849622070789337, 0.684281051158905, 0.7757960855960846, 0.7302835583686829, 0.7302835583686829, 0.7796460390090942, 0.6868535280227661, 0.7957409620285034, 0.6224999129772186, 0.7817127704620361, 0.5560361444950104, 0.9947659969329834, 0.5, 0.9274933934211731, 0.41496628522872925, 0.9164847731590271, 0.3274863362312317, 0.8494219779968262, 0.26652371883392334, 0.8379838466644287, 0.1620161533355713, 0.7781921029090881, 0.08365607261657715, 0.6629486083984375, 0.10660725831985474, 0.5862049460411072, 0.06661844253540039, 0.5, 0.07153254747390747, 0.41534605622291565, 0.07441580295562744, 0.3452335596084595, 0.12636077404022217, 0.22444051504135132, 0.08759605884552002, 0.21651171147823334, 0.21651172637939453, 0.1649729162454605, 0.27614206075668335, 0.06986548751592636, 0.32183247804641724, 0.07418722659349442, 0.41530054807662964, 0.09206020832061768, 0.5, 0.0815349742770195, 0.5832378566265106, 0.11466193944215775, 0.659612238407135, 0.0940842255949974, 0.771224245429039, 0.18683859705924988, 0.8131614029407501, 0.27917101979255676, 0.8304939270019531, 0.32480528950691223, 0.9229574277997017, 0.4101809561252594, 0.9515507705509663, 0.5, 0.9094899594783783, 0.5793609023094177, 0.8989743366837502, 0.6786038279533386, 0.9311878010630608, 0.7696413397789001, 0.9035467430949211, 0.8613280057907104, 0.8613280206918716, 0.8625507354736328, 0.7422486543655396, 0.9210999608039856, 0.674425333738327, 0.9987896084785461, 0.5992154181003571]
            tri (int, 480):  [0, 2, 1, 0, 3, 2, 0, 4, 3, 0, 5, 4, 0, 6, 5, 0, 7, 6, 0, 8, 7, 0, 9, 8, 0, 10, 9, 0, 11, 10, 0, 12, 11, 0, 13, 12, 0, 14, 13, 0, 15, 14, 0, 16, 15, 0, 17, 16, 0, 18, 17, 0, 19, 18, 0, 20, 19, 0, 21, 20, 0, 22, 21, 0, 23, 22, 0, 24, 23, 0, 25, 24, 0, 26, 25, 0, 27, 26, 0, 28, 27, 0, 29, 28, 0, 30, 29, 0, 31, 30, 0, 32, 31, 0, 1, 32, 1, 34, 33, 1, 2, 34, 2, 35, 34, 2, 3, 35, 3, 36, 35, 3, 4, 36, 4, 37, 36, 4, 5, 37, 5, 38, 37, 5, 6, 38, 6, 39, 38, 6, 7, 39, 7, 40, 39, 7, 8, 40, 8, 41, 40, 8, 9, 41, 9, 42, 41, 9, 10, 42, 10, 43, 42, 10, 11, 43, 11, 44, 43, 11, 12, 44, 12, 45, 44, 12, 13, 45, 13, 46, 45, 13, 14, 46, 14, 47, 46, 14, 15, 47, 15, 48, 47, 15, 16, 48, 16, 49, 48, 16, 17, 49, 17, 50, 49, 17, 18, 50, 18, 51, 50, 18, 19, 51, 19, 52, 51, 19, 20, 52, 20, 53, 52, 20, 21, 53, 21, 54, 53, 21, 22, 54, 22, 55, 54, 22, 23, 55, 23, 56, 55, 23, 24, 56, 24, 57, 56, 24, 25, 57, 25, 58, 57, 25, 26, 58, 26, 59, 58, 26, 27, 59, 27, 60, 59, 27, 28, 60, 28, 61, 60, 28, 29, 61, 29, 62, 61, 29, 30, 62, 30, 63, 62, 30, 31, 63, 31, 64, 63, 31, 32, 64, 32, 33, 64, 33, 32, 1, 33, 66, 65, 33, 34, 66, 34, 67, 66, 34, 35, 67, 35, 68, 67, 35, 36, 68, 36, 69, 68, 36, 37, 69, 37, 70, 69, 37, 38, 70, 38, 71, 70, 38, 39, 71, 39, 72, 71, 39, 40, 72, 40, 73, 72, 40, 41, 73, 41, 74, 73, 41, 42, 74, 42, 75, 74, 42, 43, 75, 43, 76, 75, 43, 44, 76, 44, 77, 76, 44, 45, 77, 45, 78, 77, 45, 46, 78, 46, 79, 78, 46, 47, 79, 47, 80, 79, 47, 48, 80, 48, 81, 80, 48, 49, 81, 49, 82, 81, 49, 50, 82, 50, 83, 82, 50, 51, 83, 51, 84, 83, 51, 52, 84, 52, 85, 84, 52, 53, 85, 53, 86, 85, 53, 54, 86, 54, 87, 86, 54, 55, 87, 55, 88, 87, 55, 56, 88, 56, 89, 88, 56, 57, 89, 57, 90, 89, 57, 58, 90, 58, 91, 90, 58, 59, 91, 59, 92, 91, 59, 60, 92, 60, 93, 92, 60, 61, 93, 61, 94, 93, 61, 62, 94, 62, 95, 94, 62, 63, 95, 63, 96, 95, 63, 64, 96, 64, 65, 96, 65, 64, 33]
            boundingsphere (float, 4):  [0.5461513996124268, 0.11461034417152405, -0.14453577995300293, 8.323497514594415]
            aabb:
                min (float, 3):  [-6.843440055847168, 0.03722068667411804, -7.184172630310059]
                max (float, 3):  [7.9357428550720215, 0.19200000166893005, 6.895101070404053]
            material:
                shader (str, 1):  ['PdxMeshAlphaBlend']
                diff (str, 1):  ['air_winter_equatorial_rainforest_thaw_flood_diff.dds']
                spec (str, 1):  ['air_winter_equatorial_rainforest_thaw_flood_spec.dds']
                n (str, 1):  ['air_winter_equatorial_rainforest_thaw_flood_n.dds']
locator:
