pdxasset (int, 2):  [1, 0]
object:
    air_winter_polar_subpolar_phase_3:
        mesh:
            p (float, 291):  [0.0, 0.37439998984336853, 0.0, 3.085022211074829, 0.18036417663097382, 0.0, 3.2699460983276367, 0.19674719870090485, 0.6504327654838562, 3.0284230709075928, 0.2343626320362091, 1.2544139623641968, 2.8306884765625, 0.28053179383277893, 1.8914055824279785, 2.4197821617126465, 0.31969285011291504, 2.4197821617126465, 1.8446521759033203, 0.33864614367485046, 2.7607171535491943, 1.283270239830017, 0.3310032784938812, 3.098088502883911, 0.6400790214538574, 0.2993403673171997, 3.2178945541381836, 2.0042963436519185e-16, 0.25432971119880676, 3.273264169692993, -0.6640122532844543, 0.2111426591873169, 3.3382151126861572, -1.2846662998199463, 0.1843358725309372, 3.101458787918091, -1.7834208011627197, 0.18294484913349152, 2.6690778732299805, -2.414576530456543, 0.20743845403194427, 2.414576530456543, -2.6091537475585938, 0.2495608776807785, 1.7433807849884033, -3.1237661838531494, 0.29511427879333496, 1.293906331062317, -3.3249781131744385, 0.32874438166618347, 0.6613792777061462, -3.181943893432617, 0.33911582827568054, 3.8967573390910756e-16, -3.1055736541748047, 0.3227328062057495, -0.6177369952201843, -2.94827938079834, 0.28511735796928406, -1.2212172746658325, -2.7113428115844727, 0.23894821107387543, -1.8116613626480103, -2.2612802982330322, 0.1997871696949005, -2.2612802982330322, -1.716240644454956, 0.1808338612318039, -2.568535804748535, -1.2059540748596191, 0.18847672641277313, -2.911430597305298, -0.662811815738678, 0.22013963758945465, -3.3321800231933594, -6.018078563595566e-16, 0.2651502788066864, -3.2760894298553467, 0.6061809062957764, 0.30833733081817627, -3.0474772453308105, 1.1953073740005493, 0.33514413237571716, -2.8857274055480957, 1.7644163370132446, 0.33653515577316284, -2.6406357288360596, 2.4236834049224854, 0.3120415508747101, -2.4236834049224854, 2.8608837127685547, 0.26991912722587585, -1.9115813970565796, 2.849900960922241, 0.2243657261133194, -1.1804676055908203, 3.1841659545898438, 0.1907356232404709, -0.6333699822425842, 6.924136161804199, 0.1008041724562645, 0.0, 5.764800548553467, 0.11718720197677612, 1.1466901302337646, 6.1358771324157715, 0.15480263531208038, 2.5415635108947754, 4.908925533294678, 0.200971782207489, 3.280039072036743, 4.743670463562012, 0.24013283848762512, 4.743670463562012, 3.6988210678100586, 0.25908613204956055, 5.535676956176758, 2.62902569770813, 0.2514432668685913, 6.347029685974121, 1.2469229698181152, 0.2197803556919098, 6.268704891204834, 3.897047712573306e-16, 0.17476971447467804, 6.364361763000488, -1.298472285270691, 0.13158266246318817, 6.52786111831665, -2.3794829845428467, 0.10477586835622787, 5.744580268859863, -3.6428966522216797, 0.1033848449587822, 5.451980113983154, -4.7848219871521, 0.12787845730781555, 4.7848219871521, -5.145911693572998, 0.1700008660554886, 3.4383883476257324, -6.358438491821289, 0.21555426716804504, 2.633751392364502, -6.968857288360596, 0.24918438494205475, 1.3861918449401855, -6.237393379211426, 0.2595558166503906, 7.638603469436772e-16, -6.26289701461792, 0.2431727945804596, -1.245767593383789, -6.205312728881836, 0.20555736124515533, -2.570324659347534, -4.969752788543701, 0.1593882143497467, -3.3206827640533447, -5.058197021484375, 0.12022716552019119, -5.058197021484375, -3.620487689971924, 0.10127385705709457, -5.418442726135254, -2.707847833633423, 0.10891672223806381, -6.537322521209717, -1.3520596027374268, 0.14057964086532593, -6.797262191772461, -1.2334226962538736e-15, 0.18559028208255768, -6.714440822601318, 1.1868160963058472, 0.22877733409404755, -5.966527462005615, 2.339228868484497, 0.25558412075042725, -5.647398471832275, 3.8065526485443115, 0.2569751441478729, -5.696908950805664, 4.474322319030762, 0.23248153924942017, -4.474322319030762, 5.067327499389648, 0.19035913050174713, -3.3858799934387207, 5.973564624786377, 0.14480572938919067, -2.4743313789367676, 6.432946681976318, 0.11117561906576157, -1.2795926332473755, 8.764337539672852, 0.07260499894618988, 0.0, 8.96945571899414, 0.07838724553585052, 1.7841356992721558, 9.282349586486816, 0.09166328608989716, 3.8448750972747803, 9.093660354614258, 0.10795827955007553, 6.076189994812012, 6.3743510246276855, 0.12177982181310654, 6.3743510246276855, 4.922123432159424, 0.12846922874450684, 7.366477966308594, 4.018969535827637, 0.12577174603939056, 9.70265007019043, 1.9093430042266846, 0.11459659785032272, 9.598915100097656, 6.202343169732451e-16, 0.09871048480272293, 10.129195213317871, -2.0211877822875977, 0.083467997610569, 10.1611967086792, -4.010571479797363, 0.07400677353143692, 9.68237590789795, -4.458438873291016, 0.07351583242416382, 6.672525405883789, -6.152341365814209, 0.08216063678264618, 6.152341365814209, -7.277838706970215, 0.09702736884355545, 4.86289644241333, -8.236594200134277, 0.11310503631830215, 3.4117090702056885, -10.011818885803223, 0.12497448921203613, 1.9914746284484863, -8.99272632598877, 0.1286350041627884, 1.1012912739545968e-15, -10.177876472473145, 0.12285275012254715, -2.024505376815796, -7.986522197723389, 0.10957671701908112, -3.3081259727478027, -6.8218255043029785, 0.09328172355890274, -4.558197975158691, -6.191422462463379, 0.07946017384529114, -6.191422462463379, -5.944282054901123, 0.07277077436447144, -8.896246910095215, -3.9892654418945312, 0.07546825706958771, -9.630938529968262, -2.1374168395996094, 0.08664340525865555, -10.745519638061523, -1.5253787536673147e-15, 0.10252951085567474, -8.3037748336792, 1.8185125589370728, 0.11777199804782867, -9.142279624938965, 3.803994655609131, 0.12723322212696075, -9.183655738830566, 5.151723384857178, 0.12772417068481445, -7.710098743438721, 6.2968363761901855, 0.11907936632633209, -6.2968363761901855, 7.932140827178955, 0.10421263426542282, -5.300086975097656, 7.582739353179932, 0.08813496679067612, -3.140873432159424, 10.027095794677734, 0.07626551389694214, -1.9945133924484253]
            n (float, 291):  [-4.1370050894329324e-05, 0.9999997615814209, -0.0006982613704167306, 0.04611813277006149, 0.9989235997200012, -0.004969023633748293, 0.04435301199555397, 0.9986103177070618, -0.028464999049901962, 0.05348874628543854, 0.9978290796279907, -0.03842077776789665, 0.05383724719285965, 0.9980707764625549, -0.0309250820428133, 0.04195467382669449, 0.9990387558937073, -0.012705683708190918, 0.015183546580374241, 0.9998360276222229, 0.009863968938589096, -0.017121944576501846, 0.9995006918907166, 0.026553183794021606, -0.04612668231129646, 0.9983816146850586, 0.03326341509819031, -0.05375099927186966, 0.998063325881958, 0.031312014907598495, -0.04881751909852028, 0.9984623193740845, 0.02626330405473709, -0.035935353487730026, 0.9989380240440369, 0.028835171833634377, -0.00969872809946537, 0.9988425970077515, 0.047110963612794876, 0.003734974656254053, 0.9987142086029053, 0.050556935369968414, 0.0034263459965586662, 0.9977816343307495, 0.06648308038711548, 0.0003828615590464324, 0.9982143640518188, 0.05973212420940399, -0.013159951195120811, 0.9995793700218201, 0.025844240561127663, -0.017238842323422432, 0.9998226761817932, -0.00757016334682703, -0.013029295019805431, 0.9992262125015259, -0.037111859768629074, -0.002743043703958392, 0.9981505274772644, -0.060729559510946274, 0.002461072988808155, 0.9980170130729675, -0.0628955066204071, 0.0020631325896829367, 0.9985215067863464, -0.05431976914405823, -0.016824757680296898, 0.9990071654319763, -0.04125065729022026, -0.04793787747621536, 0.9985542893409729, -0.024317344650626183, -0.052507683634757996, 0.9983962774276733, -0.021160142496228218, -0.048739563673734665, 0.9984131455421448, -0.028207745403051376, -0.0380217619240284, 0.9987831711769104, -0.0314093753695488, -0.013339335098862648, 0.9995781779289246, -0.025798091664910316, 0.01885278709232807, 0.9997915625572205, -0.00784366950392723, 0.04593801498413086, 0.9988484978675842, 0.013830936513841152, 0.055525731295347214, 0.9979181885719299, 0.03280572220683098, 0.05753406509757042, 0.9976457953453064, 0.03731951862573624, 0.041145868599414825, 0.9989763498306274, 0.018796201795339584, 0.016582509502768517, 0.9998610615730286, 0.001690455130301416, 0.028059914708137512, 0.9994374513626099, -0.01836841180920601, 0.02924809604883194, 0.9993903040885925, -0.019065294414758682, 0.041019368916749954, 0.9990577697753906, -0.014173860661685467, 0.03446493297815323, 0.9993085861206055, 0.01394721120595932, 0.02850853092968464, 0.9992797374725342, 0.02504407800734043, 0.0032130994368344545, 0.999487042427063, 0.03186445310711861, -0.026058776304125786, 0.9991334080696106, 0.03245609253644943, -0.02946143038570881, 0.9992911219596863, 0.023437630385160446, -0.0251985564827919, 0.9995923042297363, 0.013428260572254658, -0.020555583760142326, 0.9996991753578186, 0.013380407355725765, -0.003955851774662733, 0.9997286796569824, 0.022954927757382393, -0.0019566474948078394, 0.999470591545105, 0.03247569128870964, -0.0033321816008538008, 0.9989108443260193, 0.04654122143983841, -0.016259489580988884, 0.9987496137619019, 0.04727417603135109, -0.031741321086883545, 0.9993846416473389, 0.014926569536328316, -0.03123895823955536, 0.9994928240776062, -0.006177613046020269, -0.02547699213027954, 0.9994232058525085, -0.022452661767601967, -0.015740351751446724, 0.9987071752548218, -0.04833408445119858, -0.00499450508505106, 0.9989680647850037, -0.04514281451702118, -0.008505532518029213, 0.9997454285621643, -0.020899826660752296, -0.007106393110007048, 0.9998226761817932, -0.01743810437619686, -0.019142765551805496, 0.9997813701629639, -0.008417085744440556, -0.022393789142370224, 0.9996252059936523, -0.015745898708701134, -0.023462384939193726, 0.9992726445198059, -0.030061380937695503, -0.02131040208041668, 0.9991543889045715, -0.03516159951686859, -0.0034152409061789513, 0.9994332790374756, -0.033488016575574875, 0.029412727802991867, 0.9992719888687134, -0.02429748699069023, 0.0424569807946682, 0.9990910291671753, -0.0038097775541245937, 0.0435696579515934, 0.9989522099494934, 0.014006239362061024, 0.033138394355773926, 0.9993353486061096, 0.015187312848865986, 0.021100807934999466, 0.9997442364692688, 0.008137986995279789, 0.013053731992840767, 0.9999112486839294, 0.002677838085219264, 0.018617097288370132, 0.9997456669807434, -0.012729606591165066, 0.02459866553544998, 0.9996219277381897, -0.012286004610359669, 0.026200205087661743, 0.9996567368507385, -5.3373810260382015e-06, 0.03108498826622963, 0.9992448687553406, 0.023311672732234, 0.03991161659359932, 0.9986438155174255, 0.03343033045530319, 0.007892514578998089, 0.9993616342544556, 0.03484334796667099, -0.01413232646882534, 0.9993501901626587, 0.033158060163259506, -0.015470248647034168, 0.9996719360351562, 0.020411916077136993, -0.015414467081427574, 0.9998282194137573, 0.010291386395692825, -0.01375738624483347, 0.9998876452445984, 0.005949196871370077, -0.007174104452133179, 0.9998478889465332, 0.015898888930678368, -0.0068440805189311504, 0.9995728135108948, 0.02841145731508732, -0.015283294953405857, 0.9991954565048218, 0.03708052262663841, -0.027269583195447922, 0.9985678791999817, 0.04602715000510216, -0.03959483653306961, 0.9991333484649658, 0.01283691730350256, -0.042208943516016006, 0.9990912675857544, -0.0059192185290157795, -0.03302479162812233, 0.99933260679245, -0.015610038302838802, -0.02311374619603157, 0.9986945986747742, -0.04555049166083336, -0.018721261993050575, 0.9992169737815857, -0.03485669940710068, -0.010369302704930305, 0.9998505115509033, -0.013832264579832554, -0.006474373396486044, 0.9999515414237976, -0.007411031052470207, -0.012036212719976902, 0.9999061226844788, -0.006555047817528248, -0.011476718820631504, 0.9998534321784973, -0.012702574953436852, -0.009109549224376678, 0.9994060397148132, -0.03323494270443916, -0.012507237493991852, 0.9991215467453003, -0.0399966798722744, 0.004851550329476595, 0.9992774128913879, -0.03769683465361595, 0.03129443898797035, 0.9990332722663879, -0.030872588977217674, 0.04208606109023094, 0.9989922046661377, -0.015596436336636543, 0.036670099943876266, 0.9993274211883545, -0.0002655949501786381, 0.027767173945903778, 0.9996007084846497, 0.005248802714049816, 0.014566361904144287, 0.99988853931427, 0.0032709906809031963]
            ta (float, 388):  [1.0, 4.1370436520082876e-05, 1.9645785442889974e-08, 1.0, 0.9989359974861145, -0.04611876234412193, -1.2144043466832954e-05, 1.0, 0.9990149736404419, -0.04437453672289848, -0.00012459811114240438, 1.0, 0.9985660314559937, -0.05353420972824097, -0.00015466377953998744, 1.0, 0.9985477328300476, -0.05387173593044281, -0.0002828442375175655, 1.0, 0.9991194009780884, -0.04195832461118698, -2.1388143068179488e-05, 1.0, 0.9998847246170044, -0.01518434751778841, 6.174392183311284e-06, 1.0, 0.999853253364563, 0.017130158841609955, -8.177221025107428e-05, 1.0, 0.9989339709281921, 0.04615987092256546, -0.00023011387384030968, 1.0, 0.9985523819923401, 0.05378803238272667, -0.00034076967858709395, 1.0, 0.9988067150115967, 0.048838019371032715, -0.0001392393169226125, 1.0, 0.9993533492088318, 0.03595421835780144, -0.00013600807869806886, 1.0, 0.9999529123306274, 0.009706147946417332, 7.125094998627901e-05, 1.0, 0.999992847442627, -0.0037512972485274076, 0.00022797913698013872, 1.0, 0.9999940395355225, -0.003453541547060013, 0.0002941339334938675, 1.0, 0.9999998211860657, -0.0004032852011732757, 0.00032986642327159643, 1.0, 0.9999133944511414, 0.01316363550722599, 2.7577569198911078e-05, 1.0, 0.999851405620575, 0.0172394011169672, 8.36195977171883e-06, 1.0, 0.9999150037765503, 0.013038731180131435, 1.2260184121259954e-05, 1.0, 0.9999963045120239, 0.002742784097790718, -8.764197991695255e-05, 1.0, 0.9999967813491821, -0.0024923537857830524, -0.00041887760744430125, 1.0, 0.9999977946281433, -0.0020769762340933084, -0.00019842092297039926, 1.0, 0.9998582601547241, 0.01683647930622101, -6.323464913293719e-05, 1.0, 0.9988495111465454, 0.04795446991920471, 9.937538561644033e-05, 1.0, 0.9986196756362915, 0.052523523569107056, 0.00019339488062541932, 1.0, 0.9988100528717041, 0.04876716062426567, 0.000291112984996289, 1.0, 0.999275803565979, 0.03804957866668701, 0.00028830303926952183, 1.0, 0.9999109506607056, 0.013344274833798409, 1.9395391063881107e-05, 1.0, 0.9998221397399902, -0.0188534464687109, -1.0607218428049237e-05, 1.0, 0.998944103717804, -0.045942552387714386, 9.96654671325814e-06, 1.0, 0.9984546899795532, -0.05556922405958176, 0.0004151268512941897, 1.0, 0.9983407855033875, -0.05758128687739372, 0.00019107729895040393, 1.0, 0.9991528391838074, -0.04115437716245651, 6.601542554562911e-05, 1.0, 0.9998624324798584, -0.016582531854510307, -4.677063998315134e-07, 1.0, 0.9996060729026794, -0.02806404046714306, 3.313470369903371e-05, 1.0, 0.9995720982551575, -0.02925269305706024, 3.784375076065771e-05, 1.0, 0.9991581439971924, -0.041023798286914825, -2.1491830921149813e-05, 1.0, 0.999405562877655, -0.03447258099913597, 0.0003084266500081867, 1.0, 0.9995932579040527, -0.02851737290620804, -4.057455498696072e-06, 1.0, 0.9999948143959045, -0.003213326446712017, -4.4090586015954614e-05, 1.0, 0.9996599555015564, 0.026076359674334526, -0.00011850772716570646, 1.0, 0.9995656609535217, 0.029470734298229218, -5.175865953788161e-05, 1.0, 0.9996824264526367, 0.02520103007555008, -1.5111867469386198e-05, 1.0, 0.9997886419296265, 0.020557448267936707, -1.9673625502036884e-06, 1.0, 0.9999921917915344, 0.003955275751650333, 7.049703708617017e-05, 1.0, 0.999998152256012, 0.0019595848862081766, -5.862319812877104e-05, 1.0, 0.9999944567680359, 0.003331841202452779, 8.489089668728411e-05, 1.0, 0.9998674988746643, 0.016278889030218124, -2.5349236238980666e-05, 1.0, 0.9994959235191345, 0.031745124608278275, -1.7900183593155816e-05, 1.0, 0.9995119571685791, 0.031239639967679977, 1.2823470569856e-05, 1.0, 0.9996752738952637, 0.025484509766101837, 4.856886516790837e-05, 1.0, 0.9998756647109985, 0.015767041593790054, 0.00017096669762395322, 1.0, 0.9999876022338867, 0.00499666528776288, -6.499278242699802e-05, 1.0, 0.9999638199806213, 0.00850661937147379, -3.686837590066716e-05, 1.0, 0.99997478723526, 0.007107687182724476, 1.22356359497644e-05, 1.0, 0.9998167157173157, 0.019143514335155487, 8.625135706097353e-06, 1.0, 0.9997491836547852, 0.02239624783396721, -2.0236982891219668e-05, 1.0, 0.9997245073318481, 0.023471040651202202, -6.490197847597301e-05, 1.0, 0.9997726678848267, 0.02132001519203186, -0.00010155422933166847, 1.0, 0.999994158744812, 0.003420792520046234, 0.00010847013618331403, 1.0, 0.9995671510696411, -0.029419507831335068, 7.854537398088723e-05, 1.0, 0.9990982413291931, -0.04245741665363312, -3.4724089346127585e-05, 1.0, 0.9990501999855042, -0.04357398673892021, 4.080382495885715e-06, 1.0, 0.9994505643844604, -0.033142879605293274, 4.3593525333562866e-05, 1.0, 0.9997773766517639, -0.021101579070091248, 8.691536095284391e-06, 1.0, 0.9999148845672607, -0.01305378321558237, 1.716895098979876e-06, 1.0, 0.9998266696929932, -0.018618732690811157, -9.920187039824668e-06, 1.0, 0.9996973872184753, -0.02460062876343727, -8.578224878874607e-06, 1.0, 0.9996567368507385, -0.026200203225016594, -9.758643670920719e-09, 1.0, 0.9995166063308716, -0.031089922413229942, -0.00015097613504622132, 1.0, 0.999202311038971, -0.03993387520313263, -1.7376177083860966e-06, 1.0, 0.9999687075614929, -0.007904598489403725, 0.00020908137958031148, 1.0, 0.9998999834060669, 0.014135768637061119, 0.00013062400103081018, 1.0, 0.999880313873291, 0.015470387414097786, 0.00015108920342754573, 1.0, 0.9998811483383179, 0.015414437279105186, 8.20708301034756e-05, 1.0, 0.9999054074287415, 0.013757565058767796, 1.0892639693338424e-05, 1.0, 0.9999743103981018, 0.007174966391175985, 2.8054278118361253e-06, 1.0, 0.9999765753746033, 0.006848150864243507, -4.593905759975314e-05, 1.0, 0.9998830556869507, 0.01529739797115326, -9.66362131293863e-05, 1.0, 0.9996268153190613, 0.0273155327886343, -0.00036945275496691465, 1.0, 0.9992157220840454, 0.03959789127111435, 1.6567721104365773e-05, 1.0, 0.9991086721420288, 0.04220963642001152, -5.969314315734664e-06, 1.0, 0.9994544386863708, 0.03302765265107155, -7.472879224224016e-05, 1.0, 0.9997319579124451, 0.023149920627474785, 0.00026671995874494314, 1.0, 0.999824583530426, 0.01873466558754444, 5.7848603319143876e-05, 1.0, 0.9999461770057678, 0.010370247066020966, -3.4720021631073905e-06, 1.0, 0.9999790191650391, 0.006474558729678392, 1.0290874570273445e-06, 1.0, 0.9999275207519531, 0.012036385014653206, -1.3157754437997937e-05, 1.0, 0.9999341368675232, 0.011476722545921803, -7.259993435582146e-05, 1.0, 0.9999585151672363, 0.009116267785429955, 5.059586328570731e-05, 1.0, 0.9999216198921204, 0.01251942291855812, 5.418499858933501e-05, 1.0, 0.9999882578849792, -0.004862100351601839, -0.00018816499505192041, 1.0, 0.9995092749595642, -0.03132076933979988, -0.0003695707127917558, 1.0, 0.9991137981414795, -0.042090363800525665, 5.222281106398441e-05, 1.0, 0.9993273615837097, -0.036670103669166565, 2.426369064778555e-06, 1.0, 0.9996144771575928, -0.02776755392551422, -5.116809234095854e-07, 1.0, 0.9998939037322998, -0.014566391706466675, -1.4634152648795862e-05, 1.0]
            u0 (float, 194):  [0.5, 0.5, 0.6494681239128113, 0.5, 0.6584276556968689, 0.4684867858886719, 0.6467259526252747, 0.43922412395477295, 0.6371457576751709, 0.40836215019226074, 0.6172375082969666, 0.38276249170303345, 0.5893726944923401, 0.3662443161010742, 0.5621739625930786, 0.3498988151550293, 0.5310115814208984, 0.34409427642822266, 0.5, 0.3414115905761719, 0.4678288698196411, 0.3382647633552551, 0.4377584159374237, 0.3497354984283447, 0.41359394788742065, 0.3706842064857483, 0.3830147087574005, 0.3830146789550781, 0.3735875189304352, 0.4155339002609253, 0.34865474700927734, 0.43731075525283813, 0.33890610933303833, 0.46795642375946045, 0.3458360433578491, 0.5, 0.34953615069389343, 0.529929131269455, 0.35715702176094055, 0.5591675043106079, 0.36863648891448975, 0.5877743065357208, 0.3904418349266052, 0.6095581650733948, 0.4168488085269928, 0.6244445443153381, 0.441571980714798, 0.6410576701164246, 0.4678870141506195, 0.6614428162574768, 0.5, 0.6587252616882324, 0.5293692350387573, 0.6476490795612335, 0.5579121708869934, 0.6398123800754547, 0.5854852795600891, 0.6279377639293671, 0.6174265146255493, 0.6174265146255493, 0.6386086940765381, 0.5926153659820557, 0.6380766034126282, 0.5571931898593903, 0.6542716026306152, 0.5306865274906158, 0.8354716897010803, 0.5, 0.7793023586273193, 0.4444432854652405, 0.7972808480262756, 0.37686222791671753, 0.7378355264663696, 0.3410834074020386, 0.7298290133476257, 0.27017098665237427, 0.6792064309120178, 0.23179858922958374, 0.6273753046989441, 0.19248884916305542, 0.5604129433631897, 0.19628369808197021, 0.5, 0.19164913892745972, 0.4370895326137543, 0.1837276816368103, 0.3847149610519409, 0.22167730331420898, 0.3235030770301819, 0.2358536720275879, 0.26817721128463745, 0.26817721128463745, 0.2506825625896454, 0.33341139554977417, 0.19193613529205322, 0.37239575386047363, 0.16236157715320587, 0.4328395128250122, 0.19780071079730988, 0.5, 0.19656507670879364, 0.5603569746017456, 0.19935500621795654, 0.6245312392711639, 0.25921741127967834, 0.6608857810497284, 0.25493231415748596, 0.745067685842514, 0.3245887756347656, 0.7625214606523514, 0.36880582571029663, 0.8167307525873184, 0.4344932436943054, 0.8293247222900391, 0.5, 0.8253120481967926, 0.5575007796287537, 0.7890759408473969, 0.6133347153663635, 0.7736142575740814, 0.6844260096549988, 0.7760130167007446, 0.7167791724205017, 0.7167792022228241, 0.7455100417137146, 0.6640445590019226, 0.7894169092178345, 0.6198804080486298, 0.8116737604141235, 0.5619957745075226, 0.924628734588623, 0.5, 0.9345666766166687, 0.41355931758880615, 0.9497262239456177, 0.3137173056602478, 0.9405843615531921, 0.20561093091964722, 0.8088348507881165, 0.19116514921188354, 0.73847496509552, 0.14309698343276978, 0.694717526435852, 0.02991032600402832, 0.5925069451332092, 0.03493624925613403, 0.5, 0.009244441986083984, 0.40207424759864807, 0.007693946361541748, 0.30568936467170715, 0.030892610549926758, 0.28399035334587097, 0.17671871185302734, 0.20192144811153412, 0.2019214630126953, 0.14739152789115906, 0.2643945813179016, 0.10094019025564194, 0.33470404148101807, 0.01493125967681408, 0.4035138487815857, 0.06430591642856598, 0.5, 0.00688583217561245, 0.5980865061283112, 0.11305608600378036, 0.6602774262428284, 0.1694852113723755, 0.7208429276943207, 0.2000279724597931, 0.7999720275402069, 0.21200184524059296, 0.9310197085142136, 0.30672162771224976, 0.9666152521967888, 0.3964429795742035, 1.0206162761896849, 0.5, 0.902314692735672, 0.5881062150001526, 0.9429399110376835, 0.6843020915985107, 0.9449445381760597, 0.7495989799499512, 0.8735512942075729, 0.8050792813301086, 0.8050792962312698, 0.8843091726303101, 0.7567871659994125, 0.8673807978630066, 0.6521740853786469, 0.9858089089393616, 0.5966334044933319]
            tri (int, 480):  [0, 2, 1, 0, 3, 2, 0, 4, 3, 0, 5, 4, 0, 6, 5, 0, 7, 6, 0, 8, 7, 0, 9, 8, 0, 10, 9, 0, 11, 10, 0, 12, 11, 0, 13, 12, 0, 14, 13, 0, 15, 14, 0, 16, 15, 0, 17, 16, 0, 18, 17, 0, 19, 18, 0, 20, 19, 0, 21, 20, 0, 22, 21, 0, 23, 22, 0, 24, 23, 0, 25, 24, 0, 26, 25, 0, 27, 26, 0, 28, 27, 0, 29, 28, 0, 30, 29, 0, 31, 30, 0, 32, 31, 0, 1, 32, 1, 34, 33, 1, 2, 34, 2, 35, 34, 2, 3, 35, 3, 36, 35, 3, 4, 36, 4, 37, 36, 4, 5, 37, 5, 38, 37, 5, 6, 38, 6, 39, 38, 6, 7, 39, 7, 40, 39, 7, 8, 40, 8, 41, 40, 8, 9, 41, 9, 42, 41, 9, 10, 42, 10, 43, 42, 10, 11, 43, 11, 44, 43, 11, 12, 44, 12, 45, 44, 12, 13, 45, 13, 46, 45, 13, 14, 46, 14, 47, 46, 14, 15, 47, 15, 48, 47, 15, 16, 48, 16, 49, 48, 16, 17, 49, 17, 50, 49, 17, 18, 50, 18, 51, 50, 18, 19, 51, 19, 52, 51, 19, 20, 52, 20, 53, 52, 20, 21, 53, 21, 54, 53, 21, 22, 54, 22, 55, 54, 22, 23, 55, 23, 56, 55, 23, 24, 56, 24, 57, 56, 24, 25, 57, 25, 58, 57, 25, 26, 58, 26, 59, 58, 26, 27, 59, 27, 60, 59, 27, 28, 60, 28, 61, 60, 28, 29, 61, 29, 62, 61, 29, 30, 62, 30, 63, 62, 30, 31, 63, 31, 64, 63, 31, 32, 64, 32, 33, 64, 33, 32, 1, 33, 66, 65, 33, 34, 66, 34, 67, 66, 34, 35, 67, 35, 68, 67, 35, 36, 68, 36, 69, 68, 36, 37, 69, 37, 70, 69, 37, 38, 70, 38, 71, 70, 38, 39, 71, 39, 72, 71, 39, 40, 72, 40, 73, 72, 40, 41, 73, 41, 74, 73, 41, 42, 74, 42, 75, 74, 42, 43, 75, 43, 76, 75, 43, 44, 76, 44, 77, 76, 44, 45, 77, 45, 78, 77, 45, 46, 78, 46, 79, 78, 46, 47, 79, 47, 80, 79, 47, 48, 80, 48, 81, 80, 48, 49, 81, 49, 82, 81, 49, 50, 82, 50, 83, 82, 50, 51, 83, 51, 84, 83, 51, 52, 84, 52, 85, 84, 52, 53, 85, 53, 86, 85, 53, 54, 86, 54, 87, 86, 54, 55, 87, 55, 88, 87, 55, 56, 88, 56, 89, 88, 56, 57, 89, 57, 90, 89, 57, 58, 90, 58, 91, 90, 58, 59, 91, 59, 92, 91, 59, 60, 92, 60, 93, 92, 60, 61, 93, 61, 94, 93, 61, 62, 94, 62, 95, 94, 62, 63, 95, 63, 96, 95, 63, 64, 96, 64, 65, 96, 65, 64, 33]
            boundingsphere (float, 4):  [-0.07539033889770508, 0.2235024869441986, -0.2921614646911621, 11.164261320596452]
            aabb:
                min (float, 3):  [-10.177876472473145, 0.07260499894618988, -10.745519638061523]
                max (float, 3):  [10.027095794677734, 0.37439998984336853, 10.1611967086792]
            material:
                shader (str, 1):  ['PdxMeshAdvanced']
                diff (str, 1):  ['air_winter_polar_subpolar_phase_3_diff.dds']
                spec (str, 1):  ['air_winter_polar_subpolar_spec.dds']
                n (str, 1):  ['air_winter_polar_subpolar_n.dds']
locator:
