pdxasset (int, 2):  [1, 0]
object:
    air_winter_desert_arid_plateau_phase_3:
        mesh:
            p (float, 291):  [0.0, 0.37439998984336853, 0.0, 3.4125144481658936, 0.27902063727378845, 0.0, 3.0736241340637207, 0.23288768529891968, 0.6113818883895874, 3.034141778945923, 0.1958055943250656, 1.2567826509475708, 2.708848476409912, 0.18027327954769135, 1.8099946975708008, 2.4245223999023438, 0.19152608513832092, 2.4245223999023438, 1.789522409439087, 0.22577111423015594, 2.6782095432281494, 1.2417279481887817, 0.2714657485485077, 2.9977965354919434, 0.6421954035758972, 0.31320807337760925, 3.228534460067749, 1.972702808812721e-16, 0.3369283974170685, 3.221668243408203, -0.6656267642974854, 0.3346315622329712, 3.346331834793091, -1.3010919094085693, 0.30709171295166016, 3.141113758087158, -1.8580108880996704, 0.263591468334198, 2.780709743499756, -2.1952757835388184, 0.21879301965236664, 2.1952757835388184, -2.860123634338379, 0.1877962052822113, 1.9110735654830933, -3.0317630767822266, 0.18104882538318634, 1.2557973861694336, -3.2356832027435303, 0.20082515478134155, 0.6436174511909485, -3.2791216373443604, 0.2404593527317047, 4.015765732878101e-16, -3.2068307399749756, 0.2865923047065735, -0.6378782987594604, -3.1584136486053467, 0.32367441058158875, -1.308257818222046, -2.64619517326355, 0.339206725358963, -1.7681310176849365, -2.2172129154205322, 0.32795393466949463, -2.2172129154205322, -1.9130510091781616, 0.2937088906764984, -2.8630831241607666, -1.216261625289917, 0.24801427125930786, -2.9363152980804443, -0.6212279796600342, 0.2062719315290451, -3.12312388420105, -5.954821613699023e-16, 0.18255159258842468, -3.2416539192199707, 0.6646263599395752, 0.18484842777252197, -3.3413023948669434, 1.2320388555526733, 0.212388277053833, -2.974404811859131, 1.7161657810211182, 0.25588855147361755, -2.5684235095977783, 2.2485392093658447, 0.3006869852542877, -2.2485392093658447, 2.6330971717834473, 0.33168378472328186, -1.7593793869018555, 2.8565115928649902, 0.338431179523468, -1.1832058429718018, 3.3394739627838135, 0.318654865026474, -0.6642626523971558, 6.8635101318359375, 0.19946064054965973, 0.0, 5.890458583831787, 0.15332768857479095, 1.1716850996017456, 5.689757347106934, 0.11624559015035629, 2.3567748069763184, 6.001776695251465, 0.10071327537298203, 4.01025915145874, 4.819552421569824, 0.1119660809636116, 4.819552421569824, 3.5843701362609863, 0.14621111750602722, 5.364388942718506, 2.5416460037231445, 0.19190573692321777, 6.1360764503479, 1.4088454246520996, 0.23364806175231934, 7.082744121551514, 3.7678108665525933e-16, 0.25736841559410095, 6.153302192687988, -1.3104584217071533, 0.25507158041000366, 6.5881195068359375, -2.2321712970733643, 0.22753171622753143, 5.388937950134277, -3.614784002304077, 0.18403145670890808, 5.40990686416626, -4.347117900848389, 0.13923302292823792, 4.347117900848389, -5.236798286437988, 0.10823620855808258, 3.499116897583008, -5.889531135559082, 0.10148882865905762, 2.439523696899414, -6.2998528480529785, 0.12126515060663223, 1.253118634223938, -7.094340801239014, 0.160899356007576, 8.688061938612681e-16, -6.211750507354736, 0.20703230798244476, -1.2355939149856567, -5.392838478088379, 0.24411441385746002, -2.2337868213653564, -5.830590724945068, 0.2596467137336731, -3.895876169204712, -5.045473098754883, 0.2483939230442047, -5.045473098754883, -3.900282144546509, 0.2141488790512085, -5.837184906005859, -2.3854777812957764, 0.16845425963401794, -5.759052753448486, -1.2328602075576782, 0.12671193480491638, -6.198007106781006, -1.2693714098100566e-15, 0.10299158841371536, -6.9101362228393555, 1.1562168598175049, 0.10528843104839325, -5.812694549560547, 2.2555322647094727, 0.13282828032970428, -5.445336818695068, 3.631314992904663, 0.17632853984832764, -5.4346466064453125, 4.3417158126831055, 0.2211269736289978, -4.3417158126831055, 5.383711338043213, 0.25212380290031433, -3.597280740737915, 5.580020904541016, 0.2588711678981781, -2.3113203048706055, 7.052511692047119, 0.23909485340118408, -1.402831792831421, 9.588455200195312, 0.10742492973804474, 0.0, 8.937877655029297, 0.09114271402359009, 1.7778544425964355, 8.29786491394043, 0.07805491238832474, 3.4370882511138916, 7.3869242668151855, 0.07257292419672012, 4.935784816741943, 7.420355319976807, 0.07654450088739395, 7.420355319976807, 5.85642671585083, 0.08863098174333572, 8.764761924743652, 4.025764465332031, 0.10475849360227585, 9.71905517578125, 2.1393203735351562, 0.1194910854101181, 10.755090713500977, 6.081250810197384e-16, 0.12786297500133514, 9.931436538696289, -1.8013218641281128, 0.12705232203006744, 9.055856704711914, -3.578155755996704, 0.11733236908912659, 8.638432502746582, -4.687409400939941, 0.1019793376326561, 7.015203952789307, -6.48783016204834, 0.08616812527179718, 6.48783016204834, -7.942400932312012, 0.07522807270288467, 5.306942462921143, -9.939820289611816, 0.07284664362668991, 4.117208480834961, -9.657308578491211, 0.07982652634382248, 1.9209580421447754, -8.325946807861328, 0.09381506592035294, 1.0196343332239668e-15, -9.528867721557617, 0.11009728908538818, -1.8954095840454102, -8.39959716796875, 0.12318508327007294, -3.47922682762146, -8.787984848022461, 0.12866707146167755, -5.871943950653076, -7.544410228729248, 0.12469550222158432, -7.544410228729248, -5.501224040985107, 0.11260901391506195, -8.233163833618164, -3.8653953075408936, 0.09648150205612183, -9.331890106201172, -1.8233466148376465, 0.08174891769886017, -9.166582107543945, -1.634806728364861e-15, 0.07337703555822372, -8.899473190307617, 2.0595877170562744, 0.07418768107891083, -10.354247093200684, 4.004736423492432, 0.08390762656927109, -9.668288230895996, 5.433548450469971, 0.09926065802574158, -8.131879806518555, 7.751378059387207, 0.1150718703866005, -7.751378059387207, 8.822080612182617, 0.126011922955513, -5.894725322723389, 9.45205020904541, 0.12839335203170776, -3.9151673316955566, 8.190603256225586, 0.12141347676515579, -1.6292122602462769]
            n (float, 291):  [0.0001895758614409715, 0.9999999403953552, -0.0003480797167867422, 0.024663357064127922, 0.9978374242782593, 0.06092667579650879, 0.025181064382195473, 0.9974892735481262, 0.06618957966566086, 0.025388304144144058, 0.9988793134689331, 0.03994450345635414, 0.0366031751036644, 0.9991195797920227, 0.020502615720033646, 0.041957542300224304, 0.9990915060043335, 0.007469863165169954, 0.05942179635167122, 0.9982253909111023, 0.0038749738596379757, 0.06509634107351303, 0.9978763461112976, 0.002285060239955783, 0.04225442558526993, 0.9990377426147461, 0.011756124906241894, 0.013288089074194431, 0.9997597336769104, 0.017429983243346214, -0.022008350118994713, 0.999643862247467, 0.015097620896995068, -0.05218447372317314, 0.998626172542572, 0.00475913705304265, -0.06530733406543732, 0.997821569442749, -0.009324104525148869, -0.06342492252588272, 0.9979735016822815, -0.005107535049319267, -0.04179159551858902, 0.9991165995597839, 0.004401408135890961, -0.03826898708939552, 0.9990386962890625, 0.0213810745626688, -0.0295086856931448, 0.9984744191169739, 0.04666872322559357, -0.03115207329392433, 0.9980756044387817, 0.05361553281545639, -0.035446491092443466, 0.998345673084259, 0.045271795243024826, -0.03433960676193237, 0.9991181492805481, 0.02416294440627098, -0.01577605865895748, 0.9998630285263062, -0.00500683905556798, 0.006986487656831741, 0.9994900822639465, -0.0311571154743433, 0.03087787516415119, 0.9984079599380493, -0.0472031868994236, 0.046540115028619766, 0.9974077939987183, -0.05487833172082901, 0.031105641275644302, 0.9984694719314575, -0.04572837054729462, 0.009104314260184765, 0.9990848302841187, -0.04179316759109497, -0.006133389193564653, 0.9991046786308289, -0.04185870662331581, -0.02381807006895542, 0.9983090162277222, -0.05302625522017479, -0.03185463696718216, 0.9977031946182251, -0.05977994203567505, -0.018884656950831413, 0.9984310865402222, -0.05271367356181145, 0.0026780907064676285, 0.9995354413986206, -0.03035799227654934, 0.018020350486040115, 0.9998362064361572, -0.0016632331535220146, 0.024769186973571777, 0.9993695020675659, 0.025437531992793083, 0.030542364344000816, 0.9990421533584595, 0.03133548051118851, 0.017274338752031326, 0.9989046454429626, 0.04348761588335037, 0.015101741068065166, 0.9996569156646729, 0.02140052057802677, 0.015874342992901802, 0.9998514652252197, 0.006710398476570845, 0.02203979715704918, 0.9997534155845642, 0.0027104485780000687, 0.034723494201898575, 0.9993956685066223, 0.001596394693478942, 0.04118091240525246, 0.9991249442100525, 0.007314393762499094, 0.018015524372458458, 0.9995840191841125, 0.02252354845404625, 0.0035129047464579344, 0.9995792508125305, 0.028792213648557663, -0.019841531291604042, 0.9993125200271606, 0.03131769225001335, -0.04305920749902725, 0.9989387392997742, 0.01634824648499489, -0.04066210240125656, 0.9991361498832703, 0.008577662520110607, -0.037269193679094315, 0.9993010759353638, -0.002895206678658724, -0.0216770488768816, 0.999763548374176, 0.001700305612757802, -0.01429488230496645, 0.9998343586921692, 0.011262495070695877, -0.015967093408107758, 0.999518096446991, 0.02662048116326332, -0.02814880758523941, 0.9992586374282837, 0.026262404397130013, -0.032833367586135864, 0.9992944598197937, 0.018237261101603508, -0.038258012384176254, 0.9991796612739563, 0.013283259235322475, -0.032650284469127655, 0.9994592666625977, -0.003894135123118758, -0.008379770442843437, 0.9994771480560303, -0.03122900240123272, 0.010682016611099243, 0.9991891980171204, -0.0388190783560276, 0.027257196605205536, 0.9989435076713562, -0.03699985519051552, 0.01799151301383972, 0.9995169043540955, -0.02534439228475094, 0.005817810073494911, 0.9998506903648376, -0.016268903389573097, -0.0025647447910159826, 0.9997605085372925, -0.021734489127993584, -0.018810175359249115, 0.9993247389793396, -0.03156489506363869, -0.013180813752114773, 0.9993110299110413, -0.03469427675008774, -0.004482659045606852, 0.9992325305938721, -0.0389140360057354, 0.016464492306113243, 0.9996165037155151, -0.02226584032177925, 0.02863227389752865, 0.99956876039505, -0.006512332241982222, 0.043839383870363235, 0.9990059733390808, 0.00807149987667799, 0.03591439500451088, 0.9991878867149353, 0.0182627122849226, 0.01791398599743843, 0.9994438886642456, 0.02812334895133972, 0.011775887571275234, 0.9998142123222351, 0.015257563441991806, 0.013986817561089993, 0.9998936653137207, 0.004122941754758358, 0.01671883650124073, 0.9998595118522644, 0.0011207063216716051, 0.021571511402726173, 0.999758780002594, 0.004133518319576979, 0.028359223157167435, 0.9995133876800537, 0.012985799461603165, 0.013807571493089199, 0.9995913505554199, 0.025030314922332764, -0.007210488896816969, 0.9993232488632202, 0.03606993332505226, -0.018511520698666573, 0.9991680383682251, 0.036339059472084045, -0.03440554440021515, 0.9990430474281311, 0.027003370225429535, -0.033768489956855774, 0.9993064999580383, 0.01569034345448017, -0.022670673206448555, 0.999735414981842, 0.0038905732799321413, -0.011170865967869759, 0.9999344348907471, 0.0025232110638171434, -0.006922299973666668, 0.9999563097953796, 0.006287459749728441, -0.011156048625707626, 0.9998914003372192, 0.009625088423490524, -0.030522366985678673, 0.9993622303009033, 0.01853407733142376, -0.03558586537837982, 0.9993436336517334, 0.006775575689971447, -0.042419224977493286, 0.9990822672843933, 0.005929888691753149, -0.03498046472668648, 0.9993330836296082, -0.01047242060303688, -0.017080530524253845, 0.999338686466217, -0.03209949657320976, 0.0013882615603506565, 0.9992756843566895, -0.03802790865302086, 0.011838998645544052, 0.9995151162147522, -0.028799016028642654, 0.01269987691193819, 0.9997169971466064, -0.020114807412028313, 0.002454922301694751, 0.9999200105667114, -0.012407757341861725, -0.006069897208362818, 0.9999220967292786, -0.010908461175858974, -0.008350114338099957, 0.9998318552970886, -0.016322534531354904, -0.006058629136532545, 0.9995845556259155, -0.028178971260786057, 0.005462846253067255, 0.9995627403259277, -0.029057839885354042, 0.019867543131113052, 0.9996203780174255, -0.019088085740804672, 0.03587724640965462, 0.9993389248847961, -0.005864722188562155, 0.05257607623934746, 0.9986166954040527, 0.0007452117279171944]
            ta (float, 388):  [1.0, -0.00018957577412948012, 2.0976026249286406e-08, 1.0, 0.9996948838233948, -0.024699676781892776, -0.00015708836144767702, 1.0, 0.9996816515922546, -0.025230227038264275, -9.319993841927499e-05, 1.0, 0.9996772408485413, -0.025406936183571815, -4.1183651774190366e-05, 1.0, 0.9993295669555664, -0.03661135956645012, 2.377063901803922e-05, 1.0, 0.9991192817687988, -0.041959114372730255, 5.4392327001551166e-05, 1.0, 0.9982328414916992, -0.059422362595796585, 2.94287565338891e-05, 1.0, 0.9978790283203125, -0.06509655714035034, 1.5510435332544148e-05, 1.0, 0.999106764793396, -0.042258370667696, 8.737331518204883e-05, 1.0, 0.9999116659164429, -0.013291643932461739, 8.800210343906656e-05, 1.0, 0.9997577667236328, 0.022011006250977516, -9.741876056068577e-06, 1.0, 0.9986374378204346, 0.052185267210006714, -4.2892570490948856e-05, 1.0, 0.9978649020195007, 0.06531084328889847, 7.195847865659744e-05, 1.0, 0.9979866147041321, 0.06342585384845734, 1.8504120816942304e-05, 1.0, 0.9991263151168823, 0.04179203510284424, -7.561697657365585e-06, 1.0, 0.9992671012878418, 0.03827720880508423, 2.459864117554389e-05, 1.0, 0.9995637536048889, 0.029535707086324692, 0.00011055007780669257, 1.0, 0.9995130896568298, 0.031201323494315147, -8.153988892445341e-05, 1.0, 0.999369740486145, 0.03549526631832123, -0.00027382661937735975, 1.0, 0.9994097948074341, 0.034352440387010574, -0.00011650704982457682, 1.0, 0.9998754858970642, 0.015776216983795166, -7.619195912411669e-06, 1.0, 0.9999755620956421, -0.006991697009652853, -5.8247856941306964e-05, 1.0, 0.9995216131210327, -0.030924927443265915, -0.0002667974913492799, 1.0, 0.9989116787910461, -0.04663749411702156, -0.0004944908432662487, 1.0, 0.9995145797729492, -0.031154654920101166, -0.00035928498255088925, 1.0, 0.9999583959579468, -0.00911348033696413, -2.8824882974731736e-05, 1.0, 0.9999810457229614, 0.0061511145904660225, 0.0002946519816759974, 1.0, 0.9997151494026184, 0.02386406622827053, 0.00023433176102116704, 1.0, 0.9994902014732361, 0.03192812576889992, 0.0002742405340541154, 1.0, 0.9998205900192261, 0.01893433928489685, 0.00044323308975435793, 1.0, 0.9999963641166687, -0.0026774832513183355, 6.0657304857159033e-05, 1.0, 0.9998375773429871, -0.018020376563072205, -2.4045270947681274e-06, 1.0, 0.999692976474762, -0.024778224527835846, 4.009340045740828e-05, 1.0, 0.99953293800354, -0.030558453872799873, 3.4683424019021913e-05, 1.0, 0.9998505711555481, -0.017289062961935997, -3.7489779060706496e-05, 1.0, 0.9998859167098999, -0.015105432830750942, 1.0867124728974886e-05, 1.0, 0.9998739957809448, -0.015874657779932022, -6.460280928877182e-06, 1.0, 0.9997570514678955, -0.02203986980021, -2.3480993149860296e-06, 1.0, 0.9993969798088074, -0.03472354635596275, 3.973849288740894e-06, 1.0, 0.9991516470909119, -0.041182082146406174, 9.223271263181232e-06, 1.0, 0.9998375773429871, -0.01802009530365467, 1.1273264988176379e-07, 1.0, 0.9999937415122986, -0.003514493117108941, 4.579197138809832e-06, 1.0, 0.9998030662536621, 0.019845863804221153, 0.00017262270557694137, 1.0, 0.999072253704071, 0.043064843863248825, 7.343401648540748e-06, 1.0, 0.9991728663444519, 0.04066406190395355, -5.3734143875772133e-05, 1.0, 0.9993053078651428, 0.037269383668899536, 1.1238766091992147e-05, 1.0, 0.9997650384902954, 0.021677086129784584, -2.9921741315774852e-06, 1.0, 0.9998977780342102, 0.014295940287411213, -1.3371901331993286e-05, 1.0, 0.9998724460601807, 0.015974735841155052, -7.432398706441745e-05, 1.0, 0.9996030926704407, 0.028169414028525352, -0.0004148635780438781, 1.0, 0.9994606375694275, 0.0328386090695858, 1.1786703908001073e-05, 1.0, 0.9992677569389343, 0.03826144337654114, -4.496096607908839e-06, 1.0, 0.9994668364524841, 0.03265053406357765, 1.7784235240014823e-07, 1.0, 0.9999648928642273, 0.008383984677493572, 4.0258355511468835e-06, 1.0, 0.9999427795410156, -0.010694804601371288, -0.00012181138299638405, 1.0, 0.999627947807312, -0.027279118075966835, -8.755251474212855e-05, 1.0, 0.9998380541801453, -0.017997289076447487, 1.6323076579283224e-07, 1.0, 0.9999830722808838, -0.005819916259497404, -8.209615043597296e-05, 1.0, 0.9999966025352478, 0.002564752474427223, -2.7501284421305172e-05, 1.0, 0.9998229146003723, 0.01882278546690941, 0.00010238443064736202, 1.0, 0.9999128580093384, 0.013197478838264942, 0.00025132542941719294, 1.0, 0.9999899864196777, 0.004484686069190502, -3.521098551573232e-05, 1.0, 0.9998643398284912, -0.01646791771054268, 2.951197348011192e-05, 1.0, 0.9995900392532349, -0.028632888570427895, -3.290846848358342e-07, 1.0, 0.9990383982658386, -0.043842680752277374, 0.0002312572323717177, 1.0, 0.9993547201156616, -0.0359196700155735, -3.954504427383654e-05, 1.0, 0.9998393654823303, -0.01792250946164131, 5.097365647088736e-05, 1.0, 0.9999306797981262, -0.011777068488299847, -1.2578614587255288e-05, 1.0, 0.9999021887779236, -0.013986939564347267, 6.876466045468987e-07, 1.0, 0.9998602867126465, -0.016718843951821327, -5.377690285968129e-06, 1.0, 0.9997673034667969, -0.021571634337306023, -1.4355386156239547e-05, 1.0, 0.9995978474617004, -0.028360651805996895, -7.420447218464687e-05, 1.0, 0.9999047517776489, -0.013808648101985455, -0.00012988231901545078, 1.0, 0.9999738335609436, 0.007220559753477573, -0.0001489761343691498, 1.0, 0.9998285174369812, 0.018517006188631058, 0.00018566971994005144, 1.0, 0.9994076490402222, 0.034416306763887405, 6.649034912697971e-05, 1.0, 0.9994295239448547, 0.03377223759889603, 2.5852401449810714e-05, 1.0, 0.9997429847717285, 0.02267070859670639, 3.440746513660997e-05, 1.0, 0.9999375939369202, 0.01117087621241808, 9.103037882596254e-06, 1.0, 0.9999759793281555, 0.006922376807779074, 9.406117897015065e-06, 1.0, 0.9999378323554993, 0.011156298220157623, 2.7779680749517865e-05, 1.0, 0.9995338320732117, 0.030527977272868156, -1.9839111701003276e-05, 1.0, 0.9993665814399719, 0.03558644279837608, 3.458474384387955e-05, 1.0, 0.9990999698638916, 0.04241994023323059, 6.035601927578682e-06, 1.0, 0.9993879795074463, 0.03498242795467377, 4.11109249398578e-06, 1.0, 0.9998539090156555, 0.01709100976586342, 5.204125409363769e-05, 1.0, 0.9999989867210388, -0.0013740183785557747, 0.000400664983317256, 1.0, 0.9999299049377441, -0.01183758769184351, 0.00021946961351204664, 1.0, 0.9999193549156189, -0.012701697647571564, 3.7226101994747296e-05, 1.0, 0.9999970197677612, -0.0024549250956624746, 1.5071662346599624e-05, 1.0, 0.9999815821647644, 0.00606997637078166, -2.586113077995833e-05, 1.0, 0.9999651312828064, 0.008349627256393433, -9.792741184355691e-05, 1.0, 0.9999815821647644, 0.006058800034224987, -7.932068547233939e-05, 1.0, 0.9999850988388062, -0.005467841401696205, -9.243244858225808e-05, 1.0, 0.9998025298118591, -0.01987156830728054, -2.1155437934794463e-05, 1.0, 0.9993561506271362, -0.035877808928489685, 1.0125441804120783e-05, 1.0, 0.9986168742179871, -0.05257609486579895, 2.2961528429732425e-06, 1.0]
            u0 (float, 194):  [0.5, 0.5, 0.6653349995613098, 0.5, 0.6489158868789673, 0.4703787565231323, 0.6470029950141907, 0.4391093850135803, 0.6312426328659058, 0.4123064875602722, 0.6174671649932861, 0.38253283500671387, 0.5867016911506653, 0.37024176120758057, 0.5601612329483032, 0.3547579050064087, 0.5311141014099121, 0.3435787558555603, 0.5, 0.34391140937805176, 0.4677506387233734, 0.3378715515136719, 0.4369626045227051, 0.34781426191329956, 0.40998008847236633, 0.36527568101882935, 0.3936397433280945, 0.3936397433280945, 0.3614281117916107, 0.4074092507362366, 0.35311225056648254, 0.4391571283340454, 0.3432323932647705, 0.46881699562072754, 0.34112784266471863, 0.5, 0.34463030099868774, 0.5309049487113953, 0.34697607159614563, 0.5633845925331116, 0.37179288268089294, 0.5856652557849884, 0.3925769031047821, 0.6074230968952179, 0.40731343626976013, 0.6387152671813965, 0.44107258319854736, 0.6422633230686188, 0.4699017405509949, 0.6513141393661499, 0.5, 0.6570568680763245, 0.5322008728981018, 0.6618848145008087, 0.5596917867660522, 0.644108772277832, 0.5831475853919983, 0.6244391202926636, 0.608940839767456, 0.608940839767456, 0.6275725364685059, 0.5852412581443787, 0.6383968591690063, 0.5573258697986603, 0.6617962121963501, 0.5321832597255707, 0.8325344324111938, 0.5, 0.7853904366493225, 0.44323229789733887, 0.7756665349006653, 0.38581520318984985, 0.7907837629318237, 0.3057045340538025, 0.7335054278373718, 0.2664945721626282, 0.6736613512039185, 0.24009746313095093, 0.6231417655944824, 0.20270949602127075, 0.5682579874992371, 0.15684378147125244, 0.5, 0.20187491178512573, 0.43650880455970764, 0.1808081865310669, 0.39185217022895813, 0.238908052444458, 0.32486510276794434, 0.23789209127426147, 0.28938382863998413, 0.28938382863998413, 0.24627915024757385, 0.33046913146972656, 0.21465450525283813, 0.38180601596832275, 0.1947745829820633, 0.43928688764572144, 0.15628193318843842, 0.5, 0.19904311001300812, 0.5598640441894531, 0.23871906101703644, 0.6082261204719543, 0.2175101339817047, 0.6887536942958832, 0.25554877519607544, 0.7444512248039246, 0.31103283166885376, 0.7828093320131302, 0.3844245374202728, 0.7790238708257675, 0.4402683973312378, 0.8002910315990448, 0.5, 0.8347934186458588, 0.5560182332992554, 0.7816228121519089, 0.6092796921730042, 0.763824462890625, 0.6759358048439026, 0.7633065283298492, 0.7103544473648071, 0.7103544473648071, 0.7608387470245361, 0.6742868721485138, 0.7703498601913452, 0.6119825839996338, 0.8416914939880371, 0.5679666697978973, 0.9645569324493408, 0.5, 0.933036744594574, 0.4138636589050293, 0.9020283222198486, 0.33347439765930176, 0.8578935861587524, 0.26086312532424927, 0.8595133423805237, 0.14048665761947632, 0.7837415933609009, 0.07535070180892944, 0.6950467228889465, 0.02911555767059326, 0.6036492586135864, -0.0210798978805542, 0.5, 0.018825769424438477, 0.41272664070129395, 0.061247289180755615, 0.32663974165916443, 0.08147132396697998, 0.27289682626724243, 0.1601160764694214, 0.18566714227199554, 0.18566715717315674, 0.11519374698400497, 0.2428807020187378, 0.018419556319713593, 0.3005228638648987, 0.032107144594192505, 0.4069303274154663, 0.09661111980676651, 0.5, 0.0383300743997097, 0.5918318629264832, 0.09304279088973999, 0.6685671806335449, 0.074225515127182, 0.7844934165477753, 0.13447624444961548, 0.8655237555503845, 0.23346783220767975, 0.8988935872912407, 0.3127231001853943, 0.9521264396607876, 0.4116595685482025, 0.9441173523664474, 0.5, 0.931176021695137, 0.5997862219810486, 1.0016592586180195, 0.6940279006958008, 0.9684248380362988, 0.7632533311843872, 0.89398642629385, 0.8755512833595276, 0.8755512684583664, 0.9274263381958008, 0.785597175359726, 0.9579481482505798, 0.6896883249282837, 0.8968315720558167, 0.5789346992969513]
            tri (int, 480):  [0, 2, 1, 0, 3, 2, 0, 4, 3, 0, 5, 4, 0, 6, 5, 0, 7, 6, 0, 8, 7, 0, 9, 8, 0, 10, 9, 0, 11, 10, 0, 12, 11, 0, 13, 12, 0, 14, 13, 0, 15, 14, 0, 16, 15, 0, 17, 16, 0, 18, 17, 0, 19, 18, 0, 20, 19, 0, 21, 20, 0, 22, 21, 0, 23, 22, 0, 24, 23, 0, 25, 24, 0, 26, 25, 0, 27, 26, 0, 28, 27, 0, 29, 28, 0, 30, 29, 0, 31, 30, 0, 32, 31, 0, 1, 32, 1, 34, 33, 1, 2, 34, 2, 35, 34, 2, 3, 35, 3, 36, 35, 3, 4, 36, 4, 37, 36, 4, 5, 37, 5, 38, 37, 5, 6, 38, 6, 39, 38, 6, 7, 39, 7, 40, 39, 7, 8, 40, 8, 41, 40, 8, 9, 41, 9, 42, 41, 9, 10, 42, 10, 43, 42, 10, 11, 43, 11, 44, 43, 11, 12, 44, 12, 45, 44, 12, 13, 45, 13, 46, 45, 13, 14, 46, 14, 47, 46, 14, 15, 47, 15, 48, 47, 15, 16, 48, 16, 49, 48, 16, 17, 49, 17, 50, 49, 17, 18, 50, 18, 51, 50, 18, 19, 51, 19, 52, 51, 19, 20, 52, 20, 53, 52, 20, 21, 53, 21, 54, 53, 21, 22, 54, 22, 55, 54, 22, 23, 55, 23, 56, 55, 23, 24, 56, 24, 57, 56, 24, 25, 57, 25, 58, 57, 25, 26, 58, 26, 59, 58, 26, 27, 59, 27, 60, 59, 27, 28, 60, 28, 61, 60, 28, 29, 61, 29, 62, 61, 29, 30, 62, 30, 63, 62, 30, 31, 63, 31, 64, 63, 31, 32, 64, 32, 33, 64, 33, 32, 1, 33, 66, 65, 33, 34, 66, 34, 67, 66, 34, 35, 67, 35, 68, 67, 35, 36, 68, 36, 69, 68, 36, 37, 69, 37, 70, 69, 37, 38, 70, 38, 71, 70, 38, 39, 71, 39, 72, 71, 39, 40, 72, 40, 73, 72, 40, 41, 73, 41, 74, 73, 41, 42, 74, 42, 75, 74, 42, 43, 75, 43, 76, 75, 43, 44, 76, 44, 77, 76, 44, 45, 77, 45, 78, 77, 45, 46, 78, 46, 79, 78, 46, 47, 79, 47, 80, 79, 47, 48, 80, 48, 81, 80, 48, 49, 81, 49, 82, 81, 49, 50, 82, 50, 83, 82, 50, 51, 83, 51, 84, 83, 51, 52, 84, 52, 85, 84, 52, 53, 85, 53, 86, 85, 53, 54, 86, 54, 87, 86, 54, 55, 87, 55, 88, 87, 55, 56, 88, 56, 89, 88, 56, 57, 89, 57, 90, 89, 57, 58, 90, 58, 91, 90, 58, 59, 91, 59, 92, 91, 59, 60, 92, 60, 93, 92, 60, 61, 93, 61, 94, 93, 61, 62, 94, 62, 95, 94, 62, 63, 95, 63, 96, 95, 63, 64, 96, 64, 65, 96, 65, 64, 33]
            boundingsphere (float, 4):  [-0.17568254470825195, 0.22348645329475403, 0.20042181015014648, 11.228586997193338]
            aabb:
                min (float, 3):  [-9.939820289611816, 0.07257292419672012, -10.354247093200684]
                max (float, 3):  [9.588455200195312, 0.37439998984336853, 10.755090713500977]
            material:
                shader (str, 1):  ['PdxMeshAdvanced']
                diff (str, 1):  ['air_winter_desert_arid_plateau_phase_3_diff.dds']
                spec (str, 1):  ['air_winter_desert_arid_plateau_spec.dds']
                n (str, 1):  ['air_winter_desert_arid_plateau_n.dds']
locator:
