pdxasset (int, 2):  [1, 0]
object:
    air_winter_desert_arid_plateau_frozen_water:
        mesh:
            p (float, 291):  [0.0, 0.41600000858306885, 0.0, 2.487628936767578, 0.34872499108314514, 0.0, 2.383376121520996, 0.3025889992713928, 0.47408297657966614, 2.427381753921509, 0.2517378628253937, 1.005454421043396, 2.120865821838379, 0.21331149339675903, 1.4171172380447388, 1.7843003273010254, 0.2002619355916977, 1.7843003273010254, 1.4280632734298706, 0.21698766946792603, 2.1372478008270264, 1.0001633167266846, 0.25785112380981445, 2.4146077632904053, 0.5008915066719055, 0.30907881259918213, 2.5181517601013184, 1.478836278449161e-16, 0.35340389609336853, 2.4151227474212646, -0.5173978805541992, 0.37588611245155334, 2.601134777069092, -0.9228360652923584, 0.3689476251602173, 2.2279233932495117, -1.3425557613372803, 0.33492711186408997, 2.0092766284942627, -1.7151496410369873, 0.28529152274131775, 1.7151496410369873, -2.0713131427764893, 0.2367711067199707, 1.3840070962905884, -2.3679049015045166, 0.20572017133235931, 0.9808183312416077, -2.369798183441162, 0.2026047706604004, 0.47138214111328125, -2.4229633808135986, 0.22847498953342438, 2.9672742047510416e-16, -2.4580020904541016, 0.2746109962463379, -0.48892703652381897, -2.4168713092803955, 0.32546213269233704, -1.0011008977890015, -1.990800380706787, 0.3638885021209717, -1.3302103281021118, -1.8578555583953857, 0.3769380748271942, -1.8578555583953857, -1.3589838743209839, 0.3602123260498047, -2.033863067626953, -1.0029741525650024, 0.31934887170791626, -2.421393871307373, -0.47569507360458374, 0.2681211829185486, -2.3914806842803955, -4.835245227753811e-16, 0.22379611432552338, -2.6321849822998047, 0.5171833038330078, 0.20131386816501617, -2.6000559329986572, 1.0132333040237427, 0.20825237035751343, -2.4461615085601807, 1.42052161693573, 0.24227289855480194, -2.1259608268737793, 1.8675470352172852, 0.29190847277641296, -1.8675470352172852, 2.1572964191436768, 0.34042888879776, -1.44145929813385, 2.203035831451416, 0.3714798390865326, -0.912527322769165, 2.4670207500457764, 0.3745952248573303, -0.4907209277153015, 4.896958351135254, 0.26032501459121704, 0.0, 4.810516834259033, 0.21418900787830353, 0.9568712711334229, 4.650229454040527, 0.1633378565311432, 1.9261879920959473, 4.175574779510498, 0.12491149455308914, 2.790030002593994, 3.466109275817871, 0.1118619367480278, 3.466109275817871, 2.573396921157837, 0.12858766317367554, 3.851360559463501, 1.8953447341918945, 0.16945111751556396, 4.5757670402526855, 0.9409013986587524, 0.22067880630493164, 4.730230808258057, 3.320158718489024e-16, 0.26500388979911804, 5.4222307205200195, -0.8781781196594238, 0.28748613595962524, 4.4148993492126465, -1.7701287269592285, 0.2805476486682892, 4.273468494415283, -2.8289148807525635, 0.24652710556983948, 4.233770370483398, -3.2335212230682373, 0.19689153134822845, 3.2335212230682373, -3.9867992401123047, 0.14837110042572021, 2.663893938064575, -4.860989570617676, 0.11732017248868942, 2.0134878158569336, -5.4518723487854, 0.1142047718167305, 1.0844447612762451, -4.88301944732666, 0.14007499814033508, 5.979974257067739e-16, -4.419191360473633, 0.1862110048532486, -0.8790318369865417, -4.612768173217773, 0.23706214129924774, -1.9106712341308594, -4.053886890411377, 0.2754884958267212, -2.7087206840515137, -3.423048496246338, 0.2885380685329437, -3.423048496246338, -2.871469020843506, 0.2718123197555542, -4.297457218170166, -1.8785065412521362, 0.23094888031482697, -4.535115718841553, -0.9486132264137268, 0.1797211915254593, -4.769001007080078, -9.624137636260314e-16, 0.1353961080312729, -5.239136695861816, 0.9858821034431458, 0.11291387677192688, -4.956364154815674, 1.9558429718017578, 0.11985236406326294, -4.721822738647461, 2.6945536136627197, 0.15387289226055145, -4.032684326171875, 3.5391194820404053, 0.20350846648216248, -3.5391194820404053, 4.303358554840088, 0.2520288825035095, -2.8754124641418457, 5.119503974914551, 0.2830798327922821, -2.120568037033081, 5.260437965393066, 0.28619521856307983, -1.0463660955429077, 8.442110061645508, 0.13302059471607208, 0.0, 8.029017448425293, 0.11673729121685028, 1.5970709323883057, 5.786395072937012, 0.09878983348608017, 2.396803379058838, 5.791916370391846, 0.0852275863289833, 3.870034694671631, 4.785189628601074, 0.0806218609213829, 4.785189628601074, 4.043129920959473, 0.08652506023645401, 6.050971508026123, 3.083923816680908, 0.10094745457172394, 7.445250511169434, 1.5426241159439087, 0.11902781575918198, 7.755295276641846, 3.9045386602005864e-16, 0.13467195630073547, 6.376595497131348, -1.2306121587753296, 0.14260686933994293, 6.186705112457275, -2.6545958518981934, 0.14015798270702362, 6.408761501312256, -3.475825309753418, 0.12815074622631073, 5.201940059661865, -5.334746360778809, 0.11063230037689209, 5.334746360778809, -5.544053077697754, 0.09350744634866714, 3.7044179439544678, -7.935936450958252, 0.08254829794168472, 3.287172555923462, -7.646969318389893, 0.0814487412571907, 1.5210767984390259, -8.004999160766602, 0.09057941287755966, 9.803296751307623e-16, -7.105195999145508, 0.10686270892620087, -1.4133113622665405, -6.774323463439941, 0.12481016665697098, -2.806016683578491, -5.414274215698242, 0.13837242126464844, -3.6177024841308594, -5.033426761627197, 0.14297814667224884, -5.033426761627197, -4.751077651977539, 0.13707493245601654, -7.110489845275879, -3.263226270675659, 0.12265254557132721, -7.878125190734863, -1.5545951128005981, 0.10457218438386917, -7.81547737121582, -1.4396076680327522e-15, 0.08892803639173508, -7.836859226226807, 1.2699986696243286, 0.08099313080310822, -6.384714126586914, 3.2922041416168213, 0.08344200998544693, -7.948083877563477, 4.6456217765808105, 0.09544925391674042, -6.952664375305176, 4.8878326416015625, 0.11296769231557846, -4.8878326416015625, 6.385881423950195, 0.1300925463438034, -4.266909599304199, 6.345304489135742, 0.14105170965194702, -2.6283111572265625, 8.185802459716797, 0.14215125143527985, -1.628257393836975]
            n (float, 291):  [-0.0009625906241126359, 0.9999992251396179, 0.0007181052351370454, 0.030670877546072006, 0.9974179267883301, 0.06493663042783737, 0.02615826204419136, 0.9960929751396179, 0.08434773236513138, 0.017222287133336067, 0.9966241121292114, 0.08027218282222748, 0.021397903561592102, 0.9971892833709717, 0.071803517639637, 0.04502901807427406, 0.9980624318122864, 0.04294026270508766, 0.07553191483020782, 0.9969448447227478, 0.01989799179136753, 0.0895734578371048, 0.9958609938621521, 0.015405717305839062, 0.08314870297908783, 0.9962666630744934, 0.023220082744956017, 0.05725124850869179, 0.9979526996612549, 0.028508564457297325, -0.0008958102553151548, 0.9995128512382507, 0.031197702512145042, -0.043726738542318344, 0.9989722967147827, 0.01192914042621851, -0.07917032390832901, 0.996787428855896, -0.012121873907744884, -0.0927058681845665, 0.9953286647796631, -0.026953214779496193, -0.07720141857862473, 0.996863603591919, -0.017404409125447273, -0.05867981165647507, 0.9982718825340271, -0.0031585884280502796, -0.05788503959774971, 0.9980968832969666, 0.021259136497974396, -0.05645672231912613, 0.996623158454895, 0.05962293967604637, -0.06429353356361389, 0.9949014186859131, 0.07770124077796936, -0.061573490500450134, 0.9965994358062744, 0.05475723743438721, -0.04703949764370918, 0.9986674785614014, 0.021225573495030403, -0.019818728789687157, 0.9996146559715271, -0.01943461410701275, 0.025105156004428864, 0.9984461069107056, -0.04975074157118797, 0.0574982650578022, 0.9963748455047607, -0.06269858777523041, 0.06747793406248093, 0.9955852031707764, -0.06524457782506943, 0.04460510239005089, 0.9976823329925537, -0.05138377845287323, 0.023577164858579636, 0.9982531070709229, -0.05417320877313614, -0.004292441997677088, 0.9980554580688477, -0.062183678150177, -0.026531165465712547, 0.9962169528007507, -0.08275239169597626, -0.0292452834546566, 0.995771586894989, -0.08708381652832031, -0.008967219851911068, 0.9975309371948242, -0.0696546658873558, 0.010143282823264599, 0.9993327856063843, -0.03508751466870308, 0.027690451592206955, 0.9994790554046631, 0.01657780632376671, 0.0351676307618618, 0.9985876083374023, 0.03982413560152054, 0.024323588237166405, 0.9980306625366211, 0.05782034248113632, 0.017105938866734505, 0.9982934594154358, 0.05583449825644493, 0.013063265010714531, 0.9992507100105286, 0.03643171489238739, 0.019043542444705963, 0.9996097087860107, 0.020440949127078056, 0.04519355669617653, 0.9989413022994995, 0.00859296228736639, 0.05056203529238701, 0.9986608028411865, 0.010959762148559093, 0.05117017775774002, 0.9982854723930359, 0.028422124683856964, -0.0003648724523372948, 0.9978737831115723, 0.0651741549372673, -0.009121210314333439, 0.9984751343727112, 0.05444556847214699, -0.03237612172961235, 0.9985185265541077, 0.04373353347182274, -0.05597048997879028, 0.9980640411376953, 0.02711896225810051, -0.0647396594285965, 0.9978523254394531, -0.00997663289308548, -0.04444471374154091, 0.9989764094352722, -0.008422513492405415, -0.0235636904835701, 0.9997169375419617, 0.0032794452272355556, -0.018920591101050377, 0.9997788667678833, 0.009178360924124718, -0.02743569388985634, 0.9993503093719482, 0.023373423144221306, -0.04703466594219208, 0.997846245765686, 0.0457223616540432, -0.053213100880384445, 0.9984606504440308, 0.015644405037164688, -0.05655001103878021, 0.9983398914337158, -0.010933585464954376, -0.04280918464064598, 0.9987854361534119, -0.024394256994128227, -0.009851214475929737, 0.9992049336433411, -0.03863139823079109, 0.030929451808333397, 0.9983404874801636, -0.048576243221759796, 0.037575799971818924, 0.9985030293464661, -0.03974718973040581, 0.02921569161117077, 0.9992250800132751, -0.026376619935035706, 0.013241359032690525, 0.9995572566986084, -0.02664339914917946, -0.007966001518070698, 0.9995418190956116, -0.029200628399848938, -0.012327841483056545, 0.9989172220230103, -0.04485992714762688, -0.006405782885849476, 0.9981895089149475, -0.05980502441525459, 0.014066626317799091, 0.9982193112373352, -0.05796780064702034, 0.04157803952693939, 0.9983552098274231, -0.039472661912441254, 0.04102835804224014, 0.9991498589515686, -0.004036917816847563, 0.03700451925396919, 0.999066174030304, 0.022304097190499306, 0.02780969999730587, 0.9988403916358948, 0.03930184245109558, 0.021357610821723938, 0.9985945224761963, 0.04850572347640991, 0.014269649051129818, 0.999639630317688, 0.022736988961696625, 0.01403769850730896, 0.9998272657394409, 0.012180116027593613, 0.030511118471622467, 0.999528169631958, 0.0035493711475282907, 0.033682454377412796, 0.9993576407432556, 0.012239581905305386, 0.024654114618897438, 0.9992369413375854, 0.030293798074126244, -0.010023284703493118, 0.997381865978241, 0.07161707431077957, -0.018462978303432465, 0.996418297290802, 0.08252155035734177, -0.03026214987039566, 0.9975467324256897, 0.0631243959069252, -0.049866363406181335, 0.997917890548706, 0.04090659320354462, -0.04418424144387245, 0.9989928603172302, 0.00780240073800087, -0.029794083908200264, 0.9995560646057129, -0.00010024120274465531, -0.013773057609796524, 0.9999014139175415, 0.0027267849072813988, -0.013582865707576275, 0.9998925924301147, 0.005501287989318371, -0.018288925290107727, 0.9997519850730896, 0.012706194072961807, -0.03383491560816765, 0.9992513060569763, 0.01876218616962433, -0.0498746782541275, 0.9987519383430481, 0.002643393585458398, -0.06309736520051956, 0.9975756406784058, -0.029350802302360535, -0.05855526402592659, 0.998005747795105, -0.023575298488140106, -0.013782382011413574, 0.9992709755897522, -0.035603635013103485, 0.013306249864399433, 0.9991286993026733, -0.03955642133951187, 0.021902773529291153, 0.9992891550064087, -0.030684206634759903, 0.02173255942761898, 0.9995283484458923, -0.021698158234357834, 0.006960647646337748, 0.9998113512992859, -0.018131272867321968, -0.008022105321288109, 0.9997890591621399, -0.018906744197010994, -0.002464017365127802, 0.9997519254684448, -0.022136876359581947, 0.007936671376228333, 0.9988802671432495, -0.046639084815979004, 0.03337637335062027, 0.9981058835983276, -0.05167916789650917, 0.056449346244335175, 0.9973523616790771, -0.04584578052163124, 0.04677417874336243, 0.9988828897476196, -0.0067239124327898026]
            ta (float, 388):  [0.9999995231628418, 0.0009625906823202968, -3.029619000116668e-09, 1.0, 0.9995279908180237, -0.030723121017217636, -0.00019419800082687289, 1.0, 0.9996559023857117, -0.02622905559837818, -0.00026894931215792894, 1.0, 0.9998510479927063, -0.017254680395126343, -0.0002901410043705255, 1.0, 0.9997704029083252, -0.021423250436782837, -0.0004171498294454068, 1.0, 0.9989836812019348, -0.04507351666688919, 6.82933532516472e-05, 1.0, 0.99714195728302, -0.07555030286312103, 0.00017333361029159278, 1.0, 0.9959790706634521, -0.08958595991134644, 0.00012142114428570494, 1.0, 0.9965347051620483, -0.08317732810974121, 0.0002683007624000311, 1.0, 0.9983580708503723, -0.05728055536746979, 0.0002117294498020783, 1.0, 0.9999995231628418, 0.0008813667809590697, 0.0004766801721416414, 1.0, 0.999043345451355, 0.04373164474964142, -0.00015049477224238217, 1.0, 0.9968605041503906, 0.0791773721575737, 0.00010174407361773774, 1.0, 0.9956896901130676, 0.09274692833423615, 0.0002745036908891052, 1.0, 0.9970144033432007, 0.0772162452340126, 0.00018059149442706257, 1.0, 0.9982768297195435, 0.05868016183376312, 2.089143163175322e-05, 1.0, 0.9983224868774414, 0.05789920315146446, -5.070176484878175e-05, 1.0, 0.9983983635902405, 0.05657399073243141, -0.00027936429250985384, 1.0, 0.9979161620140076, 0.0645219087600708, -0.0004296102561056614, 1.0, 0.9980964064598083, 0.06167327240109444, -0.00013274750381242484, 1.0, 0.9988924264907837, 0.04705174267292023, -7.739268039586022e-05, 1.0, 0.9998035430908203, 0.019820887595415115, -8.16735191619955e-05, 1.0, 0.9996837377548218, -0.02514621987938881, -0.0001996187202166766, 1.0, 0.9983358383178711, -0.05766185373067856, -0.0008012691396288574, 1.0, 0.9977068305015564, -0.06767792254686356, -0.0008573114173486829, 1.0, 0.999001145362854, -0.044682636857032776, -0.00036068426561541855, 1.0, 0.9997210502624512, -0.023616474121809006, -8.547829202143475e-05, 1.0, 0.9999906420707703, 0.00431432481855154, 0.00021762751566711813, 1.0, 0.9996432662010193, 0.026694603264331818, 0.0008691035327501595, 1.0, 0.999565839767456, 0.02944321557879448, 0.0009890368673950434, 1.0, 0.9999593496322632, 0.009014148265123367, 0.0003594501758925617, 1.0, 0.9999485015869141, -0.010148624889552593, 2.5804436518228613e-05, 1.0, 0.9996164441108704, -0.02769411914050579, -8.261192306235898e-06, 1.0, 0.9993804693222046, -0.03519375994801521, -4.5029359171167016e-05, 1.0, 0.9997031688690186, -0.024362092837691307, -3.896153066307306e-05, 1.0, 0.9998526573181152, -0.017158472910523415, 0.00046159105841070414, 1.0, 0.9999145865440369, -0.013074751943349838, 7.698029367020354e-05, 1.0, 0.9998186230659485, -0.01904645375907421, -5.225849599810317e-05, 1.0, 0.9989782571792603, -0.04519519954919815, -3.4994159250345547e-06, 1.0, 0.9987207055091858, -0.0505651980638504, 1.193129355669953e-05, 1.0, 0.9986884593963623, -0.05119762942194939, 0.0002389051951467991, 1.0, 0.9999953508377075, 0.00016773687093518674, 0.003030121326446533, 1.0, 0.9999579787254333, 0.009158511646091938, -0.0004356749705038965, 1.0, 0.9994750022888184, 0.03240097314119339, 0.0001406076189596206, 1.0, 0.9984297156333923, 0.05601247027516365, -0.0007900405908003449, 1.0, 0.9979019165039062, 0.06474315375089645, 2.7789197702077217e-05, 1.0, 0.9990118145942688, 0.04444627836346626, -1.3454433656079345e-06, 1.0, 0.9997223615646362, 0.023563826456665993, -3.3853816603368614e-06, 1.0, 0.9998210072517395, 0.018921349197626114, 4.267494205123512e-06, 1.0, 0.9996233582496643, 0.02744346670806408, -1.1946983249799814e-05, 1.0, 0.9988908171653748, 0.04708383232355118, 1.6311602166751982e-06, 1.0, 0.9985827803611755, 0.053219955414533615, -2.217224937339779e-05, 1.0, 0.9983994960784912, 0.05655420199036598, 7.46962396078743e-05, 1.0, 0.9990828037261963, 0.042820971459150314, -3.9359929360216483e-05, 1.0, 0.9999514818191528, 0.00985353160649538, -0.00013045052764937282, 1.0, 0.9995202422142029, -0.03097347915172577, -0.00015371055633295327, 1.0, 0.9992924928665161, -0.037609998136758804, -0.00011273180280113593, 1.0, 0.9995728135108948, -0.029225187376141548, 2.540685272833798e-05, 1.0, 0.9999122023582458, -0.013247623108327389, -5.861412137164734e-05, 1.0, 0.9999682903289795, 0.007968483492732048, -3.144404399790801e-05, 1.0, 0.999923825263977, 0.01234167069196701, 3.135206497972831e-05, 1.0, 0.9999793767929077, 0.006430402398109436, 0.0002191966341342777, 1.0, 0.9999006986618042, -0.014095979742705822, -9.746945579536259e-05, 1.0, 0.9991324543952942, -0.04164023697376251, -0.000754361564759165, 1.0, 0.9991580247879028, -0.041028738021850586, -1.1084743164246902e-05, 1.0, 0.9993147253990173, -0.03701573610305786, 9.027239866554737e-05, 1.0, 0.99961256980896, -0.027833160012960434, 4.980300218448974e-05, 1.0, 0.9997712969779968, -0.021382896229624748, 2.436511294945376e-06, 1.0, 0.9998981356620789, -0.014273643493652344, 1.3400640455074608e-05, 1.0, 0.9999014735221863, -0.014038807712495327, 5.581109235208714e-06, 1.0, 0.9995344281196594, -0.030511289834976196, -6.572462552867364e-06, 1.0, 0.9994325041770935, -0.033683210611343384, -0.0001445758098270744, 1.0, 0.9996959567070007, -0.024651573970913887, -0.00045731934369541705, 1.0, 0.9999496936798096, 0.009979991242289543, 0.0009623501100577414, 1.0, 0.9998288154602051, 0.018502404913306236, 0.0002870147582143545, 1.0, 0.9995403289794922, 0.03031863644719124, 6.308594311121851e-05, 1.0, 0.9987539052963257, 0.04990679770708084, 3.282151374150999e-05, 1.0, 0.9990234375, 0.044184647500514984, 0.00012111390242353082, 1.0, 0.9995560646057129, 0.029794080182909966, -2.8846753252764756e-07, 1.0, 0.9999052286148071, 0.013773083686828613, 9.365078767586965e-06, 1.0, 0.9999077320098877, 0.013583049178123474, 3.937492238037521e-06, 1.0, 0.9998327493667603, 0.018289830535650253, 4.494977110880427e-05, 1.0, 0.9994272589683533, 0.03384047746658325, 2.0896563000860624e-05, 1.0, 0.9987554550170898, 0.04987482354044914, 1.2441492799553089e-05, 1.0, 0.998005747795105, 0.06312267482280731, -6.443310849135742e-05, 1.0, 0.9982831478118896, 0.058572277426719666, 3.126117735519074e-05, 1.0, 0.9999045133590698, 0.013806644827127457, 0.0004357792786322534, 1.0, 0.9999115467071533, -0.013301081955432892, 0.0003938221198040992, 1.0, 0.9997600317001343, -0.021908050402998924, 0.0001642995048314333, 1.0, 0.9997637867927551, -0.02173457480967045, 0.00014283867494668812, 1.0, 0.9999758005142212, -0.006961780600249767, 6.929249138920568e-07, 1.0, 0.9999678730964661, 0.008022254332900047, -6.792265776311979e-05, 1.0, 0.9999969005584717, 0.002462382661178708, -0.00010110446601174772, 1.0, 0.9999684691429138, -0.007950150407850742, -0.0001034901142702438, 1.0, 0.9994412064552307, -0.03342491015791893, -7.496751641156152e-05, 1.0, 0.9984021186828613, -0.056508149951696396, 1.3287267393025104e-05, 1.0, 0.9989054799079895, -0.04677513614296913, 1.374815110466443e-05, 1.0]
            u0 (float, 194):  [0.5, 0.5, 0.6563563346862793, 0.5, 0.649803638458252, 0.4702022075653076, 0.652569591999054, 0.4368036389350891, 0.6333039402961731, 0.4109291434288025, 0.6121495962142944, 0.38785040378570557, 0.5897588729858398, 0.36566638946533203, 0.562863826751709, 0.34823334217071533, 0.5314828157424927, 0.34172523021698, 0.5, 0.3482009768486023, 0.4674797058105469, 0.3365094065666199, 0.4419964849948883, 0.35996711254119873, 0.41561558842658997, 0.3737097978591919, 0.39219674468040466, 0.39219677448272705, 0.3698106110095978, 0.41301023960113525, 0.35116875171661377, 0.438352108001709, 0.3510497808456421, 0.47037196159362793, 0.34770816564559937, 0.5, 0.34550583362579346, 0.530730813741684, 0.3480910658836365, 0.5629227459430695, 0.3748711347579956, 0.5836084485054016, 0.3832271695137024, 0.6167728304862976, 0.4145830273628235, 0.6278355121612549, 0.43695950508117676, 0.6521931886672974, 0.47010087966918945, 0.6503130495548248, 0.5, 0.665442168712616, 0.5325068235397339, 0.6634227633476257, 0.5636852979660034, 0.653749942779541, 0.5892848372459412, 0.6336241960525513, 0.6173819899559021, 0.6173819601535797, 0.6355937123298645, 0.590600848197937, 0.6384686231613159, 0.5573555827140808, 0.6550610065460205, 0.5308435559272766, 0.8077912330627441, 0.5, 0.8023580312728882, 0.43985724449157715, 0.7922834157943726, 0.37893223762512207, 0.7624497413635254, 0.32463669776916504, 0.717857301235199, 0.282142698764801, 0.6617471575737, 0.2579283118247986, 0.6191291213035583, 0.2123968005180359, 0.5591390132904053, 0.20268821716308594, 0.5, 0.1591935157775879, 0.444803386926651, 0.22250789403915405, 0.388741135597229, 0.2313973307609558, 0.3221926689147949, 0.2338925004005432, 0.29676172137260437, 0.296761691570282, 0.24941551685333252, 0.3325647711753845, 0.19446954131126404, 0.37344515323638916, 0.1573304831981659, 0.4318388104438782, 0.19308488070964813, 0.5, 0.22223812341690063, 0.5552502870559692, 0.2100711315870285, 0.6200924813747406, 0.2451988160610199, 0.6702527105808258, 0.28484925627708435, 0.7151507437229156, 0.31951797008514404, 0.7701104432344437, 0.3819291889667511, 0.7850481420755386, 0.44037628173828125, 0.7997486442327499, 0.5, 0.829298347234726, 0.5619661808013916, 0.8115250915288925, 0.6229316592216492, 0.7967833131551743, 0.6693622469902039, 0.7534685432910919, 0.7224462032318115, 0.7224462330341339, 0.7704814076423645, 0.680729866027832, 0.8217790126800537, 0.6332852244377136, 0.8306372165679932, 0.5657678246498108, 1.0306165218353271, 0.5, 1.0046522617340088, 0.3996184468269348, 0.863695502281189, 0.3493524193763733, 0.8640425205230713, 0.2567545771598816, 0.8007661700248718, 0.19923382997512817, 0.7541250586509705, 0.11967498064041138, 0.6938355565071106, 0.032039523124694824, 0.5969594120979309, 0.012552142143249512, 0.5, 0.09920835494995117, 0.42265164852142334, 0.11114364862442017, 0.3331492245197296, 0.09718656539916992, 0.28153204917907715, 0.17303961515426636, 0.1646922528743744, 0.164692223072052, 0.15153656899929047, 0.2671641707420349, 0.0011982083087787032, 0.29338955879211426, 0.01936080865561962, 0.4043949246406555, -0.0031426080968230963, 0.5, 0.05341320484876633, 0.5888316333293915, 0.07420970499515533, 0.6763681173324585, 0.1596936285495758, 0.7273854315280914, 0.18363124132156372, 0.8163687586784363, 0.20137789845466614, 0.9469195529818535, 0.29489463567733765, 0.9951681336387992, 0.40228816866874695, 0.9912305166944861, 0.5, 0.9925744216889143, 0.579823911190033, 0.9013019576668739, 0.706926703453064, 0.9995653000369202, 0.7919938564300537, 0.9369996637105942, 0.8072176575660706, 0.8072176277637482, 0.9013753533363342, 0.7681904137134552, 0.89882493019104, 0.6651986837387085, 1.0145068168640137, 0.6023417711257935]
            tri (int, 480):  [0, 2, 1, 0, 3, 2, 0, 4, 3, 0, 5, 4, 0, 6, 5, 0, 7, 6, 0, 8, 7, 0, 9, 8, 0, 10, 9, 0, 11, 10, 0, 12, 11, 0, 13, 12, 0, 14, 13, 0, 15, 14, 0, 16, 15, 0, 17, 16, 0, 18, 17, 0, 19, 18, 0, 20, 19, 0, 21, 20, 0, 22, 21, 0, 23, 22, 0, 24, 23, 0, 25, 24, 0, 26, 25, 0, 27, 26, 0, 28, 27, 0, 29, 28, 0, 30, 29, 0, 31, 30, 0, 32, 31, 0, 1, 32, 1, 34, 33, 1, 2, 34, 2, 35, 34, 2, 3, 35, 3, 36, 35, 3, 4, 36, 4, 37, 36, 4, 5, 37, 5, 38, 37, 5, 6, 38, 6, 39, 38, 6, 7, 39, 7, 40, 39, 7, 8, 40, 8, 41, 40, 8, 9, 41, 9, 42, 41, 9, 10, 42, 10, 43, 42, 10, 11, 43, 11, 44, 43, 11, 12, 44, 12, 45, 44, 12, 13, 45, 13, 46, 45, 13, 14, 46, 14, 47, 46, 14, 15, 47, 15, 48, 47, 15, 16, 48, 16, 49, 48, 16, 17, 49, 17, 50, 49, 17, 18, 50, 18, 51, 50, 18, 19, 51, 19, 52, 51, 19, 20, 52, 20, 53, 52, 20, 21, 53, 21, 54, 53, 21, 22, 54, 22, 55, 54, 22, 23, 55, 23, 56, 55, 23, 24, 56, 24, 57, 56, 24, 25, 57, 25, 58, 57, 25, 26, 58, 26, 59, 58, 26, 27, 59, 27, 60, 59, 27, 28, 60, 28, 61, 60, 28, 29, 61, 29, 62, 61, 29, 30, 62, 30, 63, 62, 30, 31, 63, 31, 64, 63, 31, 32, 64, 32, 33, 64, 33, 32, 1, 33, 66, 65, 33, 34, 66, 34, 67, 66, 34, 35, 67, 35, 68, 67, 35, 36, 68, 36, 69, 68, 36, 37, 69, 37, 70, 69, 37, 38, 70, 38, 71, 70, 38, 39, 71, 39, 72, 71, 39, 40, 72, 40, 73, 72, 40, 41, 73, 41, 74, 73, 41, 42, 74, 42, 75, 74, 42, 43, 75, 43, 76, 75, 43, 44, 76, 44, 77, 76, 44, 45, 77, 45, 78, 77, 45, 46, 78, 46, 79, 78, 46, 47, 79, 47, 80, 79, 47, 48, 80, 48, 81, 80, 48, 49, 81, 49, 82, 81, 49, 50, 82, 50, 83, 82, 50, 51, 83, 51, 84, 83, 51, 52, 84, 52, 85, 84, 52, 53, 85, 53, 86, 85, 53, 54, 86, 54, 87, 86, 54, 55, 87, 55, 88, 87, 55, 56, 88, 56, 89, 88, 56, 57, 89, 57, 90, 89, 57, 58, 90, 58, 91, 90, 58, 59, 91, 59, 92, 91, 59, 60, 92, 60, 93, 92, 60, 61, 93, 61, 94, 93, 61, 62, 94, 62, 95, 94, 62, 63, 95, 63, 96, 95, 63, 64, 96, 64, 65, 96, 65, 64, 33]
            boundingsphere (float, 4):  [0.21855545043945312, 0.24831093847751617, -0.09639430046081543, 8.830160206107584]
            aabb:
                min (float, 3):  [-8.004999160766602, 0.0806218609213829, -7.948083877563477]
                max (float, 3):  [8.442110061645508, 0.41600000858306885, 7.755295276641846]
            material:
                shader (str, 1):  ['PdxMeshAlphaBlend']
                diff (str, 1):  ['air_winter_desert_arid_plateau_frozen_water_diff.dds']
                spec (str, 1):  ['air_winter_desert_arid_plateau_frozen_water_spec.dds']
                n (str, 1):  ['air_winter_desert_arid_plateau_frozen_water_n.dds']
locator:
