pdxasset (int, 2):  [1, 0]
object:
    air_winter_temperate_maritime_phase_5:
        mesh:
            p (float, 291):  [0.0, 0.4320000112056732, 0.0, 3.4285154342651367, 0.2479865550994873, 0.0, 3.0746421813964844, 0.2145628035068512, 0.6115843653678894, 2.8575215339660645, 0.2098354548215866, 1.183624267578125, 2.8627734184265137, 0.23539793491363525, 1.9128440618515015, 2.227834939956665, 0.28263410925865173, 2.227834939956665, 1.7376999855041504, 0.33562251925468445, 2.600651741027832, 1.2698837518692017, 0.3765028715133667, 3.0657706260681152, 0.6259629726409912, 0.3914959728717804, 3.146928310394287, 2.084265782993381e-16, 0.37554827332496643, 3.4038643836975098, -0.6179845929145813, 0.33403506875038147, 3.106818199157715, -1.3122113943099976, 0.2809488773345947, 3.1679584980010986, -1.7773669958114624, 0.2341829538345337, 2.660017728805542, -2.333674430847168, 0.209500253200531, 2.333674430847168, -2.8429083824157715, 0.2152203470468521, 1.8995705842971802, -3.076995372772217, 0.24941521883010864, 1.2745332717895508, -3.3505377769470215, 0.3005591034889221, 0.6664634346961975, -3.338721513748169, 0.35141345858573914, 4.0887548266408e-16, -3.0422704219818115, 0.38483721017837524, -0.6051452159881592, -3.1420459747314453, 0.38956454396247864, -1.3014781475067139, -2.740652084350586, 0.3640020787715912, -1.8312450647354126, -2.259932279586792, 0.3167659044265747, -2.259932279586792, -1.7515714168548584, 0.2637774646282196, -2.6214118003845215, -1.2971419095993042, 0.22289712727069855, -3.131577730178833, -0.6425762176513672, 0.20790402591228485, -3.2304489612579346, -6.284744652423717e-16, 0.22385172545909882, -3.421255588531494, 0.6559638381004333, 0.2653649151325226, -3.297753095626831, 1.312445878982544, 0.3184511065483093, -3.168524742126465, 1.8266087770462036, 0.36521705985069275, -2.733713150024414, 2.3583624362945557, 0.38989976048469543, -2.3583624362945557, 2.7474491596221924, 0.38417965173721313, -1.8357868194580078, 2.9354052543640137, 0.3499847948551178, -1.2158846855163574, 3.362112045288086, 0.29884088039398193, -0.668765664100647, 6.25868034362793, 0.1561865508556366, 0.0, 6.798527240753174, 0.12276279926300049, 1.352311134338379, 6.634312152862549, 0.1180354580283165, 2.7480220794677734, 5.607998371124268, 0.14359793066978455, 3.7471446990966797, 4.252664089202881, 0.19083410501480103, 4.252664089202881, 3.886256217956543, 0.24382252991199493, 5.816193580627441, 2.590214967727661, 0.284702867269516, 6.253332138061523, 1.185300588607788, 0.2996959686279297, 5.958908557891846, 3.6007502936678316e-16, 0.2837482690811157, 5.880471706390381, -1.2824640274047852, 0.24223507940769196, 6.447381973266602, -2.2410924434661865, 0.1891488879919052, 5.410475730895996, -3.9659292697906494, 0.14238294959068298, 5.9354329109191895, -4.62237024307251, 0.1177002489566803, 4.62237024307251, -5.448505878448486, 0.1234203428030014, 3.6405751705169678, -5.9109296798706055, 0.15761521458625793, 2.448387384414673, -6.629344940185547, 0.2087591141462326, 1.318658709526062, -7.126108169555664, 0.2596134543418884, 8.726965632484479e-16, -6.131145000457764, 0.29303720593452454, -1.2195605039596558, -5.863609790802002, 0.29776453971862793, -2.4287867546081543, -5.526461124420166, 0.2722020745277405, -3.6926631927490234, -4.410166263580322, 0.224965900182724, -4.410166263580322, -3.7030680179595947, 0.1719774752855301, -5.5420331954956055, -2.5218563079833984, 0.13109713792800903, -6.088299751281738, -1.2549097537994385, 0.11610402166843414, -6.308856964111328, -1.2448774404369488e-15, 0.1320517361164093, -6.776797294616699, 1.2814620733261108, 0.17356492578983307, -6.442345142364502, 2.271784543991089, 0.2266511172056198, -5.4845733642578125, 4.0229010581970215, 0.27341705560684204, -6.020697116851807, 4.46945333480835, 0.2980997562408447, -4.46945333480835, 5.346345901489258, 0.2923796474933624, -3.5723140239715576, 5.902121067047119, 0.2581847906112671, -2.4447386264801025, 7.0075507164001465, 0.20704087615013123, -1.3938884735107422, 11.032432556152344, 0.09784819930791855, 0.0, 9.452803611755371, 0.0860515758395195, 1.8802796602249146, 8.578487396240234, 0.08438310027122498, 3.553325891494751, 6.919424057006836, 0.09340514987707138, 4.623411178588867, 7.674190998077393, 0.11007674038410187, 7.674190998077393, 4.755115509033203, 0.12877853214740753, 7.1165337562561035, 3.730287551879883, 0.1432068943977356, 9.00571060180664, 1.7796279191970825, 0.14849857985973358, 8.946793556213379, 5.545210774087828e-16, 0.1428699791431427, 9.05601692199707, -1.784615159034729, 0.12821826338768005, 8.971866607666016, -3.2994632720947266, 0.10948196053504944, 7.965608596801758, -4.518528938293457, 0.09297633916139603, 6.762456893920898, -6.867642879486084, 0.08426479250192642, 6.867642879486084, -8.761556625366211, 0.08628365397453308, 5.854284763336182, -9.299717903137207, 0.09835243225097656, 3.852069139480591, -8.488083839416504, 0.11640321463346481, 1.6883848905563354, -10.213495254516602, 0.13435180485248566, 1.2507924832658624e-15, -8.023831367492676, 0.1461484283208847, -1.5960392951965332, -8.608012199401855, 0.14781689643859863, -3.5655553340911865, -8.846357345581055, 0.13879485428333282, -5.910946846008301, -7.73134708404541, 0.12212325632572174, -7.73134708404541, -5.2640862464904785, 0.10342146456241608, -7.878261566162109, -4.09387731552124, 0.08899310231208801, -9.88349437713623, -1.8719595670700073, 0.08370141685009003, -9.41097640991211, -1.7774323594850266e-15, 0.0893300250172615, -9.675890922546387, 1.9251186847686768, 0.10398173332214355, -9.67822551727295, 4.269365310668945, 0.12271804362535477, -10.307159423828125, 5.762359142303467, 0.13922366499900818, -8.623980522155762, 6.727826118469238, 0.14793521165847778, -6.727826118469238, 8.580717086791992, 0.14591634273529053, -5.733451843261719, 9.288566589355469, 0.13384756445884705, -3.8474502563476562, 8.961194038391113, 0.1157967820763588, -1.7824922800064087]
            n (float, 291):  [0.000360006932169199, 0.9999998211860657, 0.0003731227479875088, 0.03889764845371246, 0.9975893497467041, 0.05746714398264885, 0.04130154848098755, 0.9982720017433167, 0.041800227016210556, 0.05634089931845665, 0.9984079003334045, -0.002698300639167428, 0.05257260054349899, 0.9985424876213074, -0.01221036072820425, 0.0706409215927124, 0.9973981976509094, -0.014377697370946407, 0.07175838202238083, 0.9973176717758179, -0.01442862581461668, 0.037401072680950165, 0.9992682933807373, 0.007998689077794552, 0.0008552555227652192, 0.9997768998146057, 0.021104514598846436, -0.03408306464552879, 0.9990800023078918, 0.02603113278746605, -0.06678464263677597, 0.9976068139076233, 0.01790040358901024, -0.06881962716579437, 0.9975727200508118, 0.010604706592857838, -0.06530942767858505, 0.9977989196777344, 0.011491673067212105, -0.039104264229536057, 0.9988532066345215, 0.027624910697340965, -0.022861463949084282, 0.9987162351608276, 0.04520208761096001, -0.01869054138660431, 0.9975917339324951, 0.06679415702819824, -0.01852976530790329, 0.9973222613334656, 0.07074570655822754, -0.024585269391536713, 0.9986339807510376, 0.04610506817698479, -0.024495188146829605, 0.9995127320289612, 0.0193462073802948, -0.016870837658643723, 0.9997113943099976, -0.01710018888115883, 0.0076483143493533134, 0.9984803795814514, -0.05457548797130585, 0.025318656116724014, 0.9971919059753418, -0.07047903537750244, 0.022724373266100883, 0.9976024627685547, -0.06536825746297836, 0.014364953152835369, 0.9985800385475159, -0.0512985922396183, -0.011871307156980038, 0.9987409710884094, -0.04873976856470108, -0.03764363378286362, 0.9983954429626465, -0.04230161011219025, -0.0475737601518631, 0.9976179599761963, -0.04995156452059746, -0.04692450538277626, 0.997418224811554, -0.05436083301901817, -0.025399085134267807, 0.9986883401870728, -0.04445594921708107, 0.008306515403091908, 0.9997466802597046, -0.020917316898703575, 0.03296353295445442, 0.9994048476219177, 0.010169846937060356, 0.04448680579662323, 0.9983004927635193, 0.03764453902840614, 0.042480628937482834, 0.9977635741233826, 0.05160718411207199, 0.02522580511868, 0.9990603923797607, 0.03524095565080643, 0.016681939363479614, 0.9997483491897583, 0.01500057801604271, 0.0210532546043396, 0.9997653365135193, 0.005114012863487005, 0.03389495611190796, 0.9994087219238281, -0.005771265830844641, 0.04986609145998955, 0.9987122416496277, -0.009339637123048306, 0.04635488986968994, 0.9988282918930054, 0.013902099803090096, 0.028444236144423485, 0.9991262555122375, 0.030619923025369644, -0.0010511005530133843, 0.9992226958274841, 0.03940565139055252, -0.019968979060649872, 0.9990980625152588, 0.03747549280524254, -0.03763733059167862, 0.9988617897033691, 0.029301276430487633, -0.050642356276512146, 0.9986039996147156, 0.015011987648904324, -0.027496881783008575, 0.9995100498199463, 0.01494864746928215, -0.020802708342671394, 0.9997237920761108, 0.010935578495264053, -0.009283777326345444, 0.9997140765190125, 0.02203439362347126, -0.012081651017069817, 0.9992365837097168, 0.03715353086590767, -0.02351239323616028, 0.9986669421195984, 0.045949842780828476, -0.03872835263609886, 0.999148964881897, 0.01419571042060852, -0.042940404266119, 0.9990772008895874, 0.0009346089791506529, -0.038987550884485245, 0.9991998672485352, -0.00892625655978918, -0.015285775065422058, 0.9993729591369629, -0.03193492069840431, 0.009910830296576023, 0.9987949132919312, -0.04806654900312424, 0.012016931548714638, 0.9992610216140747, -0.036509063094854355, 0.010104717686772346, 0.9996019005775452, -0.02634546160697937, -0.0050684367306530476, 0.9997571110725403, -0.021448085084557533, -0.019826140254735947, 0.9995832443237305, -0.020980974659323692, -0.02492498606443405, 0.9992567300796509, -0.029405003413558006, -0.031258683651685715, 0.998522162437439, -0.0444575659930706, 0.007720370776951313, 0.9994084239006042, -0.033515214920043945, 0.022043446078896523, 0.9994094371795654, -0.02636001631617546, 0.03412159904837608, 0.9993801712989807, -0.008659015409648418, 0.040530525147914886, 0.9990537166595459, 0.01577714830636978, 0.03404391556978226, 0.9991950392723083, 0.02122010663151741, 0.016649900004267693, 0.9997460246086121, 0.015188034623861313, 0.01224262174218893, 0.9998345375061035, 0.01345402467995882, 0.016030609607696533, 0.9998406171798706, 0.007859130389988422, 0.0301910899579525, 0.9995425343513489, -0.0017961278790608048, 0.03229203075170517, 0.9994727969169617, 0.003367319004610181, 0.041551150381565094, 0.9988225102424622, 0.02504512295126915, 0.02582445554435253, 0.9987165927886963, 0.043568529188632965, -0.0026195920072495937, 0.998770534992218, 0.04950214549899101, -0.009106654673814774, 0.9989084005355835, 0.04581589251756668, -0.028128385543823242, 0.9990118741989136, 0.034412018954753876, -0.039798885583877563, 0.998918890953064, 0.02402186580002308, -0.021040257066488266, 0.9996162056922913, 0.018021240830421448, -0.007843012921512127, 0.9999114274978638, 0.010748068802058697, -0.005133661441504955, 0.9998971223831177, 0.013395506888628006, -0.01094041671603918, 0.9997855424880981, 0.01758556254208088, -0.031086796894669533, 0.9988483190536499, 0.03654821589589119, -0.0451316200196743, 0.9989305734634399, 0.010047893039882183, -0.05858515202999115, 0.9981162548065186, -0.018212130293250084, -0.04858933389186859, 0.9988070726394653, -0.004859877750277519, -0.019848354160785675, 0.999494731426239, -0.024827461689710617, -0.002159220166504383, 0.9994111061096191, -0.03424606844782829, 0.0051620942540466785, 0.9995864033699036, -0.02829001657664776, 0.004693686030805111, 0.9998599886894226, -0.016060233116149902, -0.00034594390308484435, 0.9999239444732666, -0.01233003381639719, -0.012662211433053017, 0.9997931122779846, -0.015923073515295982, -0.01744471862912178, 0.9995464086532593, -0.02454853430390358, -0.012273663654923439, 0.9994126558303833, -0.031996823847293854, 0.010150856338441372, 0.9994363784790039, -0.03199758008122444, 0.03306785598397255, 0.9990031123161316, -0.029987433925271034, 0.03401529788970947, 0.9992923140525818, -0.016056040301918983, 0.041635893285274506, 0.9991268515586853, 0.0034530870616436005, 0.032714374363422394, 0.9993965029716492, 0.011678695678710938]
            ta (float, 388):  [0.9999999403953552, -0.00036000629188492894, -2.1685306883512112e-09, 1.0, 0.9992404580116272, -0.03896847367286682, 0.00011184404866071418, 1.0, 0.9991451501846313, -0.04133913293480873, 3.483999171294272e-05, 1.0, 0.9984115958213806, -0.056341126561164856, -6.524953278130852e-06, 1.0, 0.9986168146133423, -0.05257841572165489, -0.00015572358097415417, 1.0, 0.9975011944770813, -0.07064952701330185, -9.103265620069578e-05, 1.0, 0.997421383857727, -0.07176713645458221, -8.927661110647023e-05, 1.0, 0.9993003010749817, -0.037403132766485214, 0.00010808639490278438, 1.0, 0.9999995827674866, -0.0008572229417040944, 8.421242091571912e-05, 1.0, 0.999418318271637, 0.03410358726978302, -0.00034467686782591045, 1.0, 0.9977665543556213, 0.0667971819639206, -0.00010325175389880314, 1.0, 0.9976286888122559, 0.06882570683956146, -0.00020723177294712514, 1.0, 0.9978647232055664, 0.06531471014022827, -8.418663492193446e-05, 1.0, 0.9992345571517944, 0.03911871835589409, 1.7302072592428885e-05, 1.0, 0.9997381567955017, 0.02288178727030754, 6.78656724630855e-05, 1.0, 0.9998248219490051, 0.018715349957346916, 0.00025434180861338973, 1.0, 0.9998278617858887, 0.018553106114268303, 0.000327180401654914, 1.0, 0.9996969699859619, 0.024613063782453537, -3.514402123983018e-05, 1.0, 0.9996998310089111, 0.024500450119376183, -3.494512930046767e-05, 1.0, 0.9998576641082764, 0.016872934997081757, -2.164389479730744e-05, 1.0, 0.999970555305481, -0.0076719108037650585, -0.00022287074534688145, 1.0, 0.9996763467788696, -0.02543298900127411, -0.0007251917268149555, 1.0, 0.9997400641441345, -0.022796694189310074, -0.0003606337704695761, 1.0, 0.9998964071273804, -0.014393212273716927, -0.00018148758681491017, 1.0, 0.9999293684959412, 0.0118842339143157, -2.4560704332543537e-05, 1.0, 0.9992896914482117, 0.03768615797162056, 0.00020781377679668367, 1.0, 0.9988635778427124, 0.04765782877802849, 0.0004926604451611638, 1.0, 0.9988939166069031, 0.047019392251968384, 0.0004671929054893553, 1.0, 0.9996765851974487, 0.025429001078009605, 0.00010734378156485036, 1.0, 0.999965488910675, -0.008307019248604774, 6.280987145146355e-05, 1.0, 0.9994565844535828, -0.03296539559960365, 1.5934409020701423e-05, 1.0, 0.999008297920227, -0.0445244126021862, 0.00016095381579361856, 1.0, 0.9990944862365723, -0.04254593700170517, 0.0001670481142355129, 1.0, 0.9996813535690308, -0.025243308395147324, 5.1708597311517224e-05, 1.0, 0.9998607635498047, -0.01668359711766243, -1.4641848792962264e-05, 1.0, 0.9997784495353699, -0.021053513512015343, -2.9227846880530706e-06, 1.0, 0.9994254112243652, -0.03389548137784004, 7.307351097551873e-06, 1.0, 0.9987558126449585, -0.049868419766426086, -1.6180871170945466e-05, 1.0, 0.9989244341850281, -0.046365950256586075, 0.00047366568469442427, 1.0, 0.9995951652526855, -0.028453752398490906, -0.0001249441847903654, 1.0, 0.9999993443489075, 0.0010568691650405526, -0.00012556312140077353, 1.0, 0.9998003244400024, 0.019982174038887024, 2.238807974208612e-05, 1.0, 0.9992908835411072, 0.037652723491191864, 2.6428855562699027e-05, 1.0, 0.9987166523933411, 0.050647374242544174, 4.61530034954194e-05, 1.0, 0.999621570110321, 0.02750338241457939, -0.00022938860638532788, 1.0, 0.9997835159301758, 0.020804191008210182, -2.1661689970642328e-05, 1.0, 0.9999569058418274, 0.009286456741392612, -1.923517083923798e-05, 1.0, 0.9999269843101501, 0.012092957273125648, -7.95782616478391e-05, 1.0, 0.9997225999832153, 0.02354978583753109, -0.00027248822152614594, 1.0, 0.9992496371269226, 0.038732655346393585, -2.8226832000655122e-05, 1.0, 0.9990776181221008, 0.042940426617860794, -4.366277153167175e-06, 1.0, 0.9992396235466003, 0.03898920491337776, 1.1854451258841436e-05, 1.0, 0.9998830556869507, 0.015291559509932995, -6.314871279755607e-05, 1.0, 0.999950647354126, -0.009926937520503998, -9.638375195208937e-05, 1.0, 0.9999276995658875, -0.012029116973280907, -0.00011403672397136688, 1.0, 0.9999489188194275, -0.01010813843458891, 3.332152573420899e-06, 1.0, 0.9999871850013733, 0.005069931503385305, 1.5267542039509863e-05, 1.0, 0.999803364276886, 0.0198313407599926, 3.97937219531741e-05, 1.0, 0.9996891021728516, 0.024936048313975334, 9.497253813606221e-06, 1.0, 0.9995101690292358, 0.0312948152422905, 0.00011677937436616048, 1.0, 0.9999701380729675, -0.007718001026660204, 0.000200070979190059, 1.0, 0.9997567534446716, -0.022053543478250504, -9.23422776395455e-05, 1.0, 0.9994176626205444, -0.03412292152643204, -4.64339200334507e-06, 1.0, 0.9991780519485474, -0.04053518548607826, -2.413648326182738e-05, 1.0, 0.9994198083877563, -0.03405757620930672, 0.0002827807911671698, 1.0, 0.9998613595962524, -0.016650797799229622, -6.731438770657405e-05, 1.0, 0.9999250173568726, -0.012243688106536865, -3.0634798804385355e-06, 1.0, 0.9998714923858643, -0.016030916944146156, -2.391481575614307e-05, 1.0, 0.9995441436767578, -0.03019114024937153, -3.788276217164821e-07, 1.0, 0.9994785189628601, -0.03229207545518875, -4.242511568008922e-05, 1.0, 0.9991359114646912, -0.04156380146741867, -1.5397934475913644e-05, 1.0, 0.9996658563613892, -0.025852305814623833, 7.581798126921058e-05, 1.0, 0.999996542930603, 0.0026152655482292175, 0.0001521687809145078, 1.0, 0.9999585151672363, 0.009112879633903503, 7.299048593267798e-05, 1.0, 0.9996040463447571, 0.028138458728790283, 0.00019165483536198735, 1.0, 0.9992072582244873, 0.03980967774987221, 2.9044698749203235e-05, 1.0, 0.9997785091400146, 0.02104705385863781, -0.0001874297158792615, 1.0, 0.9999693036079407, 0.007843036204576492, 3.9991395169636235e-05, 1.0, 0.9999867677688599, 0.005134151317179203, -2.221665454271715e-06, 1.0, 0.9999401569366455, 0.010941612534224987, 2.818441134877503e-05, 1.0, 0.9995160698890686, 0.031106969341635704, 1.6706157111912034e-05, 1.0, 0.9989809989929199, 0.04513343796133995, 4.6212426241254434e-05, 1.0, 0.9982818365097046, 0.058594852685928345, -9.499992188466422e-07, 1.0, 0.9988188743591309, 0.04858987405896187, -6.68507709633559e-06, 1.0, 0.9998027682304382, 0.019860653206706047, 0.00024893818772397935, 1.0, 0.999997615814209, 0.0021670397836714983, 0.00019123558013234288, 1.0, 0.9999865889549255, -0.005162808578461409, 4.776352579938248e-05, 1.0, 0.9999889135360718, -0.004693276714533567, 6.314941856544465e-05, 1.0, 0.9999999403953552, 0.0003459206782281399, -4.0165587051888e-06, 1.0, 0.9999198913574219, 0.012662900611758232, -5.7556218962417915e-05, 1.0, 0.9998477697372437, 0.01744747906923294, -0.00010173751070396975, 1.0, 0.9999246001243591, 0.01227037888020277, -0.00029903530958108604, 1.0, 0.9999480843544006, -0.010178033262491226, -0.0006864823517389596, 1.0, 0.9994526505470276, -0.033081647008657455, 3.62568607670255e-05, 1.0, 0.999421238899231, -0.03401895612478256, 4.544976036413573e-05, 1.0, 0.9991328716278076, -0.041636135429143906, -1.7629894273341051e-06, 1.0, 0.9994646310806274, -0.03271641209721565, -1.612713822396472e-05, 1.0]
            u0 (float, 194):  [0.5, 0.5, 0.6661102175712585, 0.5, 0.6489652395248413, 0.47036898136138916, 0.6384457945823669, 0.4426538944244385, 0.6387002468109131, 0.40732342004776, 0.607937753200531, 0.392062246799469, 0.5841909050941467, 0.3739994168281555, 0.5615254044532776, 0.35146456956863403, 0.5303276777267456, 0.34753257036209106, 0.5, 0.33508408069610596, 0.4700588881969452, 0.3494758605957031, 0.4364238679409027, 0.34651362895965576, 0.41388726234436035, 0.37112319469451904, 0.386934369802475, 0.38693439960479736, 0.36226218938827515, 0.4079665541648865, 0.35092076659202576, 0.4382493495941162, 0.3376677334308624, 0.46771007776260376, 0.33824023604393005, 0.5, 0.35260316729545593, 0.5293190479278564, 0.3477690815925598, 0.5630561113357544, 0.36721646785736084, 0.5887231230735779, 0.39050716161727905, 0.609492838382721, 0.41513705253601074, 0.6270063817501068, 0.43715396523475647, 0.651723712682724, 0.4688674211502075, 0.6565139889717102, 0.5, 0.665758490562439, 0.5317811965942383, 0.6597748398780823, 0.563587486743927, 0.6535137891769409, 0.5884984731674194, 0.632447361946106, 0.6142617464065552, 0.6142617464065552, 0.6331128478050232, 0.5889431536197662, 0.6422192454338074, 0.558909147977829, 0.6628929972648621, 0.532401442527771, 0.8032306432723999, 0.5, 0.8293859958648682, 0.43448102474212646, 0.8214298486709595, 0.3668593764305115, 0.7717053294181824, 0.31845229864120483, 0.7060399651527405, 0.2939600348472595, 0.688287615776062, 0.21820765733718872, 0.6254948973655701, 0.19702845811843872, 0.5574273467063904, 0.21129322052001953, 0.5, 0.2150934338569641, 0.43786510825157166, 0.18762683868408203, 0.3914199471473694, 0.23786455392837524, 0.30785226821899414, 0.21243059635162354, 0.276047945022583, 0.276047945022583, 0.2360219955444336, 0.32361555099487305, 0.213617742061615, 0.38137656450271606, 0.17881080508232117, 0.4361115097999573, 0.15474282205104828, 0.5, 0.2029484063386917, 0.5590872466564178, 0.21591037511825562, 0.6176737844944, 0.23224511742591858, 0.678908109664917, 0.28632915019989014, 0.7136708498001099, 0.32058778405189514, 0.7685093581676483, 0.3778170347213745, 0.794975757598877, 0.43920010328292847, 0.805661678314209, 0.5, 0.8283331990242004, 0.5620863437652588, 0.8121291249990463, 0.6100670695304871, 0.7657254487276077, 0.6949080228805542, 0.7917004376649857, 0.7165432572364807, 0.7165432870388031, 0.7590283751487732, 0.6730772256851196, 0.7859554886817932, 0.6184466481208801, 0.8395131230354309, 0.5675333440303802, 1.0345170497894287, 0.5, 0.9579846858978271, 0.4089011549949646, 0.9156243801116943, 0.32784271240234375, 0.8352434039115906, 0.275997519493103, 0.87181156873703, 0.12818843126296997, 0.7303835153579712, 0.15520668029785156, 0.6807309985160828, 0.06367677450180054, 0.5862222909927368, 0.06653130054473877, 0.5, 0.06123948097229004, 0.41353610157966614, 0.06531655788421631, 0.34014227986335754, 0.11406934261322021, 0.2810790240764618, 0.1723616123199463, 0.1672653704881668, 0.16726535558700562, 0.07550598680973053, 0.21636217832565308, 0.049432285130023956, 0.3133687376976013, 0.08875560760498047, 0.4181984066963196, 0.00516009284183383, 0.5, 0.11124847084283829, 0.5773274898529053, 0.08294514566659927, 0.672749787569046, 0.07139743119478226, 0.7863830775022507, 0.1254192292690277, 0.8745807707309723, 0.2449570745229721, 0.8816987201571465, 0.3016532361507416, 0.9788514692336321, 0.40930429100990295, 0.955958154052496, 0.5, 0.9687931686639786, 0.5932712554931641, 0.9689062535762787, 0.7068490982055664, 0.9993778666248545, 0.779184103012085, 0.9178284928202629, 0.8259605765342712, 0.8259605765342712, 0.9157324433326721, 0.7777835130691528, 0.9500274658203125, 0.6864074766635895, 0.9341663718223572, 0.5863610506057739]
            tri (int, 480):  [0, 2, 1, 0, 3, 2, 0, 4, 3, 0, 5, 4, 0, 6, 5, 0, 7, 6, 0, 8, 7, 0, 9, 8, 0, 10, 9, 0, 11, 10, 0, 12, 11, 0, 13, 12, 0, 14, 13, 0, 15, 14, 0, 16, 15, 0, 17, 16, 0, 18, 17, 0, 19, 18, 0, 20, 19, 0, 21, 20, 0, 22, 21, 0, 23, 22, 0, 24, 23, 0, 25, 24, 0, 26, 25, 0, 27, 26, 0, 28, 27, 0, 29, 28, 0, 30, 29, 0, 31, 30, 0, 32, 31, 0, 1, 32, 1, 34, 33, 1, 2, 34, 2, 35, 34, 2, 3, 35, 3, 36, 35, 3, 4, 36, 4, 37, 36, 4, 5, 37, 5, 38, 37, 5, 6, 38, 6, 39, 38, 6, 7, 39, 7, 40, 39, 7, 8, 40, 8, 41, 40, 8, 9, 41, 9, 42, 41, 9, 10, 42, 10, 43, 42, 10, 11, 43, 11, 44, 43, 11, 12, 44, 12, 45, 44, 12, 13, 45, 13, 46, 45, 13, 14, 46, 14, 47, 46, 14, 15, 47, 15, 48, 47, 15, 16, 48, 16, 49, 48, 16, 17, 49, 17, 50, 49, 17, 18, 50, 18, 51, 50, 18, 19, 51, 19, 52, 51, 19, 20, 52, 20, 53, 52, 20, 21, 53, 21, 54, 53, 21, 22, 54, 22, 55, 54, 22, 23, 55, 23, 56, 55, 23, 24, 56, 24, 57, 56, 24, 25, 57, 25, 58, 57, 25, 26, 58, 26, 59, 58, 26, 27, 59, 27, 60, 59, 27, 28, 60, 28, 61, 60, 28, 29, 61, 29, 62, 61, 29, 30, 62, 30, 63, 62, 30, 31, 63, 31, 64, 63, 31, 32, 64, 32, 33, 64, 33, 32, 1, 33, 66, 65, 33, 34, 66, 34, 67, 66, 34, 35, 67, 35, 68, 67, 35, 36, 68, 36, 69, 68, 36, 37, 69, 37, 70, 69, 37, 38, 70, 38, 71, 70, 38, 39, 71, 39, 72, 71, 39, 40, 72, 40, 73, 72, 40, 41, 73, 41, 74, 73, 41, 42, 74, 42, 75, 74, 42, 43, 75, 43, 76, 75, 43, 44, 76, 44, 77, 76, 44, 45, 77, 45, 78, 77, 45, 46, 78, 46, 79, 78, 46, 47, 79, 47, 80, 79, 47, 48, 80, 48, 81, 80, 48, 49, 81, 49, 82, 81, 49, 50, 82, 50, 83, 82, 50, 51, 83, 51, 84, 83, 51, 52, 84, 52, 85, 84, 52, 53, 85, 53, 86, 85, 53, 54, 86, 54, 87, 86, 54, 55, 87, 55, 88, 87, 55, 56, 88, 56, 89, 88, 56, 57, 89, 57, 90, 89, 57, 58, 90, 58, 91, 90, 58, 59, 91, 59, 92, 91, 59, 60, 92, 60, 93, 92, 60, 61, 93, 61, 94, 93, 61, 62, 94, 62, 95, 94, 62, 63, 95, 63, 96, 95, 63, 64, 96, 64, 65, 96, 65, 64, 33]
            boundingsphere (float, 4):  [0.4094686508178711, 0.257850706577301, -0.6255712509155273, 11.230568660374592]
            aabb:
                min (float, 3):  [-10.213495254516602, 0.08370141685009003, -10.307159423828125]
                max (float, 3):  [11.032432556152344, 0.4320000112056732, 9.05601692199707]
            material:
                shader (str, 1):  ['PdxMeshAdvanced']
                diff (str, 1):  ['air_winter_temperate_maritime_phase_5_diff.dds']
                spec (str, 1):  ['air_winter_temperate_maritime_spec.dds']
                n (str, 1):  ['air_winter_temperate_maritime_n.dds']
locator:
