pdxasset (int, 2):  [1, 0]
object:
    air_winter_tropical_coast_monsoon_phase_6:
        mesh:
            p (float, 291):  [0.0, 0.4607999920845032, 0.0, 3.3931570053100586, 0.32101455330848694, 0.0, 3.2066638469696045, 0.375186026096344, 0.6378450989723206, 2.887373685836792, 0.4106485843658447, 1.1959893703460693, 2.600658655166626, 0.41544923186302185, 1.7377046346664429, 2.2595362663269043, 0.3879697918891907, 2.2595362663269043, 1.8882654905319214, 0.3374725580215454, 2.825989007949829, 1.3086614608764648, 0.28097814321517944, 3.1593880653381348, 0.6263669729232788, 0.23752862215042114, 3.1489593982696533, 1.9857985999217626e-16, 0.22176909446716309, 3.2430551052093506, -0.6337430477142334, 0.2390114963054657, 3.1860413551330566, -1.30735445022583, 0.2834440767765045, 3.156233072280884, -1.8026094436645508, 0.3400903642177582, 2.6977956295013428, -2.260610580444336, 0.38985714316368103, 2.260610580444336, -2.7147278785705566, 0.41596993803977966, 1.8139231204986572, -2.850687265396118, 0.40962716937065125, 1.180793285369873, -3.2062973976135254, 0.3729667365550995, 0.6377722024917603, -3.13014817237854, 0.31834545731544495, 3.833325953346957e-16, -3.314850091934204, 0.2641739845275879, -0.6593647003173828, -2.9951157569885254, 0.22871141135692596, -1.2406175136566162, -2.8492188453674316, 0.22391077876091003, -1.9037871360778809, -2.287693500518799, 0.2513901889324188, -2.287693500518799, -1.7673460245132446, 0.3018874228000641, -2.6450202465057373, -1.3171002864837646, 0.35838183760643005, -3.1797614097595215, -0.6629006266593933, 0.40183138847351074, -3.3326263427734375, -5.666128962473116e-16, 0.4175909161567688, -3.0844969749450684, 0.6705692410469055, 0.4003485143184662, -3.3711793422698975, 1.298552393913269, 0.35591593384742737, -3.1349825859069824, 1.8983148336410522, 0.2992696166038513, -2.841028928756714, 2.324946165084839, 0.24950286746025085, -2.324946165084839, 2.7844502925872803, 0.22339007258415222, -1.860510230064392, 3.0871565341949463, 0.22973282635211945, -1.2787420749664307, 3.142666816711426, 0.26639324426651, -0.6251152753829956, 5.839273452758789, 0.22309455275535583, 0.0, 6.670666217803955, 0.2772660255432129, 1.3268780708312988, 6.634399890899658, 0.3127285838127136, 2.748058319091797, 4.956735610961914, 0.31752923130989075, 3.3119847774505615, 4.811900615692139, 0.29004979133605957, 4.811900615692139, 3.622187852859497, 0.2395525574684143, 5.420987129211426, 2.4409375190734863, 0.18305815756320953, 5.8929443359375, 1.3288500308990479, 0.13960862159729004, 6.680580139160156, 4.083995824966211e-16, 0.12384909391403198, 6.669671058654785, -1.35201096534729, 0.1410914957523346, 6.797018051147461, -2.4596240520477295, 0.1855240762233734, 5.9380574226379395, -3.5972938537597656, 0.24217037856578827, 5.383730888366699, -4.741507530212402, 0.2919371426105499, 4.741507530212402, -5.103262901306152, 0.31804993748664856, 3.409891366958618, -6.582543849945068, 0.31170716881752014, 2.726578950881958, -5.775667190551758, 0.2750467360019684, 1.1488516330718994, -7.0131916999816895, 0.22042545676231384, 8.588682739284887e-16, -5.876194477081299, 0.1662539839744568, -1.1688477993011475, -5.57420539855957, 0.13079141080379486, -2.3089115619659424, -6.024511814117432, 0.12599077820777893, -4.025450229644775, -4.7788286209106445, 0.1534702032804489, -4.7788286209106445, -3.4575278759002686, 0.20396743714809418, -5.174555778503418, -2.605560064315796, 0.26046183705329895, -6.290378570556641, -1.2194478511810303, 0.30391138792037964, -6.13057804107666, -1.2567679830713862e-15, 0.3196709156036377, -6.841526031494141, 1.2229994535446167, 0.3024285137653351, -6.148433685302734, 2.429398775100708, 0.25799593329429626, -5.865087509155273, 3.3158347606658936, 0.2013496309518814, -4.962497234344482, 4.684408664703369, 0.15158286690711975, -4.684408664703369, 5.038033962249756, 0.12547007203102112, -3.3663065433502197, 6.073753833770752, 0.13181282579898834, -2.515831232070923, 6.2789306640625, 0.1684732586145401, -1.2489570379257202, 10.285677909851074, 0.12431101500988007, 0.0, 8.569143295288086, 0.14343036711215973, 1.7045085430145264, 9.550832748413086, 0.15594656765460968, 3.9560844898223877, 6.903182506561279, 0.15764090418815613, 4.612558841705322, 7.645724296569824, 0.14794227480888367, 7.645724296569824, 4.667560577392578, 0.13011972606182098, 6.985497951507568, 3.654052257537842, 0.11018052697181702, 8.821662902832031, 1.642561435699463, 0.09484539926052094, 8.25771427154541, 6.532835838114173e-16, 0.08928321301937103, 10.668931007385254, -1.7424265146255493, 0.09536876529455185, 8.759769439697266, -3.2369956970214844, 0.11105085164308548, 7.8147993087768555, -5.678487777709961, 0.13104365766048431, 8.498456954956055, -7.489867210388184, 0.14860840141773224, 7.489867210388184, -8.303730964660645, 0.15782468020915985, 5.548375606536865, -9.241787910461426, 0.15558606386184692, 3.828073740005493, -9.983819961547852, 0.14264708757400513, 1.9859051704406738, -10.918360710144043, 0.12336898595094681, 1.3371136109205481e-15, -8.785910606384277, 0.10424964129924774, -1.7476263046264648, -7.654808521270752, 0.09173344075679779, -3.1707255840301514, -9.187239646911621, 0.09003909677267075, -6.138717174530029, -7.198721408843994, 0.09973771870136261, -7.198721408843994, -5.689723491668701, 0.11756027489900589, -8.515273094177246, -4.118359565734863, 0.13749948143959045, -9.942599296569824, -1.6800508499145508, 0.15283460915088654, -8.446186065673828, -1.854710986911299e-15, 0.15839679539203644, -10.096576690673828, 1.8670507669448853, 0.15231123566627502, -9.386298179626465, 4.255502223968506, 0.1366291493177414, -10.273691177368164, 5.601435661315918, 0.11663633584976196, -8.383140563964844, 6.940614700317383, 0.09907159954309464, -6.940614700317383, 8.991903305053711, 0.08985532075166702, -6.008197784423828, 9.545806884765625, 0.09209393709897995, -3.954002618789673, 9.442728042602539, 0.10503291338682175, -1.8782755136489868]
            n (float, 291):  [-0.00025554155581630766, 0.9999998211860657, 0.0003506541543174535, 0.03723933547735214, 0.9967206120491028, -0.07184097915887833, 0.03844601288437843, 0.9978673458099365, -0.05274993181228638, 0.026985162869095802, 0.9995678067207336, -0.011659984476864338, 0.009537311270833015, 0.9996266961097717, 0.025602638721466064, -0.013169324956834316, 0.9986940622329712, 0.04936419427394867, -0.03567060828208923, 0.9973331093788147, 0.06367382407188416, -0.043920326977968216, 0.9971385598182678, 0.06152745336294174, -0.03222956880927086, 0.9978067278862, 0.057818811386823654, 0.0024566473439335823, 0.9987504482269287, 0.049914032220840454, 0.033493295311927795, 0.9978502988815308, 0.0563284195959568, 0.04080405458807945, 0.9974141716957092, 0.05915918946266174, 0.03572351112961769, 0.9972710609436035, 0.06460799276828766, 0.016401100903749466, 0.9985145926475525, 0.05195838585495949, -0.011150822974741459, 0.9996485114097595, 0.024052828550338745, -0.030773630365729332, 0.9993352890014648, -0.019542615860700607, -0.04004541039466858, 0.9978454113006592, -0.05196927860379219, -0.03830006346106529, 0.9969093203544617, -0.0685928612947464, -0.031304992735385895, 0.9972500801086426, -0.0671730563044548, -0.04319138079881668, 0.9982632398605347, -0.04006192833185196, -0.04607728123664856, 0.9988899230957031, -0.009793641977012157, -0.06112987548112869, 0.9981140494346619, -0.005597276147454977, -0.08489241451025009, 0.9963634610176086, 0.007294194772839546, -0.07126734405755997, 0.9974552989006042, -0.00198228913359344, -0.038289446383714676, 0.9991081357002258, -0.01780032366514206, 0.00045089152990840375, 0.9998143911361694, -0.01926204189658165, 0.04236537590622902, 0.9989423155784607, -0.0178719200193882, 0.07316578924655914, 0.9973087310791016, -0.004680858459323645, 0.07858647406101227, 0.9968991279602051, 0.004031997639685869, 0.0703231543302536, 0.9975236058235168, 0.001168447663076222, 0.0490739680826664, 0.9986131191253662, -0.019068775698542595, 0.03526526317000389, 0.9985077381134033, -0.04169703647494316, 0.03566669300198555, 0.9971420764923096, -0.06660080701112747, 0.032452043145895004, 0.9983561038970947, -0.047242727130651474, 0.044940050691366196, 0.9985724091529846, -0.028870107606053352, 0.040130142122507095, 0.9990260004997253, 0.01834762468934059, 0.02575845830142498, 0.9992009997367859, 0.03055877611041069, 0.01513710618019104, 0.999192476272583, 0.03721851482987404, -0.016711948439478874, 0.9983457922935486, 0.05501245707273483, -0.02065744809806347, 0.9988999366760254, 0.04209715873003006, -0.012968038208782673, 0.9995288848876953, 0.027818812057375908, 0.0021224706433713436, 0.9997566938400269, 0.02195463329553604, 0.009379781782627106, 0.9995852112770081, 0.02723044715821743, 0.023567117750644684, 0.9987380504608154, 0.04435114562511444, 0.020272109657526016, 0.9984762668609619, 0.051325008273124695, -0.008164837956428528, 0.9992607831954956, 0.037565890699625015, -0.023345278576016426, 0.9993815422058105, 0.026298072189092636, -0.039283838123083115, 0.9992220401763916, 0.003470418509095907, -0.03884308040142059, 0.9987243413925171, -0.03226376324892044, -0.025244370102882385, 0.9991463422775269, -0.03270022198557854, -0.02028820477426052, 0.9985151290893555, -0.05055680498480797, -0.023398086428642273, 0.9995766878128052, -0.017293231561779976, -0.020867759361863136, 0.9997819066047668, 0.0008197455899789929, -0.029726563021540642, 0.9995565414428711, -0.0017505156574770808, -0.052550893276929855, 0.9986175298690796, 0.0011730821570381522, -0.03190174326300621, 0.9992746114730835, -0.020799677819013596, -0.028601301833987236, 0.9990072250366211, -0.03415388986468315, -0.007096018176525831, 0.9991081357002258, -0.04162321239709854, 0.028925206512212753, 0.9991260170936584, -0.030174188315868378, 0.04212024435400963, 0.9990049004554749, -0.014664619229733944, 0.05232919380068779, 0.9986293911933899, -0.0009980850154533982, 0.030562981963157654, 0.9995326399803162, 0.0006668792921118438, 0.025331998243927956, 0.9996484518051147, -0.007827353663742542, 0.013197558932006359, 0.9997079968452454, -0.02024008519947529, 0.018816059455275536, 0.9993109703063965, -0.03199407830834389, 0.02654852718114853, 0.9994293451309204, -0.02088361792266369, 0.05399224907159805, 0.998293936252594, -0.022226616740226746, 0.049435634166002274, 0.9985962510108948, 0.01901582069694996, 0.043963197618722916, 0.9982745051383972, 0.03892523795366287, 0.02219187282025814, 0.999075174331665, 0.03682732209563255, -0.006882219109684229, 0.9983856678009033, 0.056380078196525574, -0.005754314363002777, 0.9993770718574524, 0.034819357097148895, -0.00548279844224453, 0.9997379183769226, 0.02222691848874092, 0.0017304050270467997, 0.9999047517776489, 0.013693418353796005, 0.0002734349691309035, 0.9998024702072144, 0.019873255863785744, 0.013547256588935852, 0.9990174770355225, 0.042195916175842285, 0.006275503430515528, 0.9989714026451111, 0.044907912611961365, -0.016056746244430542, 0.9993276596069336, 0.03296118602156639, -0.034078214317560196, 0.9990523457527161, 0.027076438069343567, -0.041288916021585464, 0.9991165995597839, 0.007832115516066551, -0.03629111498594284, 0.999302864074707, -0.008754091337323189, -0.025137130171060562, 0.9994840621948242, -0.019994571805000305, -0.01719587855041027, 0.999053955078125, -0.039943113923072815, -0.01563071459531784, 0.9998485445976257, -0.007655363064259291, -0.014773030765354633, 0.9998908042907715, -0.00030769521254114807, -0.019040223211050034, 0.9998133182525635, -0.003291825298219919, -0.0338040329515934, 0.9994103312492371, -0.00601932080462575, -0.02486199326813221, 0.9994564056396484, -0.021651403978466988, -0.02112552709877491, 0.998542845249176, -0.04965849220752716, -0.0027829427272081375, 0.9988523125648499, -0.047814078629016876, 0.01886732503771782, 0.9991071820259094, -0.03780054301023483, 0.027474652975797653, 0.9994774460792542, -0.017025459557771683, 0.034875646233558655, 0.9993831515312195, -0.004114905372262001, 0.019981810823082924, 0.9997996687889099, -0.0011306722881272435, 0.010085485875606537, 0.9999431371688843, -0.003471482079476118, 0.008253419771790504, 0.999916136264801, -0.009981239214539528, 0.014959326945245266, 0.9996759295463562, -0.020596221089363098]
            ta (float, 388):  [1.0, 0.0002555424580350518, -3.1335689598677163e-09, 1.0, 0.999302089214325, -0.03735192120075226, -0.00022384915791917592, 1.0, 0.9992586374282837, -0.03849957883358002, 7.327464572881581e-07, 1.0, 0.9996358156204224, -0.026987386867403984, -3.3357442589476705e-05, 1.0, 0.9999544620513916, -0.00954163447022438, 4.672359864343889e-05, 1.0, 0.9999129176139832, 0.013195282779633999, -0.0001999819214688614, 1.0, 0.9993595480918884, 0.03578012064099312, -0.0005800473736599088, 1.0, 0.9990280270576477, 0.04406830295920372, -0.001049327664077282, 1.0, 0.9994781017303467, 0.03230160102248192, -0.00031148543348535895, 1.0, 0.9999969601631165, -0.0024597621522843838, 9.65479785008938e-07, 1.0, 0.9994364976882935, -0.03356467932462692, 0.0003213136224076152, 1.0, 0.9991621375083923, -0.0409211739897728, 0.0007689849589951336, 1.0, 0.9993574619293213, -0.03583682328462601, 0.0005954383523203433, 1.0, 0.9998648166656494, -0.016437271609902382, 0.0002688837412279099, 1.0, 0.9999377727508545, 0.011155804619193077, -7.28600425645709e-05, 1.0, 0.9995261430740356, 0.030780503526329994, 5.122915536048822e-05, 1.0, 0.9991949796676636, 0.040118247270584106, 0.00035854874295182526, 1.0, 0.9992622137069702, 0.038405101746320724, 0.00021282717352733016, 1.0, 0.9995080828666687, 0.031363021582365036, -0.00019084395898971707, 1.0, 0.9990655183792114, 0.043220601975917816, -0.0001368979865219444, 1.0, 0.998937726020813, 0.04607971012592316, 2.2920565243111923e-05, 1.0, 0.9981297254562378, 0.06113111600279808, 4.908980554318987e-05, 1.0, 0.9963898062705994, 0.08489527553319931, -8.368631097255275e-05, 1.0, 0.9974572062492371, 0.0712675079703331, 1.765380147844553e-05, 1.0, 0.9992664456367493, 0.03829653561115265, 5.709037577616982e-05, 1.0, 0.9999998807907104, -0.0004509835853241384, -4.3791533244075254e-07, 1.0, 0.9991018772125244, -0.04237288236618042, -4.138298754696734e-05, 1.0, 0.997319757938385, -0.07316672056913376, -2.6411971703055315e-05, 1.0, 0.9969072937965393, -0.0785873755812645, 6.117102020652965e-05, 1.0, 0.9975242018699646, -0.07032320648431778, 6.870041488582501e-06, 1.0, 0.9987946152687073, -0.04908338189125061, -2.6255962438881397e-05, 1.0, 0.9993768334388733, -0.03529741242527962, -3.4837059502024204e-05, 1.0, 0.9993607401847839, -0.03575244918465614, -9.575665171723813e-05, 1.0, 0.9994720220565796, -0.03249073028564453, -5.104328374727629e-05, 1.0, 0.9989879131317139, -0.044975679367780685, -0.0005857491632923484, 1.0, 0.9991941452026367, -0.04013701155781746, 6.207876140251756e-06, 1.0, 0.9996678829193115, -0.02577115036547184, 2.152751767425798e-05, 1.0, 0.9998852014541626, -0.015152739360928535, 0.00013798147847410291, 1.0, 0.9998599886894226, 0.016734836623072624, 4.464033918338828e-05, 1.0, 0.999786376953125, 0.020671095699071884, 0.0001111166420741938, 1.0, 0.9999158978462219, 0.01297419611364603, -4.0864186303224415e-05, 1.0, 0.9999977350234985, -0.002122957957908511, -1.100998360925587e-06, 1.0, 0.999955952167511, -0.009384732693433762, 5.401609814725816e-05, 1.0, 0.999721884727478, -0.023584900423884392, -0.00012233774759806693, 1.0, 0.9997938275337219, -0.020303502678871155, 9.035196853801608e-05, 1.0, 0.9999666213989258, 0.008170233108103275, 9.881830010272097e-06, 1.0, 0.9997273087501526, 0.02335125207901001, 7.992752944119275e-05, 1.0, 0.9992280602455139, 0.03928402066230774, 1.4939099855837412e-05, 1.0, 0.9992446303367615, 0.03886127471923828, -6.307797593763098e-05, 1.0, 0.9996810555458069, 0.025256330147385597, -4.7292141971411183e-05, 1.0, 0.9997936487197876, 0.020313439890742302, -1.456815516576171e-05, 1.0, 0.9997261166572571, 0.023401407524943352, -1.0104410648636986e-05, 1.0, 0.999782145023346, 0.020867764949798584, -5.128537168275216e-07, 1.0, 0.9995580911636353, 0.029726607725024223, 7.380993451988616e-07, 1.0, 0.9986181855201721, 0.05255092680454254, -7.44179544653889e-07, 1.0, 0.9994907379150391, 0.031909942626953125, 6.240170478122309e-05, 1.0, 0.999590277671814, 0.028622139245271683, 0.00012126150249969214, 1.0, 0.99997478723526, 0.007098952308297157, -7.7297147072386e-05, 1.0, 0.9995809197425842, -0.0289470087736845, -0.0002858498482964933, 1.0, 0.9991123080253601, -0.04212552681565285, -5.1390266889939085e-05, 1.0, 0.9986299276351929, -0.05232921615242958, -3.102060190940392e-07, 1.0, 0.9995328187942505, -0.03056298941373825, 3.653882004073239e-06, 1.0, 0.9996790885925293, -0.025332847610116005, -9.233249329554383e-06, 1.0, 0.9999128580093384, -0.013200140558183193, 6.137322088761721e-06, 1.0, 0.9998228549957275, -0.01882326975464821, 7.581188401672989e-05, 1.0, 0.9996474385261536, -0.02655242383480072, 9.071171371033415e-05, 1.0, 0.9985406994819641, -0.05400460213422775, 4.492476728046313e-05, 1.0, 0.9987768530845642, -0.0494435578584671, -5.352862717700191e-05, 1.0, 0.999031662940979, -0.04399619996547699, -8.580064786656294e-06, 1.0, 0.9997534155845642, -0.022202856838703156, -0.00011076471855631098, 1.0, 0.9999762773513794, 0.006890818942338228, 4.188828097539954e-05, 1.0, 0.9999834895133972, 0.005752116907387972, 0.00016331439837813377, 1.0, 0.999984860420227, 0.0054842461831867695, -4.208119207760319e-06, 1.0, 0.9999985098838806, -0.0017304063076153398, -1.1753667422453873e-05, 1.0, 1.0, -0.0002725528320297599, -4.70872109872289e-05, 1.0, 0.9999080300331116, -0.013558650389313698, -1.615639303054195e-05, 1.0, 0.9999802708625793, -0.006273890379816294, -0.00017688020307105035, 1.0, 0.999870777130127, 0.01607239805161953, -0.0002099134144373238, 1.0, 0.9994187355041504, 0.034092530608177185, -6.723244587192312e-05, 1.0, 0.9991471767425537, 0.041290756314992905, -7.309082138817757e-05, 1.0, 0.9993411898612976, 0.036292511969804764, 6.871517825857154e-07, 1.0, 0.9996839761734009, 0.025142041966319084, -5.92896549278521e-06, 1.0, 0.9998518824577332, 0.017213573679327965, 9.907354251481593e-05, 1.0, 0.9998778104782104, 0.015631206333637238, 4.4000444177072495e-06, 1.0, 0.9998907446861267, 0.01477302797138691, -1.4171960174280684e-06, 1.0, 0.999818742275238, 0.019040267914533615, -1.8095761333825067e-05, 1.0, 0.9994284510612488, 0.03380449116230011, -2.5498768081888556e-05, 1.0, 0.99969083070755, 0.024862855672836304, -0.00022954739688429981, 1.0, 0.9997763633728027, 0.0211487989872694, -5.68342802580446e-05, 1.0, 0.9999960660934448, 0.0027964473702013493, 0.00021552508405875415, 1.0, 0.9998218417167664, -0.018873490393161774, 0.00019380032608751208, 1.0, 0.9996225237846375, -0.027475513517856598, 0.00018342329713050276, 1.0, 0.9993916153907776, -0.03487588092684746, 1.4979950719862245e-05, 1.0, 0.9998003244400024, -0.019981814548373222, 6.5026124502765015e-06, 1.0, 0.9999491572380066, -0.010085507296025753, 1.176374098577071e-05, 1.0, 0.9999659061431885, -0.008253774605691433, 5.629722636513179e-06, 1.0, 0.9998880624771118, -0.01496264897286892, -7.2061748142004944e-06, 1.0]
            u0 (float, 194):  [0.5, 0.5, 0.664397120475769, 0.5, 0.6553615927696228, 0.46909666061401367, 0.6398921608924866, 0.442054808139801, 0.6260008811950684, 0.41580885648727417, 0.6094736456871033, 0.39052635431289673, 0.5914857387542725, 0.3630819320678711, 0.5634041428565979, 0.3469288945198059, 0.5303472280502319, 0.3474341630935669, 0.5, 0.34287524223327637, 0.4692953824996948, 0.3456375002861023, 0.43665918707847595, 0.34708172082901, 0.4126642644405365, 0.36929285526275635, 0.3904742896556854, 0.3904743194580078, 0.36847248673439026, 0.4121161103248596, 0.36188530921936035, 0.44279104471206665, 0.3446561396121979, 0.4691001772880554, 0.3483455181121826, 0.5, 0.33939680457115173, 0.5319459736347198, 0.35488781332969666, 0.5601074397563934, 0.3619564473628998, 0.5922377407550812, 0.3891621530056, 0.6108378469944, 0.4143727719783783, 0.6281501948833466, 0.4361869990825653, 0.6540582180023193, 0.4678827226161957, 0.6614644527435303, 0.5, 0.6494426727294922, 0.5324888229370117, 0.6633323431015015, 0.5629143714904785, 0.6518886983394623, 0.5919725894927979, 0.6376467347145081, 0.612642765045166, 0.6126427352428436, 0.6349055171012878, 0.5901409983634949, 0.6495715379714966, 0.5619545578956604, 0.652260959148407, 0.530286580324173, 0.7829105257987976, 0.5, 0.823191225528717, 0.4357132911682129, 0.8214340806007385, 0.366857647895813, 0.7401519417762756, 0.33953559398651123, 0.7331347465515137, 0.26686525344848633, 0.675493597984314, 0.2373552918434143, 0.6182624697685242, 0.21448910236358643, 0.5643822550773621, 0.17632848024368286, 0.5, 0.17685699462890625, 0.43449559807777405, 0.17068707942962646, 0.38083216547966003, 0.21230340003967285, 0.32571250200271606, 0.23916035890579224, 0.2702757716178894, 0.2702757716178894, 0.25274887681007385, 0.3347920775413513, 0.18107828497886658, 0.36789828538894653, 0.22017115354537964, 0.4443385601043701, 0.16021358966827393, 0.5, 0.21530064940452576, 0.5566302239894867, 0.22993190586566925, 0.6118658781051636, 0.20811472833156586, 0.6950314939022064, 0.26846760511398315, 0.7315323948860168, 0.3324841260910034, 0.7507052272558212, 0.3737616240978241, 0.8047664016485214, 0.4409182369709015, 0.7970241457223892, 0.5, 0.8314692974090576, 0.5592538714408875, 0.7978892177343369, 0.6177034378051758, 0.7841612249612808, 0.660650908946991, 0.7404310703277588, 0.7269577980041504, 0.7269577980041504, 0.7440907955169678, 0.6630962491035461, 0.7942710518836975, 0.621891051530838, 0.8042117357254028, 0.5605114698410034, 0.9983370900154114, 0.5, 0.9151716828346252, 0.4174172282218933, 0.9627341628074646, 0.3083292245864868, 0.8344565033912659, 0.27652329206466675, 0.8704323768615723, 0.12956762313842773, 0.7261415123939514, 0.16155534982681274, 0.6770374178886414, 0.07259386777877808, 0.5795814394950867, 0.09991693496704102, 0.5, -0.016905546188354492, 0.4155800938606262, 0.0755925178527832, 0.34316879510879517, 0.12137603759765625, 0.22487947344779968, 0.08825302124023438, 0.13711883127689362, 0.13711881637573242, 0.09768747538328171, 0.23118335008621216, 0.05223896726965904, 0.3145313262939453, 0.016287803649902344, 0.4037836790084839, -0.028990354388952255, 0.5, 0.0743260458111763, 0.584671825170517, 0.12912750244140625, 0.6536204218864441, 0.05488179996609688, 0.797418475151062, 0.151224747300148, 0.848775252699852, 0.22433510422706604, 0.9125616699457169, 0.3004670739173889, 0.9817150980234146, 0.41860219836235046, 0.909214437007904, 0.5, 0.9891752237454057, 0.5904578566551208, 0.9547624960541725, 0.7061774134635925, 0.9977563561405987, 0.7713873982429504, 0.9061599299311638, 0.8362700939178467, 0.8362700790166855, 0.9356542229652405, 0.7910948544740677, 0.9624906182289124, 0.6915698945522308, 0.9574965238571167, 0.5910017192363739]
            tri (int, 480):  [0, 2, 1, 0, 3, 2, 0, 4, 3, 0, 5, 4, 0, 6, 5, 0, 7, 6, 0, 8, 7, 0, 9, 8, 0, 10, 9, 0, 11, 10, 0, 12, 11, 0, 13, 12, 0, 14, 13, 0, 15, 14, 0, 16, 15, 0, 17, 16, 0, 18, 17, 0, 19, 18, 0, 20, 19, 0, 21, 20, 0, 22, 21, 0, 23, 22, 0, 24, 23, 0, 25, 24, 0, 26, 25, 0, 27, 26, 0, 28, 27, 0, 29, 28, 0, 30, 29, 0, 31, 30, 0, 32, 31, 0, 1, 32, 1, 34, 33, 1, 2, 34, 2, 35, 34, 2, 3, 35, 3, 36, 35, 3, 4, 36, 4, 37, 36, 4, 5, 37, 5, 38, 37, 5, 6, 38, 6, 39, 38, 6, 7, 39, 7, 40, 39, 7, 8, 40, 8, 41, 40, 8, 9, 41, 9, 42, 41, 9, 10, 42, 10, 43, 42, 10, 11, 43, 11, 44, 43, 11, 12, 44, 12, 45, 44, 12, 13, 45, 13, 46, 45, 13, 14, 46, 14, 47, 46, 14, 15, 47, 15, 48, 47, 15, 16, 48, 16, 49, 48, 16, 17, 49, 17, 50, 49, 17, 18, 50, 18, 51, 50, 18, 19, 51, 19, 52, 51, 19, 20, 52, 20, 53, 52, 20, 21, 53, 21, 54, 53, 21, 22, 54, 22, 55, 54, 22, 23, 55, 23, 56, 55, 23, 24, 56, 24, 57, 56, 24, 25, 57, 25, 58, 57, 25, 26, 58, 26, 59, 58, 26, 27, 59, 27, 60, 59, 27, 28, 60, 28, 61, 60, 28, 29, 61, 29, 62, 61, 29, 30, 62, 30, 63, 62, 30, 31, 63, 31, 64, 63, 31, 32, 64, 32, 33, 64, 33, 32, 1, 33, 66, 65, 33, 34, 66, 34, 67, 66, 34, 35, 67, 35, 68, 67, 35, 36, 68, 36, 69, 68, 36, 37, 69, 37, 70, 69, 37, 38, 70, 38, 71, 70, 38, 39, 71, 39, 72, 71, 39, 40, 72, 40, 73, 72, 40, 41, 73, 41, 74, 73, 41, 42, 74, 42, 75, 74, 42, 43, 75, 43, 76, 75, 43, 44, 76, 44, 77, 76, 44, 45, 77, 45, 78, 77, 45, 46, 78, 46, 79, 78, 46, 47, 79, 47, 80, 79, 47, 48, 80, 48, 81, 80, 48, 49, 81, 49, 82, 81, 49, 50, 82, 50, 83, 82, 50, 51, 83, 51, 84, 83, 51, 52, 84, 52, 85, 84, 52, 53, 85, 53, 86, 85, 53, 54, 86, 54, 87, 86, 54, 55, 87, 55, 88, 87, 55, 56, 88, 56, 89, 88, 56, 57, 89, 57, 90, 89, 57, 58, 90, 58, 91, 90, 58, 59, 91, 59, 92, 91, 59, 60, 92, 60, 93, 92, 60, 61, 93, 61, 94, 93, 61, 62, 94, 62, 95, 94, 62, 63, 95, 63, 96, 95, 63, 64, 96, 64, 65, 96, 65, 64, 33]
            boundingsphere (float, 4):  [-0.3163414001464844, 0.2750416100025177, 0.19761991500854492, 11.426691613243152]
            aabb:
                min (float, 3):  [-10.918360710144043, 0.08928321301937103, -10.273691177368164]
                max (float, 3):  [10.285677909851074, 0.4607999920845032, 10.668931007385254]
            material:
                shader (str, 1):  ['PdxMeshAdvanced']
                diff (str, 1):  ['air_winter_tropical_coast_monsoon_phase_6_diff.dds']
                spec (str, 1):  ['air_winter_tropical_coast_monsoon_spec.dds']
                n (str, 1):  ['air_winter_tropical_coast_monsoon_n.dds']
locator:
