pdxasset (int, 2):  [1, 0]
object:
    air_winter_boreal_continental_phase_3:
        mesh:
            p (float, 291):  [0.0, 0.37439998984336853, 0.0, 3.1699187755584717, 0.2985793948173523, 0.0, 3.216858148574829, 0.33061009645462036, 0.6398728489875793, 2.9724056720733643, 0.33875328302383423, 1.231210708618164, 2.7449400424957275, 0.32026419043540955, 1.8341103792190552, 2.339914321899414, 0.2813747525215149, 2.339914321899414, 1.72671639919281, 0.23519310355186462, 2.5842137336730957, 1.182188630104065, 0.1972852498292923, 2.854055881500244, 0.6604129076004028, 0.18042844533920288, 3.320119857788086, 1.9457179272999752e-16, 0.1903044432401657, 3.177598476409912, -0.6181659698486328, 0.22358445823192596, 3.1077301502227783, -1.3171796798706055, 0.26905107498168945, 3.179953098297119, -1.8074496984481812, 0.3113792836666107, 2.7050395011901855, -2.3934171199798584, 0.3363019526004791, 2.3934171199798584, -2.706857442855835, 0.33541855216026306, 1.808664321899414, -3.061673164367676, 0.30902689695358276, 1.2681864500045776, -3.0782508850097656, 0.26602256298065186, 0.6123021841049194, -3.31242036819458, 0.22090062499046326, 4.056545075332475e-16, -3.3308870792388916, 0.188869908452034, -0.6625546216964722, -3.0232322216033936, 0.18072672188282013, -1.2522637844085693, -2.785938024520874, 0.1992158144712448, -1.8615041971206665, -2.3515143394470215, 0.23810523748397827, -2.3515143394470215, -1.7264177799224854, 0.28428688645362854, -2.5837666988372803, -1.2845592498779297, 0.32219475507736206, -3.1012003421783447, -0.6431558728218079, 0.3390515446662903, -3.233363151550293, -5.864797893273652e-16, 0.32917556166648865, -3.1926472187042236, 0.6039243936538696, 0.2958955466747284, -3.036133050918579, 1.2993016242980957, 0.2504289150238037, -3.136791706085205, 1.8079454898834229, 0.20810070633888245, -2.7057814598083496, 2.363551378250122, 0.18317805230617523, -2.363551378250122, 2.8270041942596436, 0.1840614378452301, -1.8889437913894653, 3.08657169342041, 0.2104531079530716, -1.2784998416900635, 3.349569320678711, 0.2534574270248413, -0.6662707924842834, 6.377150535583496, 0.21901938319206238, 0.0, 6.826415538787842, 0.25105008482933044, 1.3578585386276245, 5.957606792449951, 0.2591932713985443, 2.467721462249756, 5.9479780197143555, 0.24070417881011963, 3.9743118286132812, 5.000739097595215, 0.20181475579738617, 5.000739097595215, 3.3055763244628906, 0.1556331068277359, 4.947144508361816, 2.2980878353118896, 0.11772525310516357, 5.548074722290039, 1.194254755973816, 0.10086844116449356, 6.003924369812012, 4.406587793532419e-16, 0.11074444651603699, 7.19650411605835, -1.2556633949279785, 0.14402444660663605, 6.312646389007568, -2.567762613296509, 0.18949107825756073, 6.199127674102783, -3.468003749847412, 0.2318193018436432, 5.190234184265137, -4.623348236083984, 0.2567419409751892, 4.623348236083984, -5.291543960571289, 0.25585857033729553, 3.535696506500244, -5.833267688751221, 0.22946690022945404, 2.4162187576293945, -6.522398471832275, 0.18646256625652313, 1.297385811805725, -6.648999214172363, 0.14134061336517334, 8.142675423325767e-16, -6.97191047668457, 0.10930990427732468, -1.3867992162704468, -6.272546768188477, 0.1011667251586914, -2.5981738567352295, -5.940047740936279, 0.11965581774711609, -3.969012975692749, -4.977924346923828, 0.15854524075984955, -4.977924346923828, -4.018517017364502, 0.20472688972949982, -6.014135837554932, -2.5922884941101074, 0.24263474345207214, -6.25833797454834, -1.1791565418243408, 0.25949156284332275, -5.928020477294922, -1.2943169536231694e-15, 0.24961555004119873, -7.045933246612549, 1.403730869293213, 0.21633554995059967, -7.057031631469727, 2.720576286315918, 0.17086893320083618, -6.568051815032959, 3.6819024085998535, 0.12854069471359253, -5.510356426239014, 4.833127975463867, 0.1036180630326271, -4.833127975463867, 5.082881450653076, 0.10450144112110138, -3.396272659301758, 6.471076011657715, 0.13089309632778168, -2.6804072856903076, 6.506141185760498, 0.17389744520187378, -1.294152021408081, 8.918745040893555, 0.11432801932096481, 0.0, 8.059154510498047, 0.12563297152519226, 1.6030656099319458, 9.905179977416992, 0.12850703299045563, 4.102859973907471, 9.27230453491211, 0.12198147922754288, 6.195555686950684, 5.866458415985107, 0.1082557961344719, 5.866458415985107, 5.8625359535217285, 0.09195639193058014, 8.773904800415039, 3.5652101039886475, 0.07857714593410492, 8.607178688049316, 1.6570240259170532, 0.07262768596410751, 8.330422401428223, 5.478486283063463e-16, 0.07611333578824997, 8.947047233581543, -2.0389928817749023, 0.08785922080278397, 10.250709533691406, -4.1256818771362305, 0.10390625894069672, 9.96027660369873, -4.5312275886535645, 0.118845634162426, 6.781461238861084, -7.044791221618652, 0.12764185667037964, 7.044791221618652, -6.783437252044678, 0.12733007967472076, 4.532547950744629, -9.508585929870605, 0.11801537871360779, 3.9385852813720703, -8.890291213989258, 0.10283737629652023, 1.7683889865875244, -10.806708335876465, 0.08691198378801346, 1.3234400639321403e-15, -10.908935546875, 0.07560702413320541, -2.169922113418579, -8.88510799407959, 0.07273296266794205, -3.6803321838378906, -9.295228958129883, 0.0792585238814354, -6.210873126983643, -6.36186408996582, 0.09298419952392578, -6.36186408996582, -4.58892297744751, 0.10928361117839813, -6.867808818817139, -3.7947075366973877, 0.12266284972429276, -9.161233901977539, -1.5832369327545166, 0.12861230969429016, -7.959469318389893, -1.5873838947469345e-15, 0.1251266598701477, -8.641315460205078, 1.815967321395874, 0.1133807823061943, -9.129484176635742, 3.807684898376465, 0.09733373671770096, -9.192564010620117, 4.728368282318115, 0.08239436894655228, -7.076503276824951, 5.763228893280029, 0.07359813898801804, -5.763228893280029, 8.950873374938965, 0.07390992343425751, -5.980782508850098, 8.324353218078613, 0.08322462439537048, -3.4480600357055664, 10.840652465820312, 0.09840262681245804, -2.1563398838043213]
            n (float, 291):  [1.0601913345453795e-05, 0.9999999403953552, 0.0004542841052170843, 0.024070201441645622, 0.9984825849533081, -0.0495300330221653, 0.02263255976140499, 0.9994956254959106, -0.02227824367582798, 0.012991739436984062, 0.9998448491096497, 0.011893889866769314, -0.002845920156687498, 0.9992857575416565, 0.03768046200275421, -0.025850942358374596, 0.997863233089447, 0.06000470370054245, -0.03342021256685257, 0.9972826242446899, 0.06565414369106293, -0.009481989778578281, 0.9985908269882202, 0.0522148422896862, 0.00936852116137743, 0.9992740750312805, 0.03692663460969925, 0.0228433720767498, 0.9988976120948792, 0.04100903123617172, 0.047451362013816833, 0.9977905750274658, 0.046501871198415756, 0.04007479548454285, 0.9981851577758789, 0.04494816064834595, 0.022839277982711792, 0.9988596439361572, 0.04192662984132767, -0.0021547519136220217, 0.9997007846832275, 0.02436251938343048, -0.025608176365494728, 0.999655544757843, -0.005754462443292141, -0.03750808909535408, 0.9987744688987732, -0.03229021653532982, -0.040186554193496704, 0.9979291558265686, -0.05022453889250755, -0.03405124321579933, 0.998518168926239, -0.04244991019368172, -0.030547207221388817, 0.9990360140800476, -0.031526051461696625, -0.0408971831202507, 0.9991024136543274, -0.011037357151508331, -0.050138577818870544, 0.9986788630485535, 0.011252998374402523, -0.05565498024225235, 0.9983577132225037, 0.013580454513430595, -0.05946136265993118, 0.998186469078064, 0.009392417967319489, -0.035814590752124786, 0.9993411302566528, -0.005891042295843363, -0.007978430949151516, 0.9998233318328857, -0.01701698638498783, 0.025698142126202583, 0.9995205998420715, -0.01726493425667286, 0.05186022073030472, 0.998567521572113, -0.01316396426409483, 0.05958183854818344, 0.9982134699821472, -0.0044624642468988895, 0.05834748223423958, 0.9982720613479614, -0.006960688624531031, 0.03774282708764076, 0.9991136789321899, -0.01863580010831356, 0.023690715432167053, 0.9990369081497192, -0.03693264350295067, 0.016326162964105606, 0.9982844591140747, -0.056228868663311005, 0.018306538462638855, 0.9983559250831604, -0.05431794375181198, 0.03204440325498581, 0.9991787075996399, -0.024800268933176994, 0.047055020928382874, 0.9988003969192505, -0.013554965145885944, 0.028203915804624557, 0.9995841383934021, 0.006006256677210331, 0.009851147420704365, 0.9993009567260742, 0.036063410341739655, -0.0031359519343823195, 0.998931348323822, 0.04611188545823097, -0.019897734746336937, 0.9989301562309265, 0.04174414649605751, -0.011409011669456959, 0.9995611310005188, 0.027338992804288864, 0.007406615186482668, 0.9997620582580566, 0.02051786705851555, 0.017039433121681213, 0.9996941685676575, 0.01792418770492077, 0.02571774832904339, 0.999311625957489, 0.026737375184893608, 0.007546081207692623, 0.999549925327301, 0.029034504666924477, 0.0025670365430414677, 0.9991288781166077, 0.04165139049291611, -0.019338460639119148, 0.9993093013763428, 0.03173364698886871, -0.03675467520952225, 0.999258279800415, 0.011488684453070164, -0.03464657813310623, 0.9993746876716614, -0.0070630465634167194, -0.030706876888871193, 0.9992614984512329, -0.023099713027477264, -0.020009148865938187, 0.999565064907074, -0.02166488766670227, -0.01215803250670433, 0.9998061060905457, -0.015491146594285965, -0.017950231209397316, 0.9998336434364319, -0.0032525479327887297, -0.023803288117051125, 0.9997042417526245, 0.004987978842109442, -0.0364907942712307, 0.9993271827697754, -0.0036703699734061956, -0.048175543546676636, 0.9986924529075623, -0.017102276906371117, -0.020106567069888115, 0.9993453025817871, -0.03007763810455799, -0.008582237176597118, 0.9993054866790771, -0.036259960383176804, -0.004837373737245798, 0.9988811612129211, -0.04704342409968376, 0.02538682147860527, 0.9991961121559143, -0.031025230884552002, 0.04041421040892601, 0.9991195201873779, -0.011265505105257034, 0.03884023055434227, 0.9992367029190063, -0.004183667711913586, 0.019085634499788284, 0.9997711777687073, -0.009660162962973118, 0.01125796977430582, 0.9996808767318726, -0.022614259272813797, 0.00845081266015768, 0.9995324611663818, -0.029383651912212372, 0.017340991646051407, 0.9994305372238159, -0.028944039717316628, 0.037202995270490646, 0.999301552772522, -0.003511663293465972, 0.05827392637729645, 0.9982170462608337, -0.012911380268633366, 0.03482795134186745, 0.9993830323219299, 0.004544519819319248, 0.0199138130992651, 0.9994068741798401, 0.02809547819197178, 0.0038476232439279556, 0.9987970590591431, 0.04888482391834259, -0.004209453705698252, 0.9997037053108215, 0.023975035175681114, -0.010632861405611038, 0.9997535943984985, 0.019490594044327736, 0.0028983678203076124, 0.9998936057090759, 0.014294493943452835, 0.015077969990670681, 0.9997483491897583, 0.01660997048020363, 0.01555695477873087, 0.9996489882469177, 0.02144468016922474, 0.0027398192323744297, 0.9997318983078003, 0.022991210222244263, -0.01322123408317566, 0.9990091323852539, 0.042496658861637115, -0.02811933122575283, 0.9989898800849915, 0.035050343722105026, -0.04444897919893265, 0.9987910985946655, 0.020992083474993706, -0.03439788892865181, 0.9994000196456909, 0.004050742369145155, -0.029385633766651154, 0.9995076060295105, -0.0109963184222579, -0.013520707376301289, 0.9998654127120972, -0.009286278858780861, -0.008530774153769016, 0.9999050498008728, -0.010826141573488712, -0.010896515101194382, 0.9999387860298157, -0.0018775793723762035, -0.015584554523229599, 0.999878466129303, 0.00012359920947346836, -0.02434544637799263, 0.9995644688606262, -0.01667715050280094, -0.05056867003440857, 0.9981998801231384, -0.03224743902683258, -0.021179674193263054, 0.9988551735877991, -0.042893409729003906, -0.006955940276384354, 0.9981334209442139, -0.06067412346601486, -0.012114950455725193, 0.9979286193847656, -0.0631806030869484, 0.015595100820064545, 0.9989863038063049, -0.0422280952334404, 0.030635088682174683, 0.9993152618408203, -0.020750299096107483, 0.035906173288822174, 0.9993201494216919, -0.008357452228665352, 0.012596218846738338, 0.999855637550354, -0.011401093564927578, 0.005339961498975754, 0.9999105930328369, -0.01225729938596487, 0.008885285817086697, 0.9997040033340454, -0.022648924961686134, 0.018486950546503067, 0.9996727705001831, -0.01767994649708271]
            ta (float, 388):  [0.9999999403953552, -1.0601657777442597e-05, 3.598239217694754e-08, 1.0, 0.9997095465660095, -0.02410029247403145, -1.029952909448184e-05, 1.0, 0.9997437000274658, -0.022638389840722084, -9.5841432994348e-06, 1.0, 0.999915599822998, -0.012992730364203453, 6.048274826753186e-06, 1.0, 0.9999959468841553, 0.002853354439139366, -0.0001435145823052153, 1.0, 0.9996638298034668, 0.025925567373633385, -0.0004652919596992433, 1.0, 0.9994378089904785, 0.0335237979888916, -0.00047635502414777875, 1.0, 0.9999548196792603, 0.00950255710631609, -0.0001456333848182112, 1.0, 0.9999561309814453, -0.009368574246764183, -0.00017158075934275985, 1.0, 0.9997384548187256, -0.022867711260914803, 0.0001245502644451335, 1.0, 0.998869776725769, -0.04752863571047783, 0.0005569149507209659, 1.0, 0.9991942644119263, -0.04013267159461975, 0.00038548180600628257, 1.0, 0.9997383952140808, -0.022869324311614037, 0.00023716379655525088, 1.0, 0.9999976754188538, 0.002154206158593297, 4.862363130087033e-05, 1.0, 0.999671995639801, 0.025608666241168976, 1.2211865396238863e-05, 1.0, 0.999295175075531, 0.0375354178249836, 0.00024032071814872324, 1.0, 0.9991897940635681, 0.04024820029735565, 0.00021611963165923953, 1.0, 0.9994188547134399, 0.03408656641840935, 0.0001083628594642505, 1.0, 0.9995328187942505, 0.0305627528578043, 1.1204065231140703e-05, 1.0, 0.9991632103919983, 0.04089966043829918, -7.351985118475568e-07, 1.0, 0.9987420439720154, 0.05014222115278244, -4.208768950775266e-05, 1.0, 0.9984496831893921, 0.055661749094724655, -0.00012114555283915251, 1.0, 0.998230516910553, 0.05946473032236099, -7.943594391690567e-05, 1.0, 0.9993584752082825, 0.03581572324037552, 8.718388562556356e-05, 1.0, 0.9999681115150452, 0.007979056797921658, -3.114844366791658e-05, 1.0, 0.9996694922447205, -0.025705160573124886, -0.000184706921572797, 1.0, 0.9986540675163269, -0.05186605080962181, -0.00010139577352674678, 1.0, 0.9982233643531799, -0.05958257243037224, -3.228428977308795e-05, 1.0, 0.9982962012290955, -0.05834920331835747, -4.378195808385499e-05, 1.0, 0.9992872476577759, -0.037749987095594406, -3.2648418709868565e-05, 1.0, 0.999718964099884, -0.02370530739426613, 4.275694664102048e-05, 1.0, 0.9998663663864136, -0.01635211519896984, -1.4233604588298476e-06, 1.0, 0.9998319149017334, -0.018336130306124687, -4.644514774554409e-05, 1.0, 0.9994860291481018, -0.03205740079283714, -0.00012655121099669486, 1.0, 0.9988918304443359, -0.04706444591283798, -0.000377645599655807, 1.0, 0.9996021389961243, -0.028204483911395073, 9.786255759536289e-06, 1.0, 0.9999513030052185, -0.009863528423011303, 0.00016544840764254332, 1.0, 0.9999949932098389, 0.0031472959090024233, -0.00017339157056994736, 1.0, 0.9998016357421875, 0.019915718585252762, -1.500237067375565e-05, 1.0, 0.9999349117279053, 0.011414405889809132, -4.125340637983754e-05, 1.0, 0.9999725818634033, -0.007408580742776394, 1.9804458133876324e-05, 1.0, 0.9998547434806824, -0.0170415248721838, -3.611185456975363e-05, 1.0, 0.9996690154075623, -0.02572651393711567, -1.6141815649461932e-05, 1.0, 0.9999714493751526, -0.0075494651682674885, 6.941193987586303e-06, 1.0, 0.9999967217445374, -0.002563745016232133, -0.00013243468129076064, 1.0, 0.9998127222061157, 0.019350910559296608, -8.526244346285239e-05, 1.0, 0.9993242025375366, 0.03675876930356026, -0.0001452357100788504, 1.0, 0.9993996024131775, 0.03464755415916443, 1.525535753899021e-05, 1.0, 0.9995280504226685, 0.030716784298419952, 7.440614717779681e-05, 1.0, 0.9997996687889099, 0.020014649257063866, 3.7196183257037774e-05, 1.0, 0.9999260902404785, 0.012159595265984535, 6.681618742732098e-06, 1.0, 0.9998388886451721, 0.017950324341654778, -6.275263331190217e-08, 1.0, 0.9997166991233826, 0.023803602904081345, -3.3636406442383304e-06, 1.0, 0.999333918094635, 0.03649109974503517, 1.5689893189119175e-05, 1.0, 0.998838484287262, 0.0481845922768116, 0.00011722808994818479, 1.0, 0.9997977018356323, 0.020113233476877213, -8.100672130240127e-05, 1.0, 0.999963104724884, 0.008592884987592697, 0.0001377531443722546, 1.0, 0.999988317489624, 0.0048390524461865425, -7.821467443136498e-05, 1.0, 0.999677300453186, -0.02540336735546589, -0.00013916788157075644, 1.0, 0.999182939529419, -0.04041660949587822, 1.4831630323897116e-05, 1.0, 0.9992453455924988, -0.038840536028146744, 7.844202627893537e-06, 1.0, 0.9998178482055664, -0.01908719725906849, -6.938165461178869e-05, 1.0, 0.9999366402626038, -0.011261583305895329, -3.233943789382465e-05, 1.0, 0.9999642372131348, -0.00845465250313282, -6.455889433709672e-06, 1.0, 0.9998494982719421, -0.017349792644381523, -5.3007530368631706e-05, 1.0, 0.9993076920509338, -0.03720312565565109, 2.7018546461476944e-05, 1.0, 0.998300313949585, -0.0582791343331337, -2.6422072551213205e-05, 1.0, 0.9993932843208313, -0.034828271716833115, -8.464009624731261e-06, 1.0, 0.9998016357421875, -0.019919507205486298, -7.722087320871651e-05, 1.0, 0.9999925494194031, -0.003858045442029834, 0.00011886796710314229, 1.0, 0.9999910593032837, 0.004207094665616751, 0.00014883688709232956, 1.0, 0.9999434947967529, 0.010634043253958225, 4.299343709135428e-05, 1.0, 0.9999958276748657, -0.002898647915571928, -1.1251788691879483e-06, 1.0, 0.9998863935470581, -0.015079675242304802, -2.2700061890645884e-05, 1.0, 0.9998789429664612, -0.01555904746055603, -6.930656672921032e-05, 1.0, 0.9999961853027344, -0.002735736081376672, -0.0002090432244585827, 1.0, 0.999912440776825, 0.013232524506747723, 1.5609999536536634e-05, 1.0, 0.9996042251586914, 0.028132420033216476, 0.0001199089310830459, 1.0, 0.9990112781524658, 0.044458482414484024, 1.4187180568114854e-05, 1.0, 0.9994082450866699, 0.03439805656671524, 2.77459948847536e-05, 1.0, 0.9995681047439575, 0.02938726171851158, -1.395686649630079e-05, 1.0, 0.9999086260795593, 0.013520998880267143, -3.150662814732641e-05, 1.0, 0.999963641166687, 0.008531111292541027, -1.5002799955254886e-05, 1.0, 0.9999405741691589, 0.010896534658968449, -2.232184037609386e-08, 1.0, 0.9998785853385925, 0.015584556385874748, 6.316893177427119e-07, 1.0, 0.9997036457061768, 0.02434655837714672, -0.00013643308193422854, 1.0, 0.9987191557884216, 0.05059809610247612, 9.655673784436658e-05, 1.0, 0.9997753500938416, 0.02119632437825203, -6.666778062935919e-05, 1.0, 0.9999756813049316, 0.006966201588511467, -4.237300527165644e-05, 1.0, 0.9999265670776367, 0.012127920053899288, -0.00017826593830250204, 1.0, 0.9998782873153687, -0.015598033554852009, 0.00026003396487794816, 1.0, 0.999530553817749, -0.030637655407190323, 0.0001943238894455135, 1.0, 0.999355137348175, -0.03590742126107216, 1.1016212511094636e-06, 1.0, 0.9999207258224487, -0.01259711291640997, -6.466710146924015e-06, 1.0, 0.9999856948852539, -0.005340073257684708, 2.362385748710949e-05, 1.0, 0.9999605417251587, -0.00888755638152361, 4.43933259930418e-07, 1.0, 0.999829113483429, -0.01848876290023327, 6.086888242862187e-05, 1.0]
            u0 (float, 194):  [0.5, 0.5, 0.6535813212394714, 0.5, 0.6558555364608765, 0.46899843215942383, 0.644011914730072, 0.4403483271598816, 0.6329913139343262, 0.41113805770874023, 0.6133679151535034, 0.3866320848464966, 0.583658754825592, 0.3747958540916443, 0.5572766065597534, 0.36172211170196533, 0.5319967269897461, 0.33914148807525635, 0.5, 0.3460465669631958, 0.4700500965118408, 0.34943169355392456, 0.4361831545829773, 0.3459324836730957, 0.4124297797679901, 0.36894190311431885, 0.38403984904289246, 0.38403987884521484, 0.3688538074493408, 0.4123709201812744, 0.35166314244270325, 0.43855684995651245, 0.35085994005203247, 0.47033417224884033, 0.33951452374458313, 0.5, 0.33861982822418213, 0.5321005284786224, 0.3535255789756775, 0.5606716871261597, 0.3650223910808563, 0.5901891589164734, 0.38607004284858704, 0.613929957151413, 0.4163557291030884, 0.6251825094223022, 0.43776360154151917, 0.65025195479393, 0.4688393473625183, 0.6566551923751831, 0.5, 0.6546825170516968, 0.5292599201202393, 0.6470994651317596, 0.5629506707191467, 0.6519763469696045, 0.5875942707061768, 0.6310940682888031, 0.6145131587982178, 0.6145131587982178, 0.6369672417640686, 0.5915185809135437, 0.6495432257652283, 0.5619428157806396, 0.662285327911377, 0.5322805643081665, 0.8089704513549805, 0.5, 0.8307371735572815, 0.43421226739883423, 0.7886437177658081, 0.3804398775100708, 0.7881772518157959, 0.30744612216949463, 0.7422838807106018, 0.2577161192893982, 0.660153865814209, 0.2603127956390381, 0.6113414764404297, 0.23119789361953735, 0.5578612089157104, 0.2091122269630432, 0.5, 0.15133219957351685, 0.43916359543800354, 0.1941547393798828, 0.3755928874015808, 0.1996546983718872, 0.3319765627384186, 0.24853515625, 0.2760005593299866, 0.2760005593299866, 0.24362675845623016, 0.3286968469619751, 0.21738043427467346, 0.38293516635894775, 0.18399231135845184, 0.43714213371276855, 0.17785857617855072, 0.5, 0.16221363842487335, 0.5671898722648621, 0.19609755277633667, 0.6258805096149445, 0.21220698952674866, 0.6922971308231354, 0.2588214874267578, 0.7411785125732422, 0.3053044080734253, 0.7913825511932373, 0.374404639005661, 0.80321404337883, 0.4428703188896179, 0.7872102856636047, 0.5, 0.8413727283477783, 0.5680102109909058, 0.8419104516506195, 0.6318108439445496, 0.8182195723056793, 0.6783867478370667, 0.7669746428728104, 0.7341631650924683, 0.7341631948947906, 0.7462636232376099, 0.6645480990409851, 0.813521146774292, 0.6298646926879883, 0.8152199983596802, 0.5627011656761169, 0.9321097731590271, 0.5, 0.8904629349708557, 0.42233210802078247, 0.9799021482467651, 0.30121803283691406, 0.9492395520210266, 0.19982773065567017, 0.7842276692390442, 0.2157723307609558, 0.7840375900268555, 0.07490772008895874, 0.6727330684661865, 0.082985520362854, 0.5802821516990662, 0.09639430046081543, 0.5, 0.06651902198791504, 0.40121158957481384, 0.003357112407684326, 0.3001123070716858, 0.017428457736968994, 0.2804637849330902, 0.17144083976745605, 0.15868259966373444, 0.15868258476257324, 0.1713450849056244, 0.28039979934692383, 0.0393126904964447, 0.309177041053772, 0.06926881521940231, 0.41432225704193115, -0.02358081378042698, 0.5, -0.02853369154036045, 0.6051318943500519, 0.06951995193958282, 0.6783106625080109, 0.04964977875351906, 0.800914391875267, 0.19177013635635376, 0.8082298636436462, 0.27766844630241394, 0.8327426612377167, 0.31614789366722107, 0.9438582509756088, 0.42329278588294983, 0.8856332153081894, 0.5, 0.9186683744192123, 0.5879828929901123, 0.9423199854791164, 0.6844808459281921, 0.9453761763870716, 0.7290875911712646, 0.8428538590669632, 0.7792262434959412, 0.7792262136936188, 0.9336663484573364, 0.7897665947675705, 0.9033116698265076, 0.6670571863651276, 1.0252254009246826, 0.6044738292694092]
            tri (int, 480):  [0, 2, 1, 0, 3, 2, 0, 4, 3, 0, 5, 4, 0, 6, 5, 0, 7, 6, 0, 8, 7, 0, 9, 8, 0, 10, 9, 0, 11, 10, 0, 12, 11, 0, 13, 12, 0, 14, 13, 0, 15, 14, 0, 16, 15, 0, 17, 16, 0, 18, 17, 0, 19, 18, 0, 20, 19, 0, 21, 20, 0, 22, 21, 0, 23, 22, 0, 24, 23, 0, 25, 24, 0, 26, 25, 0, 27, 26, 0, 28, 27, 0, 29, 28, 0, 30, 29, 0, 31, 30, 0, 32, 31, 0, 1, 32, 1, 34, 33, 1, 2, 34, 2, 35, 34, 2, 3, 35, 3, 36, 35, 3, 4, 36, 4, 37, 36, 4, 5, 37, 5, 38, 37, 5, 6, 38, 6, 39, 38, 6, 7, 39, 7, 40, 39, 7, 8, 40, 8, 41, 40, 8, 9, 41, 9, 42, 41, 9, 10, 42, 10, 43, 42, 10, 11, 43, 11, 44, 43, 11, 12, 44, 12, 45, 44, 12, 13, 45, 13, 46, 45, 13, 14, 46, 14, 47, 46, 14, 15, 47, 15, 48, 47, 15, 16, 48, 16, 49, 48, 16, 17, 49, 17, 50, 49, 17, 18, 50, 18, 51, 50, 18, 19, 51, 19, 52, 51, 19, 20, 52, 20, 53, 52, 20, 21, 53, 21, 54, 53, 21, 22, 54, 22, 55, 54, 22, 23, 55, 23, 56, 55, 23, 24, 56, 24, 57, 56, 24, 25, 57, 25, 58, 57, 25, 26, 58, 26, 59, 58, 26, 27, 59, 27, 60, 59, 27, 28, 60, 28, 61, 60, 28, 29, 61, 29, 62, 61, 29, 30, 62, 30, 63, 62, 30, 31, 63, 31, 64, 63, 31, 32, 64, 32, 33, 64, 33, 32, 1, 33, 66, 65, 33, 34, 66, 34, 67, 66, 34, 35, 67, 35, 68, 67, 35, 36, 68, 36, 69, 68, 36, 37, 69, 37, 70, 69, 37, 38, 70, 38, 71, 70, 38, 39, 71, 39, 72, 71, 39, 40, 72, 40, 73, 72, 40, 41, 73, 41, 74, 73, 41, 42, 74, 42, 75, 74, 42, 43, 75, 43, 76, 75, 43, 44, 76, 44, 77, 76, 44, 45, 77, 45, 78, 77, 45, 46, 78, 46, 79, 78, 46, 47, 79, 47, 80, 79, 47, 48, 80, 48, 81, 80, 48, 49, 81, 49, 82, 81, 49, 50, 82, 50, 83, 82, 50, 51, 83, 51, 84, 83, 51, 52, 84, 52, 85, 84, 52, 53, 85, 53, 86, 85, 53, 54, 86, 54, 87, 86, 54, 55, 87, 55, 88, 87, 55, 56, 88, 56, 89, 88, 56, 57, 89, 57, 90, 89, 57, 58, 90, 58, 91, 90, 58, 59, 91, 59, 92, 91, 59, 60, 92, 60, 93, 92, 60, 61, 93, 61, 94, 93, 61, 62, 94, 62, 95, 94, 62, 63, 95, 63, 96, 95, 63, 64, 96, 64, 65, 96, 65, 64, 33]
            boundingsphere (float, 4):  [-0.03414154052734375, 0.22351384162902832, 0.5290727615356445, 11.454929951346054]
            aabb:
                min (float, 3):  [-10.908935546875, 0.07262768596410751, -9.192564010620117]
                max (float, 3):  [10.840652465820312, 0.37439998984336853, 10.250709533691406]
            material:
                shader (str, 1):  ['PdxMeshAdvanced']
                diff (str, 1):  ['air_winter_boreal_continental_phase_3_diff.dds']
                spec (str, 1):  ['air_winter_boreal_continental_spec.dds']
                n (str, 1):  ['air_winter_boreal_continental_n.dds']
locator:
