pdxasset (int, 2):  [1, 0]
object:
    air_winter_boreal_continental_phase_6:
        mesh:
            p (float, 291):  [0.0, 0.4607999920845032, 0.0, 3.369320869445801, 0.40311843156814575, 0.0, 3.3146564960479736, 0.417528361082077, 0.6593261361122131, 3.0105786323547363, 0.3989574611186981, 1.2470225095748901, 2.6427533626556396, 0.3536652624607086, 1.765831470489502, 2.181171417236328, 0.29691794514656067, 2.181171417236328, 1.8458589315414429, 0.24784281849861145, 2.7625231742858887, 1.244991660118103, 0.22298119962215424, 3.005675792694092, 0.654967725276947, 0.23071295022964478, 3.2927451133728027, 1.9707380894217852e-16, 0.26843199133872986, 3.2184596061706543, -0.6556968092918396, 0.323424756526947, 3.29641056060791, -1.2178477048873901, 0.37715527415275574, 2.9401445388793945, -1.8736048936843872, 0.41151314973831177, 2.8040478229522705, -2.366344451904297, 0.4149176776409149, 2.366344451904297, -2.6882450580596924, 0.386221319437027, 1.7962279319763184, -3.0282490253448486, 0.33509647846221924, 1.2543418407440186, -3.2653911113739014, 0.2787753641605377, 0.6495266556739807, -3.1537692546844482, 0.23624157905578613, 3.8622534519846716e-16, -3.220163345336914, 0.22183163464069366, -0.6405302882194519, -3.116755485534668, 0.24040253460407257, -1.2910023927688599, -2.6439175605773926, 0.28569474816322327, -1.7666093111038208, -2.385014772415161, 0.3424420654773712, -2.385014772415161, -1.8504211902618408, 0.39151719212532043, -2.769351005554199, -1.2963826656341553, 0.41637879610061646, -3.129744529724121, -0.6252580881118774, 0.4086470603942871, -3.1433849334716797, -5.727524557468068e-16, 0.37092798948287964, -3.1179189682006836, 0.6578081846237183, 0.31593525409698486, -3.3070249557495117, 1.2909553050994873, 0.26220470666885376, -3.1166417598724365, 1.8024526834487915, 0.22784684598445892, -2.697561025619507, 2.2048656940460205, 0.22444231808185577, -2.2048656940460205, 2.6235103607177734, 0.2531386911869049, -1.7529735565185547, 3.0602967739105225, 0.30426353216171265, -1.2676163911819458, 3.1277503967285156, 0.36058464646339417, -0.6221482157707214, 7.176243782043457, 0.30519843101501465, 0.0, 6.527322769165039, 0.3196083605289459, 1.2983652353286743, 5.6341938972473145, 0.301037460565567, 2.3337595462799072, 5.613405227661133, 0.2557452619075775, 3.7507574558258057, 4.47420597076416, 0.19899792969226837, 4.47420597076416, 3.9720382690429688, 0.14992281794548035, 5.944575309753418, 2.723222494125366, 0.12506119906902313, 6.574440956115723, 1.2776546478271484, 0.13279294967651367, 6.423203468322754, 4.124382885286888e-16, 0.17051200568675995, 6.735628128051758, -1.3290003538131714, 0.22550475597381592, 6.681335926055908, -2.6660614013671875, 0.27923527359962463, 6.436441421508789, -4.006856441497803, 0.31359314918518066, 5.9966840744018555, -4.137096881866455, 0.3169976770877838, 4.137096881866455, -5.26230001449585, 0.2883013188838959, 3.5161564350128174, -6.166087627410889, 0.23717647790908813, 2.5540771484375, -6.126944541931152, 0.18085534870624542, 1.2187250852584839, -6.656043529510498, 0.13832157850265503, 8.15130192449796e-16, -5.824614524841309, 0.12391163408756256, -1.15858793258667, -6.535388946533203, 0.14248253405094147, -2.7070467472076416, -5.458001136779785, 0.18777474761009216, -3.6469197273254395, -4.226871013641357, 0.2445220649242401, -4.226871013641357, -3.7566115856170654, 0.29359719157218933, -5.622166633605957, -2.3949878215789795, 0.31845879554748535, -5.782012462615967, -1.1884374618530273, 0.310727059841156, -5.9746785163879395, -1.19488555589e-15, 0.27300798892974854, -6.504654407501221, 1.1721537113189697, 0.21801525354385376, -5.892814636230469, 2.338711977005005, 0.16428470611572266, -5.6461501121521, 3.918421745300293, 0.12992684543132782, -5.864332675933838, 4.817293167114258, 0.12652233242988586, -4.817293167114258, 4.8457255363464355, 0.1552186906337738, -3.2378103733062744, 6.400022983551025, 0.20634353160858154, -2.6509764194488525, 5.7223124504089355, 0.26266464591026306, -1.1382386684417725, 9.07066535949707, 0.1532888561487198, 0.0, 10.672179222106934, 0.15837471187114716, 2.122828245162964, 9.22124195098877, 0.15182028710842133, 3.819563388824463, 7.471421718597412, 0.13583479821681976, 4.992244243621826, 6.5135979652404785, 0.11580632627010345, 6.5135979652404785, 5.138400554656982, 0.09848570078611374, 7.690159797668457, 3.2213573455810547, 0.0897110104560852, 7.777044773101807, 2.1818151473999023, 0.09243986755609512, 10.968725204467773, 5.012790745036601e-16, 0.10575247555971146, 8.186508178710938, -1.8252086639404297, 0.12516167759895325, 9.175944328308105, -3.9723763465881348, 0.14412540197372437, 9.590165138244629, -5.153534412384033, 0.1562516987323761, 7.7128095626831055, -7.865660667419434, 0.15745329856872559, 7.865660667419434, -7.311233043670654, 0.14732517302036285, 4.885210037231445, -10.271954536437988, 0.12928110361099243, 4.254782676696777, -10.634331703186035, 0.10940306633710861, 2.115299940109253, -10.13924789428711, 0.09439114481210709, 1.2416996904562059e-15, -10.62580394744873, 0.08930528163909912, -2.1136038303375244, -8.714688301086426, 0.09585971385240555, -3.6097421646118164, -8.854677200317383, 0.11184520274400711, -5.916506290435791, -7.4515204429626465, 0.13187366724014282, -7.4515204429626465, -5.3628435134887695, 0.14919430017471313, -8.026062965393066, -3.6385178565979004, 0.15796898305416107, -8.784159660339355, -1.999982476234436, 0.15524013340473175, -10.054591178894043, -1.7105708608814428e-15, 0.14192752540111542, -9.311914443969727, 1.6169532537460327, 0.12251832336187363, -8.128973007202148, 3.9726223945617676, 0.1035546064376831, -9.590758323669434, 4.921306133270264, 0.09142829477787018, -7.365254878997803, 6.76059103012085, 0.09022670239210129, -6.76059103012085, 8.730268478393555, 0.10035483539104462, -5.833378791809082, 7.909611701965332, 0.11839888989925385, -3.276268482208252, 7.929938316345215, 0.13827693462371826, -1.5773627758026123]
            n (float, 291):  [0.0003726413124240935, 0.9999999403953552, -7.119278598111123e-05, 0.02240271121263504, 0.9988420009613037, -0.042576611042022705, 0.019294608384370804, 0.9997332692146301, 0.012693624012172222, 0.006623285822570324, 0.9987732768058777, 0.049071304500103, -0.01300328504294157, 0.9971596002578735, 0.07418586313724518, -0.016177108511328697, 0.996934711933136, 0.07654677331447601, -0.00895677413791418, 0.9983858466148376, 0.0560845322906971, 0.0087412279099226, 0.9986369609832764, 0.05145715922117233, 0.034459855407476425, 0.9986039400100708, 0.04003272205591202, 0.060525935143232346, 0.9971216917037964, 0.04566113278269768, 0.059898581355810165, 0.9971809387207031, 0.04519245773553848, 0.04352297633886337, 0.9979842901229858, 0.04618581756949425, 0.004446180071681738, 0.9995956420898438, 0.028086096048355103, -0.03188633173704147, 0.9994887709617615, 0.0023161342833191156, -0.04982181638479233, 0.998417854309082, -0.0260683111846447, -0.05709203705191612, 0.9971495270729065, -0.0493272989988327, -0.052970703691244125, 0.9970341324806213, -0.055830344557762146, -0.053073782473802567, 0.9977676272392273, -0.040533069521188736, -0.05310776084661484, 0.9985886812210083, -0.0005048259627074003, -0.05587175488471985, 0.9982225298881531, 0.02074001170694828, -0.07162021100521088, 0.9970489740371704, 0.02763967588543892, -0.07318613678216934, 0.9969893097877502, 0.025614431127905846, -0.05457349494099617, 0.9984918832778931, 0.005972394719719887, -0.01464785449206829, 0.9997033476829529, -0.019457509741187096, 0.02626161463558674, 0.9992218613624573, -0.029426759108901024, 0.059238824993371964, 0.9978001713752747, -0.029760107398033142, 0.07327934354543686, 0.9970059394836426, -0.02468537911772728, 0.06684394180774689, 0.9975456595420837, -0.02084514871239662, 0.05114290118217468, 0.9983999133110046, -0.024127138778567314, 0.031142741441726685, 0.9985529184341431, -0.04384284093976021, 0.008795090951025486, 0.9970639944076538, -0.07606636732816696, 0.007130654063075781, 0.9968993663787842, -0.07836338132619858, 0.01823875494301319, 0.9972904324531555, -0.07126786559820175, 0.0484621599316597, 0.9977821707725525, -0.045630380511283875, 0.03318591043353081, 0.9993719458580017, 0.012424232438206673, 0.02043786272406578, 0.9989170432090759, 0.04179820418357849, 0.011243125423789024, 0.9986887574195862, 0.04994351044297218, -0.005004913546144962, 0.998759925365448, 0.049533333629369736, -0.0024395480286329985, 0.9994391202926636, 0.03339691832661629, 0.003321867436170578, 0.9997054934501648, 0.02403903380036354, 0.017377745360136032, 0.9996401071548462, 0.02043706364929676, 0.03279793635010719, 0.9989968538284302, 0.03048950433731079, 0.039472389966249466, 0.9982929825782776, 0.04304755479097366, 0.015866603702306747, 0.9988595843315125, 0.04503269121050835, -0.014874997548758984, 0.9991275668144226, 0.039023883640766144, -0.03904582932591438, 0.9991844892501831, 0.010282839648425579, -0.04471869021654129, 0.998997151851654, -0.0022334500681608915, -0.03546905517578125, 0.9992790222167969, -0.01354260090738535, -0.032953474670648575, 0.9988877177238464, -0.033725738525390625, -0.018964620307087898, 0.9996377229690552, -0.019098734483122826, -0.027424490079283714, 0.9996238946914673, 7.187959272414446e-05, -0.026098407804965973, 0.9995940923690796, 0.011425497010350227, -0.03724197670817375, 0.9992422461509705, 0.01131658349186182, -0.05301233381032944, 0.9985541105270386, 0.008905715309083462, -0.03655683994293213, 0.9991255402565002, -0.020288510248064995, -0.017962340265512466, 0.9992684721946716, -0.03376081958413124, 0.010172974318265915, 0.9992122650146484, -0.03835776075720787, 0.04047750309109688, 0.9984583258628845, -0.03798110410571098, 0.049610644578933716, 0.9984286427497864, -0.026058759540319443, 0.03330804035067558, 0.9993149042129517, -0.01613595522940159, 0.020902052521705627, 0.9997147917747498, -0.011547953821718693, 0.010959397070109844, 0.9997860193252563, -0.017544317990541458, 0.004403824917972088, 0.998945415019989, -0.045701976865530014, 0.026023993268609047, 0.9992182850837708, -0.029761124402284622, 0.03137119859457016, 0.9979896545410156, -0.055068258196115494, 0.05587882548570633, 0.9977218508720398, -0.03779640048742294, 0.03989429026842117, 0.9991311430931091, 0.012053349055349827, 0.02912776544690132, 0.9988735318183899, 0.03746065869927406, 0.0212563369423151, 0.998789370059967, 0.04436098784208298, 0.009724883362650871, 0.999242901802063, 0.03767230361700058, 0.0024897288531064987, 0.9995318651199341, 0.03049366921186447, 0.007205088622868061, 0.9997920989990234, 0.019072873517870903, 0.009363328106701374, 0.9998705983161926, 0.013080382719635963, 0.018351387232542038, 0.9993663430213928, 0.03049503266811371, 0.027588175609707832, 0.9984548687934875, 0.04823819547891617, -0.0005125398747622967, 0.9988369941711426, 0.04821166396141052, -0.023276621475815773, 0.9988117814064026, 0.04281642287969589, -0.036247510462999344, 0.9991380572319031, 0.020231997594237328, -0.040995724499225616, 0.9990959167480469, 0.011252828873693943, -0.0271113570779562, 0.9996156692504883, -0.005779684521257877, -0.022367361932992935, 0.9995794296264648, -0.0184568352997303, -0.012524179182946682, 0.9998496770858765, -0.011986102908849716, -0.010328632779419422, 0.9999434947967529, -0.0025077906902879477, -0.020188668742775917, 0.9997718334197998, 0.006981370970606804, -0.02852374128997326, 0.9995830655097961, 0.004481098148971796, -0.0320577435195446, 0.9994708299636841, -0.005510091315954924, -0.03130361810326576, 0.9991539120674133, -0.026674611493945122, -0.020019033923745155, 0.9989356994628906, -0.0415530726313591, 0.00033931597135961056, 0.9991312026977539, -0.0416741780936718, 0.02993054874241352, 0.9986430406570435, -0.04261639341711998, 0.03156156465411186, 0.9990586042404175, -0.02976134978234768, 0.019226472824811935, 0.9997321963310242, -0.012878346256911755, 0.017273714765906334, 0.9998027682304382, -0.00979642104357481, 0.004963122308254242, 0.9998623728752136, -0.015831395983695984, 0.005956192035228014, 0.9997783303260803, -0.02019808627665043, 0.02602848969399929, 0.9994485378265381, -0.020618382841348648, 0.05627916380763054, 0.9973024725914001, -0.04712184518575668]
            ta (float, 388):  [0.9999999403953552, -0.000372640963178128, -1.943601368736836e-08, 1.0, 0.9997485876083374, -0.022424031049013138, -2.313344884896651e-05, 1.0, 0.9998138546943665, -0.01929635740816593, 1.520427849754924e-05, 1.0, 0.9999780654907227, -0.006624935194849968, -0.00012903452443424612, 1.0, 0.9999144673347473, 0.013072089292109013, -0.00044195717782713473, 1.0, 0.9998672604560852, 0.016278956085443497, -0.0007066832040436566, 1.0, 0.9999595284461975, 0.008992409333586693, -0.0003830453788395971, 1.0, 0.9999617338180542, -0.008749391883611679, -6.661499355686828e-05, 1.0, 0.9994046688079834, -0.03450149670243263, 0.00034945865627378225, 1.0, 0.9981614947319031, -0.0606081485748291, 0.0004170250613242388, 1.0, 0.998199462890625, -0.05998110771179199, 0.0004709185741376132, 1.0, 0.9990495443344116, -0.043587688356637955, 0.0003944220661651343, 1.0, 0.9999901056289673, -0.004453196655958891, 0.00018731913587544113, 1.0, 0.9994915127754211, 0.031886447221040726, -9.575968761055265e-06, 1.0, 0.9987568855285645, 0.049844976514577866, 0.00023888768919277936, 1.0, 0.9983643889427185, 0.05717146769165993, 0.00019964385137427598, 1.0, 0.998590886592865, 0.053067393600940704, 0.0002497056848369539, 1.0, 0.9985880851745605, 0.05312170088291168, 0.00010529236169531941, 1.0, 0.9985886812210083, 0.053107764571905136, 7.942384740999842e-07, 1.0, 0.998437225818634, 0.05588548257946968, -8.226482896134257e-05, 1.0, 0.9974294304847717, 0.07165471464395523, -0.00025901966728270054, 1.0, 0.9973158240318298, 0.07321969419717789, -0.00037320240517146885, 1.0, 0.9985095858573914, 0.054574619978666306, -2.63834426732501e-05, 1.0, 0.9998925924301147, 0.014652569778263569, 9.976100409403443e-05, 1.0, 0.9996545314788818, -0.02628175914287567, -0.00029780741897411644, 1.0, 0.9982419013977051, -0.059270258992910385, -0.00017449217557441443, 1.0, 0.9973093271255493, -0.0733080580830574, -0.00025910200201906264, 1.0, 0.9977619647979736, -0.06686536222696304, -0.000331140065100044, 1.0, 0.9986903667449951, -0.05116129294037819, -0.00014520516560878605, 1.0, 0.9995141625404358, -0.031169231981039047, 7.940898649394512e-05, 1.0, 0.9999613165855408, -0.00878774095326662, 0.00043134947190992534, 1.0, 0.9999744296073914, -0.007143461611121893, 0.00011689140956150368, 1.0, 0.999832808971405, -0.01828501559793949, 3.2656050734658493e-06, 1.0, 0.9988217949867249, -0.04852793365716934, -0.0003341143310535699, 1.0, 0.9994490742683411, -0.03318854421377182, 6.041002961865161e-06, 1.0, 0.9997907280921936, -0.02045714668929577, 3.3675281883915886e-05, 1.0, 0.9999365210533142, -0.011268417350947857, 0.00022485703811980784, 1.0, 0.9999873638153076, 0.00501730153337121, -0.0001257459953194484, 1.0, 0.9999969005584717, 0.002438006456941366, 8.686014189152047e-05, 1.0, 0.9999945163726807, -0.003320171032100916, -0.00011048166925320402, 1.0, 0.9998489022254944, -0.01738138683140278, 5.556121323024854e-07, 1.0, 0.9994612336158752, -0.03282041847705841, 0.0002371682203374803, 1.0, 0.999219536781311, -0.039501938968896866, -0.00016430702817160636, 1.0, 0.9998738169670105, -0.015881821513175964, -1.9842918845824897e-05, 1.0, 0.9998874068260193, 0.014940607361495495, -0.0013902094215154648, 1.0, 0.9992373585700989, 0.039048079401254654, -1.7848309653345495e-05, 1.0, 0.9989995956420898, 0.04471880942583084, 2.98568215839623e-06, 1.0, 0.9993705749511719, 0.0354728102684021, 3.753810960915871e-05, 1.0, 0.9994563460350037, 0.03296999633312225, -6.622192449867725e-05, 1.0, 0.9998201727867126, 0.0189676396548748, -2.3055345081957057e-05, 1.0, 0.9996238350868225, 0.027424486353993416, 2.5859026919761163e-08, 1.0, 0.9996593594551086, 0.02610090933740139, -6.980152829783037e-05, 1.0, 0.9993062019348145, 0.03724414110183716, 1.9680797777255066e-05, 1.0, 0.9985937476158142, 0.053014665842056274, -2.541526555432938e-05, 1.0, 0.9993309378623962, 0.036571890115737915, 0.00037093539140187204, 1.0, 0.9998385906219482, 0.01796635240316391, -0.00018454648670740426, 1.0, 0.9999482035636902, -0.010177640244364738, 7.362679025391117e-05, 1.0, 0.999179482460022, -0.04050026461482048, 0.00017009607108775526, 1.0, 0.9987674355506897, -0.04963371157646179, -0.00023875993792898953, 1.0, 0.9994450211524963, -0.033312004059553146, 2.284453876200132e-05, 1.0, 0.9997814893722534, -0.020903343334794044, 9.178324944514316e-06, 1.0, 0.9999399781227112, -0.010961216874420643, -7.524502962041879e-06, 1.0, 0.9999902844429016, -0.004412162583321333, -8.155761315720156e-05, 1.0, 0.9996610283851624, -0.02603546716272831, 2.014226993196644e-06, 1.0, 0.9995065331459045, -0.031410735100507736, 0.00014763654326088727, 1.0, 0.998434841632843, -0.055926572531461716, -0.0002063606516458094, 1.0, 0.9992038607597351, -0.03989694267511368, -2.0874167603324167e-05, 1.0, 0.9995751976966858, -0.029146743938326836, -3.9472746721003205e-05, 1.0, 0.9997730851173401, -0.02129840850830078, 0.00047589477617293596, 1.0, 0.9999525547027588, -0.009737015701830387, 0.0001386203512083739, 1.0, 0.9999969005584717, -0.0024917409755289555, 2.7981666789855808e-05, 1.0, 0.9999740123748779, -0.007206205744296312, -1.0169061170017812e-05, 1.0, 0.9999561309814453, -0.009363609366118908, -3.9708880649413913e-05, 1.0, 0.9998314380645752, -0.01836124062538147, 4.2985939217032865e-05, 1.0, 0.9996185898780823, -0.027617398649454117, -6.067019057809375e-05, 1.0, 0.9999998211860657, 0.0005297760362736881, -0.00034471359685994685, 1.0, 0.9997286796569824, 0.023292599245905876, 0.00012578675523400307, 1.0, 0.999342679977417, 0.03624989837408066, 0.00024865526938810945, 1.0, 0.9991592764854431, 0.040998149663209915, 1.536898525955621e-05, 1.0, 0.9996323585510254, 0.027111686766147614, -2.1154186470084824e-05, 1.0, 0.9997497200965881, 0.022371577098965645, 2.1799191017635167e-05, 1.0, 0.9999215602874756, 0.012525081634521484, 1.7829360388077475e-07, 1.0, 0.9999467134475708, 0.010328642092645168, -8.923612767830491e-06, 1.0, 0.9997962117195129, 0.020189106464385986, 7.675417691643815e-06, 1.0, 0.999593198299408, 0.028523912653326988, 2.5700624973978847e-05, 1.0, 0.999485969543457, 0.032057859003543854, -6.730658060405403e-05, 1.0, 0.9995096921920776, 0.0313107855618, -0.0001491909206379205, 1.0, 0.9997991323471069, 0.020039722323417664, 8.14018421806395e-05, 1.0, 0.9999999403953552, -0.00033587266807444394, 8.962579886429012e-05, 1.0, 0.9995512366294861, -0.029955754056572914, 4.724571408587508e-05, 1.0, 0.9995015263557434, -0.03157290443778038, 8.899371459847316e-05, 1.0, 0.9998151063919067, -0.019227037206292152, 7.995179475983605e-05, 1.0, 0.999850869178772, -0.017274534329771996, 1.2724573252853588e-06, 1.0, 0.9999876618385315, -0.004963360261172056, 2.421574026811868e-05, 1.0, 0.9999822378158569, -0.005957602057605982, -9.648946615925524e-06, 1.0, 0.9996610879898071, -0.02603398635983467, 1.8354459143665736e-06, 1.0, 0.9984114766120911, -0.05634411796927452, -5.020066237193532e-05, 1.0]
            u0 (float, 194):  [0.5, 0.5, 0.6632422804832458, 0.5, 0.6605938076972961, 0.4680559039115906, 0.6458613872528076, 0.4395822286605835, 0.6280403733253479, 0.4144461750984192, 0.6056768894195557, 0.39432311058044434, 0.5894311666488647, 0.36615681648254395, 0.5603193640708923, 0.3543761968612671, 0.5317329168319702, 0.34046781063079834, 0.5, 0.344066858291626, 0.468231737613678, 0.3402901887893677, 0.4409957528114319, 0.3575511574745178, 0.40922456979751587, 0.3641449809074402, 0.3853515386581421, 0.3853515386581421, 0.3697555661201477, 0.41297346353530884, 0.35328251123428345, 0.4392276406288147, 0.3417930603027344, 0.46853071451187134, 0.3472011089324951, 0.5, 0.34398433566093445, 0.531033456325531, 0.3489944040775299, 0.5625485777854919, 0.3719032108783722, 0.5855915248394012, 0.3844469487667084, 0.6155530512332916, 0.4103478193283081, 0.6341739892959595, 0.4371907711029053, 0.6516349017620087, 0.4697064757347107, 0.6522957682609558, 0.5, 0.6510619819164276, 0.5318705439567566, 0.6602240800857544, 0.5625463128089905, 0.6510000824928284, 0.5873281359672546, 0.6306957900524139, 0.6068248748779297, 0.6068248748779297, 0.6271080374717712, 0.5849308967590332, 0.6482701897621155, 0.5614155232906342, 0.6515383124351501, 0.5301428437232971, 0.847686231136322, 0.5, 0.8162462711334229, 0.43709468841552734, 0.7729744911193848, 0.3869302272796631, 0.7719672918319702, 0.3182772397994995, 0.7167735695838928, 0.2832264304161072, 0.6924437284469604, 0.21198761463165283, 0.6319390535354614, 0.1814708709716797, 0.561901867389679, 0.18879830837249756, 0.5, 0.17366141080856323, 0.43561044335365295, 0.17629188299179077, 0.37083035707473755, 0.18815690279006958, 0.30586937069892883, 0.2094630002975464, 0.29955926537513733, 0.29955923557281494, 0.24504360556602478, 0.3296436071395874, 0.2012554407119751, 0.37625592947006226, 0.2031519114971161, 0.44095325469970703, 0.17751727998256683, 0.5, 0.21779967844486237, 0.5561331212520599, 0.1833629310131073, 0.6311553716659546, 0.23556196689605713, 0.6766918301582336, 0.29520973563194275, 0.7047902643680573, 0.3179936110973358, 0.7723917961120605, 0.38396376371383667, 0.7801362574100494, 0.4424206614494324, 0.7894708514213562, 0.5, 0.8151479810476303, 0.5567904114723206, 0.7855045795440674, 0.6133096814155579, 0.7735537886619568, 0.6898460388183594, 0.7841246426105499, 0.7333959937095642, 0.7333959639072418, 0.7347735166549683, 0.6568706631660461, 0.8100786209106445, 0.6284387707710266, 0.7772437930107117, 0.5551472306251526, 0.9394702315330505, 0.5, 1.0170629024505615, 0.39714980125427246, 0.9467656016349792, 0.3149436116218567, 0.8619874715805054, 0.25812768936157227, 0.8155812621116638, 0.18441873788833618, 0.7489535212516785, 0.1274147629737854, 0.6560735106468201, 0.12320518493652344, 0.605708122253418, -0.03143048286437988, 0.5, 0.10336685180664062, 0.41156935691833496, 0.05542910099029541, 0.3075399100780487, 0.03536021709442139, 0.25031325221061707, 0.12631738185882568, 0.11891178786754608, 0.11891180276870728, 0.14577358961105347, 0.2633134722709656, 0.002327800029888749, 0.2938573956489563, -0.015229228883981705, 0.3975145220756531, 0.008757373318076134, 0.5, -0.014816083014011383, 0.6024032831192017, 0.0777767077088356, 0.6748906075954437, 0.0709943026304245, 0.7866524457931519, 0.13897672295570374, 0.8610232770442963, 0.24017231166362762, 0.8888596221804619, 0.3237152099609375, 0.9255891144275665, 0.4031016230583191, 0.9871410327032208, 0.5, 0.9511586241424084, 0.5783407688140869, 0.8938455954194069, 0.692471981048584, 0.9646685384213924, 0.7384353876113892, 0.8568437546491623, 0.8275480270385742, 0.827548012137413, 0.9229781031608582, 0.7826249450445175, 0.8832176327705383, 0.6587339341640472, 0.8842024207115173, 0.5764226019382477]
            tri (int, 480):  [0, 2, 1, 0, 3, 2, 0, 4, 3, 0, 5, 4, 0, 6, 5, 0, 7, 6, 0, 8, 7, 0, 9, 8, 0, 10, 9, 0, 11, 10, 0, 12, 11, 0, 13, 12, 0, 14, 13, 0, 15, 14, 0, 16, 15, 0, 17, 16, 0, 18, 17, 0, 19, 18, 0, 20, 19, 0, 21, 20, 0, 22, 21, 0, 23, 22, 0, 24, 23, 0, 25, 24, 0, 26, 25, 0, 27, 26, 0, 28, 27, 0, 29, 28, 0, 30, 29, 0, 31, 30, 0, 32, 31, 0, 1, 32, 1, 34, 33, 1, 2, 34, 2, 35, 34, 2, 3, 35, 3, 36, 35, 3, 4, 36, 4, 37, 36, 4, 5, 37, 5, 38, 37, 5, 6, 38, 6, 39, 38, 6, 7, 39, 7, 40, 39, 7, 8, 40, 8, 41, 40, 8, 9, 41, 9, 42, 41, 9, 10, 42, 10, 43, 42, 10, 11, 43, 11, 44, 43, 11, 12, 44, 12, 45, 44, 12, 13, 45, 13, 46, 45, 13, 14, 46, 14, 47, 46, 14, 15, 47, 15, 48, 47, 15, 16, 48, 16, 49, 48, 16, 17, 49, 17, 50, 49, 17, 18, 50, 18, 51, 50, 18, 19, 51, 19, 52, 51, 19, 20, 52, 20, 53, 52, 20, 21, 53, 21, 54, 53, 21, 22, 54, 22, 55, 54, 22, 23, 55, 23, 56, 55, 23, 24, 56, 24, 57, 56, 24, 25, 57, 25, 58, 57, 25, 26, 58, 26, 59, 58, 26, 27, 59, 27, 60, 59, 27, 28, 60, 28, 61, 60, 28, 29, 61, 29, 62, 61, 29, 30, 62, 30, 63, 62, 30, 31, 63, 31, 64, 63, 31, 32, 64, 32, 33, 64, 33, 32, 1, 33, 66, 65, 33, 34, 66, 34, 67, 66, 34, 35, 67, 35, 68, 67, 35, 36, 68, 36, 69, 68, 36, 37, 69, 37, 70, 69, 37, 38, 70, 38, 71, 70, 38, 39, 71, 39, 72, 71, 39, 40, 72, 40, 73, 72, 40, 41, 73, 41, 74, 73, 41, 42, 74, 42, 75, 74, 42, 43, 75, 43, 76, 75, 43, 44, 76, 44, 77, 76, 44, 45, 77, 45, 78, 77, 45, 46, 78, 46, 79, 78, 46, 47, 79, 47, 80, 79, 47, 48, 80, 48, 81, 80, 48, 49, 81, 49, 82, 81, 49, 50, 82, 50, 83, 82, 50, 51, 83, 51, 84, 83, 51, 52, 84, 52, 85, 84, 52, 53, 85, 53, 86, 85, 53, 54, 86, 54, 87, 86, 54, 55, 87, 55, 88, 87, 55, 56, 88, 56, 89, 88, 56, 57, 89, 57, 90, 89, 57, 58, 90, 58, 91, 90, 58, 59, 91, 59, 92, 91, 59, 60, 92, 60, 93, 92, 60, 61, 93, 61, 94, 93, 61, 62, 94, 62, 95, 94, 62, 63, 95, 63, 96, 95, 63, 64, 96, 64, 65, 96, 65, 64, 33]
            boundingsphere (float, 4):  [0.01892375946044922, 0.27505263686180115, 0.45706701278686523, 10.970235633635138]
            aabb:
                min (float, 3):  [-10.634331703186035, 0.08930528163909912, -10.054591178894043]
                max (float, 3):  [10.672179222106934, 0.4607999920845032, 10.968725204467773]
            material:
                shader (str, 1):  ['PdxMeshAdvanced']
                diff (str, 1):  ['air_winter_boreal_continental_phase_6_diff.dds']
                spec (str, 1):  ['air_winter_boreal_continental_spec.dds']
                n (str, 1):  ['air_winter_boreal_continental_n.dds']
locator:
