pdxasset (int, 2):  [1, 0]
object:
    air_winter_tropical_coast_monsoon_frozen_water:
        mesh:
            p (float, 291):  [0.0, 0.41600000858306885, 0.0, 2.444070816040039, 0.36485639214515686, 0.0, 2.3765604496002197, 0.3768477737903595, 0.4727272689342499, 2.298872709274292, 0.3590942621231079, 0.9522243142127991, 2.013428211212158, 0.3175799250602722, 1.3453296422958374, 1.7608134746551514, 0.2662975788116455, 1.7608134746551514, 1.3389779329299927, 0.2225325107574463, 2.0039219856262207, 0.9657167792320251, 0.20103619992733002, 2.331446409225464, 0.4944245219230652, 0.20905421674251556, 2.485640048980713, 1.5149864534978925e-16, 0.24388398230075836, 2.474160671234131, -0.5076151490211487, 0.29378578066825867, 2.5519535541534424, -0.9132506251335144, 0.34193965792655945, 2.204782009124756, -1.4709088802337646, 0.37211480736732483, 2.2013707160949707, -1.7662352323532104, 0.3741404116153717, 1.7662352323532104, -2.0146641731262207, 0.347333699464798, 1.3461556434631348, -2.2953617572784424, 0.3007301390171051, 0.9507699012756348, -2.4466989040374756, 0.2500379979610443, 0.4866786599159241, -2.379547357559204, 0.21234360337257385, 2.914105152558501e-16, -2.52280855178833, 0.2003522366285324, -0.5018178224563599, -2.3601608276367188, 0.2181057333946228, -0.9776106476783752, -2.113231658935547, 0.2596200704574585, -1.4120162725448608, -1.805746078491211, 0.3109024167060852, -1.805746078491211, -1.460191249847412, 0.3546674847602844, -2.185330629348755, -0.9610783457756042, 0.3761638104915619, -2.3202483654022217, -0.4935675263404846, 0.36814579367637634, -2.4813315868377686, -4.846048074204855e-16, 0.33331599831581116, -2.6380655765533447, 0.5117127299308777, 0.28341421484947205, -2.5725536346435547, 0.928166389465332, 0.23526035249233246, -2.2407917976379395, 1.3382221460342407, 0.20508518815040588, -2.002790927886963, 1.8580658435821533, 0.203059583902359, -1.8580658435821533, 2.120173692703247, 0.22986631095409393, -1.4166547060012817, 2.2021713256835938, 0.2764698565006256, -0.9121692180633545, 2.3889482021331787, 0.3271619975566864, -0.4751913249492645, 4.847063064575195, 0.27645638585090637, 0.0, 4.836109638214111, 0.288447767496109, 0.9619619846343994, 4.4044671058654785, 0.2706942558288574, 1.8243900537490845, 4.007386207580566, 0.22917991876602173, 2.677649736404419, 3.601821184158325, 0.17789757251739502, 3.601821184158325, 3.0516064167022705, 0.1341325044631958, 4.567051887512207, 2.0111000537872314, 0.11263620108366013, 4.855225086212158, 1.0764405727386475, 0.12065421044826508, 5.411632061004639, 2.7469352594839845e-16, 0.15548399090766907, 4.486085414886475, -0.9354145526885986, 0.20538577437400818, 4.702646255493164, -2.0920214653015137, 0.25353965163230896, 5.050586223602295, -2.8517699241638184, 0.28371480107307434, 4.267975330352783, -3.423032283782959, 0.2857404053211212, 3.423032283782959, -3.961611032485962, 0.2589336931705475, 2.647063970565796, -5.005223751068115, 0.2123301476240158, 2.0732316970825195, -5.473811626434326, 0.16163800656795502, 1.0888087749481201, -5.194639205932617, 0.12394360452890396, 6.36159859870606e-16, -5.215008735656738, 0.11195223778486252, -1.0373297929763794, -4.893443584442139, 0.12970572710037231, -2.026930809020996, -4.415105819702148, 0.1712200790643692, -2.9500792026519775, -3.5148589611053467, 0.2225024253129959, -3.5148589611053467, -2.9898571968078613, 0.26626747846603394, -4.474637508392334, -1.9849942922592163, 0.2877638041973114, -4.792200088500977, -1.0721917152404785, 0.27974578738212585, -5.3902716636657715, -1.005347004986155e-15, 0.24491600692272186, -5.472854137420654, 0.9350395798683167, 0.19501422345638275, -4.700761318206787, 1.9274300336837769, 0.14686034619808197, -4.653227806091309, 2.7278316020965576, 0.11668518930673599, -4.082488536834717, 3.2571516036987305, 0.11465958505868912, -3.2571516036987305, 3.994316339492798, 0.14146630465984344, -2.668916940689087, 5.13737678527832, 0.18806985020637512, -2.1279711723327637, 4.803871154785156, 0.2387619912624359, -0.955549418926239, 6.458460330963135, 0.1387140303850174, 0.0, 7.1296000480651855, 0.1429462730884552, 1.418165683746338, 7.120555877685547, 0.13668033480644226, 2.9494307041168213, 6.792046546936035, 0.12202820926904678, 4.538300514221191, 4.954305171966553, 0.10392855852842331, 4.954305171966553, 4.281391143798828, 0.08848205953836441, 6.407554626464844, 2.607694625854492, 0.08089512586593628, 6.295531272888184, 1.6736212968826294, 0.08372501283884048, 8.413863182067871, 4.455558473982334e-16, 0.09601787477731705, 7.276479244232178, -1.5878171920776367, 0.1136302724480629, 7.9824957847595215, -3.2145373821258545, 0.13062575459480286, 7.760579586029053, -4.395719051361084, 0.1412758231163025, 6.578658580780029, -5.169177532196045, 0.14199073612689972, 5.169177532196045, -6.552788257598877, 0.13252954185009003, 4.3784332275390625, -6.984508991241455, 0.11608123034238815, 2.893078327178955, -7.715068817138672, 0.09818988293409348, 1.5346225500106812, -8.53470230102539, 0.08488597720861435, 1.0451995875171145e-15, -6.944300651550293, 0.08065372705459595, -1.3813073635101318, -6.448773384094238, 0.08691967278718948, -2.6711692810058594, -5.711416244506836, 0.10157179087400436, -3.816246509552002, -5.1749491691589355, 0.11967144161462784, -5.1749491691589355, -4.5536603927612305, 0.13511793315410614, -6.815034866333008, -2.6714563369750977, 0.14270487427711487, -6.449466228485107, -1.4515535831451416, 0.13987497985363007, -7.297452926635742, -1.5830556622655834e-15, 0.1275821179151535, -8.617753982543945, 1.3209176063537598, 0.10996972769498825, -6.6407012939453125, 2.4663755893707275, 0.0929742380976677, -5.954357624053955, 3.5061020851135254, 0.08232418447732925, -5.247252464294434, 5.647056579589844, 0.08160926401615143, -5.647056579589844, 5.288064956665039, 0.09107045829296112, -3.533371925354004, 6.5079851150512695, 0.107518769800663, -2.695695638656616, 7.673172473907471, 0.12541010975837708, -1.5262888669967651]
            n (float, 291):  [0.0003790164482779801, 0.9999998211860657, 0.0004434092261362821, 0.028263134881854057, 0.998690128326416, -0.04265297204256058, 0.023847872391343117, 0.9996688961982727, 0.009667792357504368, 0.0083463741466403, 0.9982287883758545, 0.05890338867902756, -0.01142073143273592, 0.9962199330329895, 0.08611300587654114, -0.021587608382105827, 0.9961966276168823, 0.08441723883152008, -0.011954974383115768, 0.9969688057899475, 0.07687845826148987, 0.01581447385251522, 0.998432993888855, 0.053679436445236206, 0.03781824931502342, 0.9981166124343872, 0.04830111935734749, 0.07098744809627533, 0.9959043860435486, 0.055993158370256424, 0.07676497101783752, 0.9953987002372742, 0.057346321642398834, 0.05232938379049301, 0.9971022605895996, 0.055215589702129364, 0.003418099833652377, 0.9994167685508728, 0.0339779295027256, -0.037376608699560165, 0.9993011951446533, -0.000347794994013384, -0.05964323505759239, 0.9976907968521118, -0.032492898404598236, -0.06290711462497711, 0.9965874552726746, -0.05344210937619209, -0.05928189307451248, 0.9960156083106995, -0.06662239134311676, -0.06276514381170273, 0.9972609281539917, -0.03913138434290886, -0.05490986630320549, 0.9984908103942871, 0.0010333256796002388, -0.06790720671415329, 0.997438371181488, 0.022478334605693817, -0.07971538603305817, 0.9961830973625183, 0.0355621762573719, -0.08308441191911697, 0.9960868954658508, 0.030132068321108818, -0.05955453962087631, 0.9982064366340637, 0.006095848511904478, -0.018527589738368988, 0.999677836894989, -0.017347438260912895, 0.026028046384453773, 0.999218225479126, -0.02975831739604473, 0.07006192952394485, 0.9970465898513794, -0.03145517781376839, 0.09337842464447021, 0.9953334331512451, -0.02432905323803425, 0.0916612297296524, 0.9955406188964844, -0.022295264527201653, 0.051965925842523575, 0.9977002739906311, -0.04351724311709404, 0.023369720205664635, 0.998074471950531, -0.057456377893686295, 0.012781376019120216, 0.9968309998512268, -0.07851476967334747, 0.012119981460273266, 0.9958070516586304, -0.09067230671644211, 0.019751721993088722, 0.9968046545982361, -0.07739688456058502, 0.050583187490701675, 0.9984701871871948, -0.02232993394136429, 0.049734387546777725, 0.9987598061561584, 0.0022911562118679285, 0.02738865464925766, 0.998859167098999, 0.039116814732551575, 0.00562045956030488, 0.9984254837036133, 0.05581158399581909, -0.005663285963237286, 0.9985901713371277, 0.0527782142162323, -0.005452202167361975, 0.9993270039558411, 0.036275122314691544, 0.0058008842170238495, 0.9996213316917419, 0.026897024363279343, 0.015462150797247887, 0.9997215867042542, 0.017819873988628387, 0.04028111323714256, 0.9985839128494263, 0.03475140035152435, 0.05081437528133392, 0.9977434873580933, 0.043884143233299255, 0.014568907208740711, 0.99888676404953, 0.04486631974577904, -0.020218810066580772, 0.9991527199745178, 0.035847678780555725, -0.04279400408267975, 0.9989053606987, 0.018887672573328018, -0.048969678580760956, 0.9987953305244446, -0.0031279954127967358, -0.045716121792793274, 0.998798668384552, -0.017640473321080208, -0.034067798405885696, 0.9990283250808716, -0.02796062082052231, -0.02552906796336174, 0.9993308782577515, -0.02619270607829094, -0.02520565874874592, 0.9996758103370667, -0.003595529356971383, -0.03850299492478371, 0.9991884231567383, 0.011830810457468033, -0.05251938849687576, 0.9985535144805908, 0.011520147323608398, -0.06550652533769608, 0.9978024959564209, 0.009947564452886581, -0.043912239372730255, 0.9987977743148804, -0.02178792655467987, -0.021671846508979797, 0.998812198638916, -0.04364072531461716, -0.007147291675209999, 0.9988015294075012, -0.04841822013258934, 0.04457908123731613, 0.9982941746711731, -0.03770102560520172, 0.06937167048454285, 0.997236430644989, -0.026591893285512924, 0.04849321022629738, 0.9986303448677063, -0.019638875499367714, 0.029206564649939537, 0.9994333386421204, -0.016732962802052498, 0.013064593076705933, 0.9994565844535828, -0.03026195801794529, 0.004423271398991346, 0.9984824061393738, -0.05489287152886391, 0.018178394064307213, 0.998071014881134, -0.059362586587667465, 0.033014196902513504, 0.998733639717102, -0.03796253725886345, 0.06564846634864807, 0.9977944493293762, -0.009820098988711834, 0.058654408901929855, 0.9982740879058838, 0.002906716661527753, 0.03610953316092491, 0.9990033507347107, 0.026238948106765747, 0.016640808433294296, 0.9990419745445251, 0.04047539085149765, 0.005495321471244097, 0.9990804195404053, 0.042522456496953964, 0.0010239827679470181, 0.9995784759521484, 0.02901454269886017, 0.006662333384156227, 0.9998041391372681, 0.018633654341101646, 0.011701725423336029, 0.9998411536216736, 0.013440191745758057, 0.020475590601563454, 0.9995431303977966, 0.022234132513403893, 0.029758192598819733, 0.9988354444503784, 0.0379764698445797, 0.003397185355424881, 0.9990904331207275, 0.04250631853938103, -0.031815338879823685, 0.9987945556640625, 0.037380002439022064, -0.04496101662516594, 0.9985766410827637, 0.028692523017525673, -0.044041261076927185, 0.998929500579834, 0.014154438860714436, -0.04367633908987045, 0.9990419149398804, -0.0027484314050525427, -0.02802683226764202, 0.9995273351669312, -0.012632603757083416, -0.016906829550862312, 0.9997406601905823, -0.015259637497365475, -0.016851773485541344, 0.9998227953910828, -0.008391954004764557, -0.03164329007267952, 0.999495804309845, 0.002601821208372712, -0.04813164472579956, 0.9988404512405396, -0.0010312892263755202, -0.061100590974092484, 0.9981167912483215, -0.005443330854177475, -0.03964604437351227, 0.9986929893493652, -0.03225778415799141, -0.02336789295077324, 0.9975762367248535, -0.06554029881954193, -0.020398417487740517, 0.9982044696807861, -0.05631878226995468, 0.024306101724505424, 0.9987538456916809, -0.04358825832605362, 0.061128173023462296, 0.9975788593292236, -0.03316306695342064, 0.038082513958215714, 0.9989608526229858, -0.025038819760084152, 0.015917759388685226, 0.9997377395629883, -0.01646602712571621, 0.0066153970547020435, 0.9998614192008972, -0.015277067199349403, 0.011044559068977833, 0.9991853833198547, -0.038814254105091095, 0.027191484346985817, 0.9983657002449036, -0.05026494711637497, 0.04379304498434067, 0.9988067746162415, -0.021613063290715218]
            ta (float, 388):  [1.0, -0.0003790171758737415, 1.7643113636722774e-08, 1.0, 0.9995997548103333, -0.028291059657931328, -5.106086246087216e-05, 1.0, 0.9997155666351318, -0.02384893037378788, -5.517078079719795e-06, 1.0, 0.9999651312828064, -0.008342800661921501, -0.00030657672323286533, 1.0, 0.9999332427978516, 0.011532357893884182, -0.0007989052683115005, 1.0, 0.9997630715370178, 0.021744096651673317, -0.0009346671868115664, 1.0, 0.9999275803565979, 0.012023397721350193, -0.00042725380626507103, 1.0, 0.9998747110366821, -0.015831615775823593, -0.00010592458420433104, 1.0, 0.9992821216583252, -0.03788251057267189, 0.0004153724876232445, 1.0, 0.9974650740623474, -0.07115132361650467, 0.0009362452547065914, 1.0, 0.9970372915267944, -0.0769181102514267, 0.00046471526729874313, 1.0, 0.9986249208450317, -0.05242444947361946, 0.0002736999304033816, 1.0, 0.9999939799308777, -0.0034341209102422, 0.00041318414150737226, 1.0, 0.9993011951446533, 0.03737660497426987, 3.1102322850529163e-07, 1.0, 0.9982172250747681, 0.05968504771590233, 0.00031760105048306286, 1.0, 0.9980112314224243, 0.06303220987319946, 0.0006567596574313939, 1.0, 0.9982326030731201, 0.05942828580737114, 0.00021595395810436457, 1.0, 0.9980254173278809, 0.06281180679798126, -3.683942122734152e-05, 1.0, 0.9984912276268005, 0.05490988492965698, -1.2706548204732826e-06, 1.0, 0.9976903796195984, 0.06792610883712769, -7.765900227241218e-05, 1.0, 0.9968128204345703, 0.07977528870105743, -0.0002665282809175551, 1.0, 0.9965382218360901, 0.08313389867544174, -0.0003916507412213832, 1.0, 0.9982249736785889, 0.05955583602190018, -3.132140409434214e-05, 1.0, 0.9998282790184021, 0.018530527129769325, 8.54190693644341e-06, 1.0, 0.9996607899665833, -0.02604489028453827, -0.00017851166194304824, 1.0, 0.997539758682251, -0.07010288536548615, -0.0001998198131332174, 1.0, 0.9956268072128296, -0.09341888129711151, -0.0005295659066177905, 1.0, 0.9957877397537231, -0.09168855100870132, -0.00020387410768307745, 1.0, 0.9986461400985718, -0.052019789814949036, -0.00010555909830145538, 1.0, 0.9997263550758362, -0.023389972746372223, 0.0003201042127329856, 1.0, 0.9999179840087891, -0.0128018232062459, 0.00024292041780427098, 1.0, 0.9999260902404785, -0.01216072030365467, 0.00010318115528207272, 1.0, 0.9998036623001099, -0.019815122708678246, -5.116125612403266e-05, 1.0, 0.9987188577651978, -0.050600484013557434, -0.0002101869322359562, 1.0, 0.9987624883651733, -0.04973452910780907, 5.922880063735647e-06, 1.0, 0.9996241331100464, -0.02741435170173645, 0.00012059503205819055, 1.0, 0.9999840259552002, -0.005636629648506641, 0.00013232532364781946, 1.0, 0.9999840259552002, 0.005665335804224014, 0.00011077630915679038, 1.0, 0.9999851584434509, 0.005453499499708414, 6.31719158263877e-05, 1.0, 0.9999831914901733, -0.005802160128951073, -3.060839662794024e-05, 1.0, 0.9998804330825806, -0.015464480966329575, -7.153766091505531e-06, 1.0, 0.9991874694824219, -0.04030502960085869, -1.2473434253479354e-05, 1.0, 0.9987050890922546, -0.050873804837465286, 0.00023772325948812068, 1.0, 0.9998934864997864, -0.014591209590435028, 0.00016961150686256588, 1.0, 0.9997953176498413, 0.02023279294371605, -2.7320686058374122e-05, 1.0, 0.9990835785865784, 0.04280402883887291, -0.00012632030120585114, 1.0, 0.9988002181053162, 0.048969924449920654, -2.892395229991962e-07, 1.0, 0.9989541172981262, 0.04572342708706856, 1.0617153748171404e-05, 1.0, 0.9994189143180847, 0.03408566862344742, 0.00016257895913440734, 1.0, 0.9996737837791443, 0.02553928829729557, 5.564768798649311e-05, 1.0, 0.9996822476387024, 0.025205831974744797, 2.057980964309536e-06, 1.0, 0.9992583990097046, 0.03850601613521576, -2.721087366808206e-05, 1.0, 0.9986196756362915, 0.05252315476536751, -2.5434539566049352e-05, 1.0, 0.9978519082069397, 0.06550944596529007, 3.1783696613274515e-05, 1.0, 0.9990348815917969, 0.04392378777265549, 5.1471379265422e-05, 1.0, 0.9997643828392029, 0.021706262603402138, 0.0003148159012198448, 1.0, 0.9999745488166809, 0.007137709762901068, -0.0003707900468725711, 1.0, 0.9990043044090271, -0.04461302235722542, -5.894202331546694e-05, 1.0, 0.9975893497467041, -0.06939347833395004, 0.00010264266165904701, 1.0, 0.9988231658935547, -0.04850134253501892, 6.265602132771164e-05, 1.0, 0.9995731711387634, -0.029212819412350655, -0.000129550215206109, 1.0, 0.9999145865440369, -0.013072812929749489, -7.38148664822802e-05, 1.0, 0.9999901652336121, -0.004418545868247747, 0.0002074574731523171, 1.0, 0.999833881855011, -0.018223732709884644, -0.00022244646970648319, 1.0, 0.9994540214538574, -0.03304260969161987, -0.00012109737144783139, 1.0, 0.9978426098823547, -0.06565146148204803, 1.8419606931274757e-05, 1.0, 0.9982783198356628, -0.05865463241934776, -6.850561476312578e-06, 1.0, 0.9993473887443542, -0.03612165153026581, -1.21567891255836e-05, 1.0, 0.9998612403869629, -0.016656354069709778, 4.684862506110221e-05, 1.0, 0.9999848008155823, -0.005501130595803261, 1.95997108676238e-05, 1.0, 0.9999995231628418, -0.0010265406453981996, 7.324794569285586e-05, 1.0, 0.9999778270721436, -0.006663543172180653, 2.8287690838624258e-06, 1.0, 0.9999315142631531, -0.011702241376042366, -4.029599949717522e-05, 1.0, 0.9997903108596802, -0.020478621125221252, -9.140489419223741e-05, 1.0, 0.9995568990707397, -0.02976420149207115, -0.0004072727169841528, 1.0, 0.999994158744812, -0.0033760000951588154, -0.0005701808258891106, 1.0, 0.9994930028915405, 0.03183983266353607, -6.0079284594394267e-05, 1.0, 0.9989880323410034, 0.044976964592933655, 8.969219925347716e-05, 1.0, 0.9990295767784119, 0.04404432699084282, 9.478720312472433e-05, 1.0, 0.9990456700325012, 0.04367649555206299, -4.5606298044731375e-06, 1.0, 0.9996070861816406, 0.028027962893247604, -8.734591392567381e-05, 1.0, 0.9998570680618286, 0.0169075820595026, -7.959268259583041e-05, 1.0, 0.9998580813407898, 0.016852207481861115, -1.9270317352493294e-05, 1.0, 0.9994991421699524, 0.031643345952034, 1.9977966076112352e-05, 1.0, 0.9988410472869873, 0.04813167452812195, -1.1487451274660998e-06, 1.0, 0.998131513595581, 0.06110146641731262, -4.45291834694217e-06, 1.0, 0.9992133378982544, 0.039657190442085266, -0.0002945223532151431, 1.0, 0.999725878238678, 0.023410160094499588, -0.00012309165322221816, 1.0, 0.9997910261154175, 0.020442308858036995, 0.00020327950187493116, 1.0, 0.9997044801712036, -0.024309104308485985, 0.00046132015995681286, 1.0, 0.9981279373168945, -0.06115981563925743, 6.043241228326224e-05, 1.0, 0.9992741346359253, -0.03809298574924469, 5.8838053519139066e-05, 1.0, 0.9998732805252075, -0.01591971516609192, 1.2305345080676489e-05, 1.0, 0.9999780654907227, -0.006615638732910156, 3.466062116785906e-05, 1.0, 0.9999389052391052, -0.01105399802327156, -2.8554892196552828e-05, 1.0, 0.9996288418769836, -0.027240397408604622, -0.00028826986090280116, 1.0, 0.9990403056144714, -0.04379982873797417, 0.00015966390492394567, 1.0]
            u0 (float, 194):  [0.5, 0.5, 0.6536185145378113, 0.5, 0.6493752598762512, 0.4702874422073364, 0.6444923281669617, 0.44014930725097656, 0.62655109167099, 0.41544127464294434, 0.6106733679771423, 0.38932663202285767, 0.5841594934463501, 0.3740463852882385, 0.5606987476348877, 0.35346031188964844, 0.5310763120651245, 0.3437687158584595, 0.5, 0.3444902300834656, 0.4680945873260498, 0.3396006226539612, 0.44259896874427795, 0.3614216446876526, 0.4075481593608856, 0.36163604259490967, 0.38898584246635437, 0.38898587226867676, 0.3733711838722229, 0.41538935899734497, 0.3557283580303192, 0.440240740776062, 0.3462162911891937, 0.4694105386734009, 0.3504369854927063, 0.5, 0.34143251180648804, 0.5315410196781158, 0.351655513048172, 0.5614463090896606, 0.3671758770942688, 0.5887502431869507, 0.3865024447441101, 0.6134975552558899, 0.4082218110561371, 0.637355774641037, 0.43959280848503113, 0.6458358466625214, 0.46897754073143005, 0.6559605002403259, 0.5, 0.6658118069171906, 0.5321629643440247, 0.6616941392421722, 0.5583385825157166, 0.6408417224884033, 0.5841119885444641, 0.6258825361728668, 0.6167860627174377, 0.6167860329151154, 0.6332604289054871, 0.5890417695045471, 0.6384142637252808, 0.5573330819606781, 0.6501538753509521, 0.5298674702644348, 0.804655134677887, 0.5, 0.8039666414260864, 0.43953728675842285, 0.7768363952636719, 0.3853306174278259, 0.7518784403800964, 0.3317002058029175, 0.7263872623443604, 0.27361273765563965, 0.6918042898178101, 0.21294456720352173, 0.6264047622680664, 0.19483184814453125, 0.5676581263542175, 0.15985971689224243, 0.5, 0.21803361177444458, 0.4412058889865875, 0.2044219970703125, 0.3685090243816376, 0.18255269527435303, 0.32075613737106323, 0.23174262046813965, 0.28485026955604553, 0.28485023975372314, 0.25099867582321167, 0.33362263441085815, 0.18540389835834503, 0.3696900010108948, 0.15595151484012604, 0.4315645098686218, 0.1734984815120697, 0.5, 0.1722181737422943, 0.5651998519897461, 0.19242969155311584, 0.6273998022079468, 0.2224949300289154, 0.685422956943512, 0.2790786325931549, 0.7209213674068451, 0.3120768666267395, 0.7812468558549881, 0.37523606419563293, 0.8012067973613739, 0.4326089322566986, 0.8387977033853531, 0.5, 0.8439883291721344, 0.5587705373764038, 0.7954595386981964, 0.6211458444595337, 0.7924718856811523, 0.6714538931846619, 0.7565989047288895, 0.7047235369682312, 0.7047235369682312, 0.751056969165802, 0.667750895023346, 0.8229023814201355, 0.6337505578994751, 0.801940381526947, 0.560059666633606, 0.9059371948242188, 0.5, 0.9481207132339478, 0.4108632802963257, 0.9475522041320801, 0.3146178126335144, 0.9269042611122131, 0.2147517204284668, 0.8113957047462463, 0.18860429525375366, 0.7691006064414978, 0.097262442111969, 0.6639028787612915, 0.10430347919464111, 0.605193018913269, -0.028841137886047363, 0.5, 0.042647480964660645, 0.4002000391483307, -0.0017281770706176758, 0.2979549169540405, 0.012220025062561035, 0.2237134575843811, 0.08650797605514526, 0.17509883642196655, 0.17509883642196655, 0.08813399076461792, 0.22479993104934692, 0.060998812317848206, 0.3181597590446472, 0.015080536715686321, 0.40354353189468384, -0.03643633425235748, 0.5, 0.06352602690458298, 0.5868200659751892, 0.09467169642448425, 0.6678924858570099, 0.14101719856262207, 0.7398646473884583, 0.17473605275154114, 0.8252639472484589, 0.2137862592935562, 0.9283491298556328, 0.33208948373794556, 0.905371867120266, 0.40876469016075134, 0.9586708210408688, 0.5, 1.0416564345359802, 0.5830243825912476, 0.9173916578292847, 0.6550204753875732, 0.874252513051033, 0.7203709483146667, 0.8298084586858749, 0.8549375534057617, 0.8549375534057617, 0.8323736786842346, 0.7220849692821503, 0.9090499877929688, 0.6694340407848358, 0.9822861552238464, 0.59593266248703]
            tri (int, 480):  [0, 2, 1, 0, 3, 2, 0, 4, 3, 0, 5, 4, 0, 6, 5, 0, 7, 6, 0, 8, 7, 0, 9, 8, 0, 10, 9, 0, 11, 10, 0, 12, 11, 0, 13, 12, 0, 14, 13, 0, 15, 14, 0, 16, 15, 0, 17, 16, 0, 18, 17, 0, 19, 18, 0, 20, 19, 0, 21, 20, 0, 22, 21, 0, 23, 22, 0, 24, 23, 0, 25, 24, 0, 26, 25, 0, 27, 26, 0, 28, 27, 0, 29, 28, 0, 30, 29, 0, 31, 30, 0, 32, 31, 0, 1, 32, 1, 34, 33, 1, 2, 34, 2, 35, 34, 2, 3, 35, 3, 36, 35, 3, 4, 36, 4, 37, 36, 4, 5, 37, 5, 38, 37, 5, 6, 38, 6, 39, 38, 6, 7, 39, 7, 40, 39, 7, 8, 40, 8, 41, 40, 8, 9, 41, 9, 42, 41, 9, 10, 42, 10, 43, 42, 10, 11, 43, 11, 44, 43, 11, 12, 44, 12, 45, 44, 12, 13, 45, 13, 46, 45, 13, 14, 46, 14, 47, 46, 14, 15, 47, 15, 48, 47, 15, 16, 48, 16, 49, 48, 16, 17, 49, 17, 50, 49, 17, 18, 50, 18, 51, 50, 18, 19, 51, 19, 52, 51, 19, 20, 52, 20, 53, 52, 20, 21, 53, 21, 54, 53, 21, 22, 54, 22, 55, 54, 22, 23, 55, 23, 56, 55, 23, 24, 56, 24, 57, 56, 24, 25, 57, 25, 58, 57, 25, 26, 58, 26, 59, 58, 26, 27, 59, 27, 60, 59, 27, 28, 60, 28, 61, 60, 28, 29, 61, 29, 62, 61, 29, 30, 62, 30, 63, 62, 30, 31, 63, 31, 64, 63, 31, 32, 64, 32, 33, 64, 33, 32, 1, 33, 66, 65, 33, 34, 66, 34, 67, 66, 34, 35, 67, 35, 68, 67, 35, 36, 68, 36, 69, 68, 36, 37, 69, 37, 70, 69, 37, 38, 70, 38, 71, 70, 38, 39, 71, 39, 72, 71, 39, 40, 72, 40, 73, 72, 40, 41, 73, 41, 74, 73, 41, 42, 74, 42, 75, 74, 42, 43, 75, 43, 76, 75, 43, 44, 76, 44, 77, 76, 44, 45, 77, 45, 78, 77, 45, 46, 78, 46, 79, 78, 46, 47, 79, 47, 80, 79, 47, 48, 80, 48, 81, 80, 48, 49, 81, 49, 82, 81, 49, 50, 82, 50, 83, 82, 50, 51, 83, 51, 84, 83, 51, 52, 84, 52, 85, 84, 52, 53, 85, 53, 86, 85, 53, 54, 86, 54, 87, 86, 54, 55, 87, 55, 88, 87, 55, 56, 88, 56, 89, 88, 56, 57, 89, 57, 90, 89, 57, 58, 90, 58, 91, 90, 58, 59, 91, 59, 92, 91, 59, 60, 92, 60, 93, 92, 60, 61, 93, 61, 94, 93, 61, 62, 94, 62, 95, 94, 62, 63, 95, 63, 96, 95, 63, 64, 96, 64, 65, 96, 65, 64, 33]
            boundingsphere (float, 4):  [-0.43076491355895996, 0.2483268678188324, -0.10194540023803711, 8.77351271373324]
            aabb:
                min (float, 3):  [-8.53470230102539, 0.08065372705459595, -8.617753982543945]
                max (float, 3):  [7.673172473907471, 0.41600000858306885, 8.413863182067871]
            material:
                shader (str, 1):  ['PdxMeshAlphaBlend']
                diff (str, 1):  ['air_winter_tropical_coast_monsoon_frozen_water_diff.dds']
                spec (str, 1):  ['air_winter_tropical_coast_monsoon_frozen_water_spec.dds']
                n (str, 1):  ['air_winter_tropical_coast_monsoon_frozen_water_n.dds']
locator:
