pdxasset (int, 2):  [1, 0]
object:
    air_winter_island_oceanic_phase_1:
        mesh:
            p (float, 291):  [0.0, 0.31679999828338623, 0.0, 3.2693634033203125, 0.2870860695838928, 0.0, 3.0916433334350586, 0.2765040695667267, 0.614966094493866, 3.165780544281006, 0.24680264294147491, 1.3113092184066772, 2.7542989253997803, 0.20799294114112854, 1.840363621711731, 2.3307597637176514, 0.17315618693828583, 2.3307597637176514, 1.9012335538864136, 0.15403448045253754, 2.8453969955444336, 1.192915439605713, 0.1570730209350586, 2.8799526691436768, 0.6572877168655396, 0.18124762177467346, 3.304408550262451, 1.937758067527051e-16, 0.21840998530387878, 3.1645991802215576, -0.6193457245826721, 0.25603410601615906, 3.113661289215088, -1.2245014905929565, 0.281438410282135, 2.9562079906463623, -1.8611526489257812, 0.28606006503105164, 2.7854115962982178, -2.420043706893921, 0.2683413326740265, 2.420043706893921, -2.775485038757324, 0.23425444960594177, 1.8545198440551758, -2.954770803451538, 0.19528882205486298, 1.22390615940094, -3.0704455375671387, 0.16457819938659668, 0.6107496023178101, -3.187321186065674, 0.15247394144535065, 3.9033427555581817e-16, -3.1018178462982178, 0.1630559116601944, -0.6169899106025696, -3.0162861347198486, 0.19275735318660736, -1.2493866682052612, -2.7165462970733643, 0.23156706988811493, -1.8151382207870483, -2.2104060649871826, 0.26640382409095764, -2.2104060649871826, -1.755291223526001, 0.28552550077438354, -2.626978874206543, -1.3011082410812378, 0.2824869751930237, -3.14115309715271, -0.6508554816246033, 0.2583123743534088, -3.272071361541748, -5.728698756891199e-16, 0.22115002572536469, -3.118558168411255, 0.6624889373779297, 0.18352589011192322, -3.330556869506836, 1.2420706748962402, 0.15812160074710846, -2.998623847961426, 1.7902860641479492, 0.15349993109703064, -2.6793525218963623, 2.3854610919952393, 0.17121867835521698, -2.3854610919952393, 2.7702252864837646, 0.2053055465221405, -1.8510053157806396, 2.994422435760498, 0.2442711740732193, -1.240330457687378, 3.1603729724884033, 0.2749817967414856, -0.6286372542381287, 6.591464996337891, 0.2197660654783249, 0.0, 6.873478412628174, 0.20918408036231995, 1.3672198057174683, 6.307309627532959, 0.17948263883590698, 2.6125731468200684, 4.935694217681885, 0.1406729370355606, 3.2979254722595215, 4.138494491577148, 0.1058361828327179, 4.138494491577148, 3.5134191513061523, 0.0867144837975502, 5.258203506469727, 2.3823025226593018, 0.08975302428007126, 5.751387119293213, 1.3516062498092651, 0.11392762511968613, 6.794983386993408, 4.091982286867635e-16, 0.15108998119831085, 6.682713985443115, -1.1724209785461426, 0.18871411681175232, 5.894158363342285, -2.4549131393432617, 0.21411840617656708, 5.926684379577637, -3.6879544258117676, 0.2187400758266449, 5.519413471221924, -4.596104621887207, 0.20102131366729736, 4.596104621887207, -5.139266490936279, 0.16693446040153503, 3.433948040008545, -6.282739162445068, 0.12796881794929504, 2.60239577293396, -6.094208240509033, 0.09725820273160934, 1.212213397026062, -7.237800598144531, 0.08515394479036331, 8.863749277367432e-16, -6.2320098876953125, 0.09573591500520706, -1.2396239042282104, -6.033895969390869, 0.12543734908103943, -2.499321460723877, -5.790434837341309, 0.164247065782547, -3.869044780731201, -4.46542501449585, 0.1990838199853897, -4.46542501449585, -3.946805000305176, 0.2182055115699768, -5.906811237335205, -2.527204751968384, 0.21516697108745575, -6.101212024688721, -1.2853087186813354, 0.19099237024784088, -6.46168327331543, -1.129896741253677e-15, 0.15383002161979675, -6.150871276855469, 1.2259434461593628, 0.11620588600635529, -6.163234233856201, 2.513111114501953, 0.09080159664154053, -6.067187309265137, 3.881441593170166, 0.0861799344420433, -5.808987617492676, 4.264719009399414, 0.10389868170022964, -4.264719009399414, 5.841741561889648, 0.13798554241657257, -3.9033267498016357, 6.592944145202637, 0.17695118486881256, -2.730886936187744, 5.811662673950195, 0.20766180753707886, -1.1560115814208984, 10.056425094604492, 0.10889507830142975, 0.0, 8.597227096557617, 0.10516026616096497, 1.7100948095321655, 7.696153163909912, 0.0946774035692215, 3.1878509521484375, 9.23745346069336, 0.0809798613190651, 6.172268867492676, 6.2227983474731445, 0.06868453323841095, 6.2227983474731445, 5.182776927947998, 0.061935700476169586, 7.756573677062988, 3.921318292617798, 0.0630081295967102, 9.466899871826172, 1.9400748014450073, 0.07154034078121185, 9.753414154052734, 6.656881695657198e-16, 0.08465646207332611, 10.871513366699219, -2.1667380332946777, 0.09793557226657867, 10.892928123474121, -3.6334619522094727, 0.10690178722143173, 8.771952629089355, -4.642978191375732, 0.10853296518325806, 6.9487080574035645, -7.542281627655029, 0.10227929055690765, 7.542281627655029, -7.062105655670166, 0.09024862945079803, 4.718748092651367, -8.471159934997559, 0.07649605721235275, 3.508869171142578, -8.552971839904785, 0.06565701216459274, 1.701291799545288, -10.637763023376465, 0.06138492003083229, 1.30275022540427e-15, -8.50551986694336, 0.06511973589658737, -1.6918530464172363, -9.783409118652344, 0.07560259848833084, -4.052420616149902, -8.11715316772461, 0.08930014073848724, -5.423708438873291, -7.035030841827393, 0.10159546881914139, -7.035030841827393, -5.765522480010986, 0.10834430158138275, -8.628714561462402, -3.4880194664001465, 0.10727187246084213, -8.42082405090332, -1.6758992671966553, 0.09873966127634048, -8.425314903259277, -1.904222180260681e-15, 0.08562353253364563, -10.366103172302246, 1.9541350603103638, 0.07234442979097366, -9.824100494384766, 3.5738518238067627, 0.06337820738554001, -8.62804126739502, 4.778982162475586, 0.06174703314900398, -7.152252197265625, 6.03083610534668, 0.06800071150064468, -6.03083610534668, 7.843979358673096, 0.0800313726067543, -5.241179466247559, 9.387706756591797, 0.09378394484519958, -3.8885154724121094, 8.795819282531738, 0.1046229898929596, -1.749597191810608]
            n (float, 291):  [-0.000490256177727133, 0.9999999403953552, -8.42690951685654e-06, 0.014838332310318947, 0.9998807311058044, -0.004281342029571533, 0.009963832795619965, 0.9995924830436707, 0.026751834899187088, 0.0013741638977080584, 0.998797595500946, 0.04900367185473442, -0.005251185968518257, 0.9982039928436279, 0.05967620387673378, 0.0023416585754603148, 0.9988712072372437, 0.04744328558444977, 0.00866666529327631, 0.9994036555290222, 0.033424656838178635, 0.03172838315367699, 0.9990431666374207, 0.030101530253887177, 0.044845420867204666, 0.9988210201263428, 0.018586767837405205, 0.04353652149438858, 0.9987164735794067, 0.025883523747324944, 0.036577675491571426, 0.998936116695404, 0.028081608936190605, 0.015274032950401306, 0.9996117949485779, 0.023303523659706116, -0.013682243414223194, 0.9998676180839539, 0.00880973320454359, -0.03681284561753273, 0.9992579817771912, -0.011322852224111557, -0.045604508370161057, 0.9985941052436829, -0.027019213885068893, -0.04528610408306122, 0.9983779788017273, -0.034505147486925125, -0.03972027823328972, 0.9990057349205017, -0.020244050770998, -0.033503733575344086, 0.9994386434555054, 0.00015967410581652075, -0.039355188608169556, 0.9990425109863281, 0.01911095157265663, -0.04415556415915489, 0.9984866976737976, 0.032781485468149185, -0.04300221800804138, 0.9987678527832031, 0.024768700823187828, -0.037340737879276276, 0.9992267489433289, 0.012306335382163525, -0.01865825429558754, 0.9998190402984619, -0.0037090785335749388, 0.010242409072816372, 0.9997286200523376, -0.020923612639307976, 0.03853283450007439, 0.9988972544670105, -0.02682451531291008, 0.04948044195771217, 0.9983992576599121, -0.027398785576224327, 0.04135363921523094, 0.9989199042320251, -0.02118506468832493, 0.03298318758606911, 0.9991627931594849, -0.02420416660606861, 0.011508094146847725, 0.9993082880973816, -0.035362932831048965, -0.001921330695040524, 0.9989200234413147, -0.046422746032476425, -0.004566504620015621, 0.9985582232475281, -0.053484585136175156, 0.0033534744288772345, 0.9989932179450989, -0.04473539814352989, 0.011738386936485767, 0.9994909763336182, -0.029664387926459312, 0.027515297755599022, 0.9996036291122437, -0.00594981387257576, 0.031859222799539566, 0.9991320371627808, 0.02683481201529503, 0.019983185455203056, 0.9993142485618591, 0.031171046197414398, -0.0014115845551714301, 0.9992202520370483, 0.03945868834853172, -0.00054620869923383, 0.9995810985565186, 0.028935566544532776, 0.005673034582287073, 0.9998800754547119, 0.014409511350095272, 0.018834324553608894, 0.9997681975364685, 0.010433162562549114, 0.023738838732242584, 0.9996598958969116, 0.01078871637582779, 0.022394342347979546, 0.9995975494384766, 0.017413374036550522, 0.017573993653059006, 0.9995350241661072, 0.024915315210819244, -0.005318077281117439, 0.9996098875999451, 0.02741941809654236, -0.018614022061228752, 0.999464750289917, 0.02690381184220314, -0.0318131297826767, 0.999484658241272, 0.00427755992859602, -0.03809957951307297, 0.9991999864578247, -0.012161966413259506, -0.027277566492557526, 0.9995704293251038, -0.010720280930399895, -0.0216648168861866, 0.9996974468231201, -0.011644872836768627, -0.011783183552324772, 0.9999305605888367, -9.531302930554375e-05, -0.020053338259458542, 0.9997466206550598, 0.010227786377072334, -0.02746364288032055, 0.9994296431541443, 0.01965087652206421, -0.028763750568032265, 0.9995734095573425, 0.005058756563812494, -0.03232617303729057, 0.9994773864746094, 8.479255484417081e-05, -0.017155328765511513, 0.9996299743652344, -0.02111022360622883, 0.004682295490056276, 0.999407947063446, -0.03408411145210266, 0.014561324380338192, 0.9993727207183838, -0.032282136380672455, 0.027321988716721535, 0.9994048476219177, -0.02105766534805298, 0.024878256022930145, 0.9996059536933899, -0.013003737665712833, 0.015153717249631882, 0.9998198747634888, -0.011419413611292839, 0.007849507965147495, 0.9998747706413269, -0.013743113726377487, -0.0014007254503667355, 0.9994935393333435, -0.031789932399988174, 0.00016233038331847638, 0.9993036389350891, -0.03731182962656021, 0.017072588205337524, 0.9996368885040283, -0.0208454430103302, 0.021708354353904724, 0.9995442628860474, -0.020975738763809204, 0.03514568507671356, 0.999371349811554, -0.004656648263335228, 0.043177831918001175, 0.9986833930015564, 0.02769574336707592, 0.030169274657964706, 0.999235987663269, 0.024844277650117874, 0.004549373872578144, 0.9997690916061401, 0.02100028656423092, -0.0023018131032586098, 0.9997885227203369, 0.020431164652109146, 0.004912062548100948, 0.9999602437019348, 0.007448892574757338, 0.010382515378296375, 0.9999303817749023, 0.005595799535512924, 0.016709569841623306, 0.9998090863227844, 0.010127789340913296, 0.014384125359356403, 0.9997614622116089, 0.016435779631137848, 0.004913891665637493, 0.9997818470001221, 0.02030259743332863, -0.013310982845723629, 0.9995465278625488, 0.027010763064026833, -0.02000155858695507, 0.9991099834442139, 0.037137072533369064, -0.028058184310793877, 0.9995161294937134, 0.013429200276732445, -0.03725744038820267, 0.9993023872375488, -0.002563247224316001, -0.02434508316218853, 0.9996975660324097, -0.003480927785858512, -0.014662749134004116, 0.999886691570282, -0.003412475110962987, -0.009134623222053051, 0.999958336353302, -0.0002094816736644134, -0.014047575183212757, 0.9998841881752014, 0.005866935942322016, -0.021031511947512627, 0.99974125623703, 0.008667608723044395, -0.024808619171380997, 0.9996899962425232, -0.0021183437202125788, -0.030961420387029648, 0.9994684457778931, -0.010204454883933067, -0.01917961612343788, 0.9995090961456299, -0.024771416559815407, 0.0026080014649778605, 0.9989632368087769, -0.045450251549482346, 0.0036265207454562187, 0.9993493556976318, -0.0358843058347702, 0.012608223594725132, 0.9997698068618774, -0.01735677570104599, 0.016832148656249046, 0.9998047947883606, -0.01034861896187067, 0.012578042224049568, 0.999890148639679, -0.007841244339942932, 0.007887085899710655, 0.9999096989631653, -0.010888283140957355, 0.001773742726072669, 0.9996998310089111, -0.02443757653236389, 0.007313261739909649, 0.9994422793388367, -0.03258515149354935, 0.02152261696755886, 0.9996165037155151, -0.017424164339900017, 0.03155894577503204, 0.9994168281555176, -0.013033867813646793]
            ta (float, 388):  [0.9999998807907104, 0.0004902557120658457, 6.196240320832658e-08, 1.0, 0.9998898506164551, -0.014838479459285736, -3.2556433779973304e-06, 1.0, 0.9999502897262573, -0.009967636317014694, 8.82375388755463e-06, 1.0, 0.9999991059303284, -0.0013723396696150303, -7.087345147738233e-05, 1.0, 0.9999860525131226, 0.005274347495287657, -0.000230593781452626, 1.0, 0.9999972581863403, -0.0023335868027061224, -0.00022552224982064217, 1.0, 0.9999623894691467, -0.008669307455420494, -6.583578942809254e-05, 1.0, 0.9994960427284241, -0.0317436084151268, 2.8011378162773326e-05, 1.0, 0.998993456363678, -0.04485515132546425, 0.0001069245336111635, 1.0, 0.999051034450531, -0.043556731194257736, 0.00021722250676248223, 1.0, 0.9993299841880798, -0.03659968823194504, 0.00027003700961358845, 1.0, 0.999883234500885, -0.015279443934559822, 5.4155334510141984e-05, 1.0, 0.9999063611030579, 0.013682764023542404, 1.0350754564569797e-06, 1.0, 0.9993219971656799, 0.03681543841958046, 2.0542485799524002e-05, 1.0, 0.9989584684371948, 0.04562718793749809, 0.00022332715161610395, 1.0, 0.9989727139472961, 0.045317087322473526, 0.00011597445700317621, 1.0, 0.99921053647995, 0.03972905874252319, 3.123122951365076e-05, 1.0, 0.9994385242462158, 0.033503733575344086, -4.5687590954912594e-07, 1.0, 0.9992250204086304, 0.039362892508506775, -2.6944346245727502e-05, 1.0, 0.9990236163139343, 0.04418030381202698, -3.0409899409278296e-05, 1.0, 0.9990742802619934, 0.04301821440458298, -0.00011294810246909037, 1.0, 0.9993023872375488, 0.0373443067073822, -6.057136852177791e-05, 1.0, 0.9998259544372559, 0.018658405169844627, 6.022303296049358e-06, 1.0, 0.9999475479125977, -0.010244467295706272, 8.842786883178633e-06, 1.0, 0.9992566108703613, -0.03855183348059654, -0.00019136695482302457, 1.0, 0.998773992061615, -0.04950366169214249, -0.00016943733498919755, 1.0, 0.9991440176963806, -0.04136700928211212, -0.0001928291458170861, 1.0, 0.999455451965332, -0.032995738089084625, -0.0001193841962958686, 1.0, 0.9999337792396545, -0.011514485813677311, 2.290831253048964e-05, 1.0, 0.9999979734420776, 0.0019348559435456991, 0.0002464205608703196, 1.0, 0.9999894499778748, 0.004586700350046158, 0.0002548540069255978, 1.0, 0.9999943971633911, -0.0033525433391332626, 9.584167128195986e-05, 1.0, 0.9999310970306396, -0.011743848212063313, -9.850812602962833e-06, 1.0, 0.9996213912963867, -0.027515815570950508, -4.5660090108867735e-06, 1.0, 0.9994918704032898, -0.031875256448984146, 0.00016975296603050083, 1.0, 0.9998001456260681, -0.019993238151073456, 1.0821575415320694e-05, 1.0, 0.9999990463256836, 0.0014103580033406615, 5.891730324947275e-05, 1.0, 0.9999998807907104, 0.0005468538147397339, -1.4378212654264644e-05, 1.0, 0.9999839067459106, -0.005673718173056841, 6.575087354576681e-06, 1.0, 0.9998226165771484, -0.018835457041859627, 9.927237442752812e-06, 1.0, 0.999718189239502, -0.023740356788039207, 1.2591572158271447e-05, 1.0, 0.9997491836547852, -0.022397389635443687, -2.0111601770622656e-05, 1.0, 0.9998455047607422, -0.017579978331923485, 2.111875255650375e-05, 1.0, 0.9999858736991882, 0.005313812289386988, 0.000228424250963144, 1.0, 0.9998264312744141, 0.018627678975462914, -0.00025708970497362316, 1.0, 0.9994937777519226, 0.03181347995996475, -1.5034862371976487e-05, 1.0, 0.9992738962173462, 0.038102343678474426, -4.558460659609409e-06, 1.0, 0.999627947807312, 0.027279023081064224, -1.0623847629176453e-05, 1.0, 0.9997652769088745, 0.02166617475450039, -9.840881830314174e-06, 1.0, 0.9999305009841919, 0.011783184483647346, 5.191637697521401e-08, 1.0, 0.9997988343238831, 0.020054373890161514, 1.3305681250130874e-06, 1.0, 0.9996225833892822, 0.027469541877508163, -3.032769927813206e-05, 1.0, 0.9995862245559692, 0.028764275833964348, -3.064486008952372e-05, 1.0, 0.9994773864746094, 0.032326169312000275, 1.3987745717258804e-07, 1.0, 0.9998527765274048, 0.017159417271614075, 1.2493140275182668e-05, 1.0, 0.9999890327453613, -0.004682688042521477, 6.83092002873309e-05, 1.0, 0.9998936057090759, -0.014579540118575096, -0.00032894156174734235, 1.0, 0.9996265172958374, -0.02732892520725727, -4.1448958654655144e-05, 1.0, 0.9996904730796814, -0.024880509823560715, -1.1764983355533332e-05, 1.0, 0.9998851418495178, -0.01515455637127161, 1.3107310223858804e-05, 1.0, 0.9999692440032959, -0.007850121706724167, 9.282421160605736e-06, 1.0, 0.9999991059303284, 0.0014018358197063208, 1.2632229299924802e-05, 1.0, 1.0, -0.00015966333739925176, 7.44577482691966e-05, 1.0, 0.9998542070388794, -0.017076658084988594, -1.71177107404219e-05, 1.0, 0.9997641444206238, -0.0217130109667778, 5.7600223044573795e-06, 1.0, 0.9993821978569031, -0.03514599800109863, 1.4744953659828752e-05, 1.0, 0.9990667104721069, -0.043195076286792755, 2.4302638848894276e-05, 1.0, 0.9995445013046265, -0.030178559944033623, -1.3616526075566071e-06, 1.0, 0.9999896883964539, -0.004550803918391466, 2.026973743340932e-05, 1.0, 0.9999973177909851, 0.0023019451182335615, 1.706960392766632e-05, 1.0, 0.9999879598617554, -0.004912238102406263, 5.282891834212933e-06, 1.0, 0.999946117401123, -0.010382632724940777, -8.171314220817294e-06, 1.0, 0.999860405921936, -0.016710001975297928, -4.192815686110407e-05, 1.0, 0.9998964667320251, -0.014384910464286804, -7.042356446618214e-05, 1.0, 0.9999880194664001, -0.004912718664854765, -0.00010772106179501861, 1.0, 0.9999113082885742, 0.013319585472345352, -0.0001385603245580569, 1.0, 0.9997996091842651, 0.020015686750411987, -8.720867299416568e-06, 1.0, 0.9996063113212585, 0.028059344738721848, 0.0001018244875012897, 1.0, 0.9993057250976562, 0.03725755959749222, -1.8506476635593572e-06, 1.0, 0.999703586101532, 0.02434520609676838, -6.518582722492283e-06, 1.0, 0.9998924732208252, 0.01466283481568098, 7.199209335340129e-07, 1.0, 0.9999582767486572, 0.009134623222053051, -4.491076595058985e-07, 1.0, 0.999901294708252, 0.014047813601791859, 3.7255372831168643e-07, 1.0, 0.9997788667678833, 0.021031823009252548, 5.5330339819192886e-05, 1.0, 0.9996922016143799, 0.02480865828692913, -6.675126769550843e-06, 1.0, 0.9995205998420715, 0.030962925404310226, -1.078701825463213e-05, 1.0, 0.9998159408569336, 0.019183553755283356, -7.873529830249026e-05, 1.0, 0.9999966025352478, -0.002611494157463312, -1.747024361975491e-05, 1.0, 0.9999934434890747, -0.003626625519245863, 6.216193287400529e-05, 1.0, 0.9999204874038696, -0.01260735560208559, 0.0001593543856870383, 1.0, 0.9998583197593689, -0.016832726076245308, 3.106398798990995e-05, 1.0, 0.9999209642410278, -0.012578417547047138, 1.640258574298059e-06, 1.0, 0.9999688863754272, -0.00788755714893341, -4.056887519254815e-07, 1.0, 0.9999983906745911, -0.001775000593625009, -2.9788625397486612e-05, 1.0, 0.9999731183052063, -0.0073216077871620655, -0.00013686573947779834, 1.0, 0.9997682571411133, -0.021526509895920753, -3.581218697945587e-05, 1.0, 0.9995018839836121, -0.03156164288520813, -7.761680080875522e-07, 1.0]
            u0 (float, 194):  [0.5, 0.5, 0.6583994030952454, 0.5, 0.6497889161109924, 0.4702051281929016, 0.6533808708190918, 0.43646758794784546, 0.6334447264671326, 0.4108350872993469, 0.6129243969917297, 0.38707560300827026, 0.5921140313148499, 0.36214160919189453, 0.55779629945755, 0.36046743392944336, 0.5318453311920166, 0.33990269899368286, 0.5, 0.34667640924453735, 0.4699929356575012, 0.3491443395614624, 0.4406733810901642, 0.35677284002304077, 0.4098278880119324, 0.3650478720664978, 0.3827498257160187, 0.3827497959136963, 0.36552882194519043, 0.4101492166519165, 0.3568424880504608, 0.4407021999359131, 0.35123810172080994, 0.4704093933105469, 0.3455755114555359, 0.5, 0.3497181236743927, 0.5298929214477539, 0.35386210680007935, 0.5605323016643524, 0.36838439106941223, 0.5879427492618561, 0.39290669560432434, 0.6070933043956757, 0.41495680809020996, 0.6272761225700378, 0.4369617998600006, 0.6521876454353333, 0.46846631169319153, 0.658530592918396, 0.5, 0.6510929465293884, 0.532097339630127, 0.6613641977310181, 0.5601778626441956, 0.6452821791172028, 0.586738646030426, 0.6298135817050934, 0.6155746579170227, 0.6155746579170227, 0.6342163681983948, 0.5896804928779602, 0.6450785994529724, 0.5600935220718384, 0.6531188488006592, 0.5304572284221649, 0.8193539381027222, 0.5, 0.8330173492431641, 0.4337587356567383, 0.8055866956710815, 0.373421847820282, 0.7391324639320374, 0.34021681547164917, 0.7005084753036499, 0.2994915246963501, 0.6702237725257874, 0.24524205923080444, 0.6154216527938843, 0.22134751081466675, 0.5654848217964172, 0.17078566551208496, 0.5, 0.17622506618499756, 0.4431966543197632, 0.2144303321838379, 0.3810604214668274, 0.21285444498062134, 0.3213200569152832, 0.2325865626335144, 0.2773205041885376, 0.2773205041885376, 0.25100454688072205, 0.33362656831741333, 0.19560371339321136, 0.3739149570465088, 0.20473797619342804, 0.4412687420845032, 0.14933136105537415, 0.5, 0.1980615258216858, 0.5600593090057373, 0.20766007900238037, 0.6210911571979523, 0.21945567429065704, 0.6874537169933319, 0.2836518883705139, 0.7163481116294861, 0.3087788224220276, 0.7861827164888382, 0.3775579035282135, 0.7956013530492783, 0.43772730231285095, 0.8130660355091095, 0.5, 0.7980073243379593, 0.559396505355835, 0.7986062914133072, 0.6217592358589172, 0.7939528673887253, 0.6880543231964111, 0.7814432084560394, 0.7066239714622498, 0.7066239714622498, 0.783030092716217, 0.6891146600246429, 0.8194255828857422, 0.6323104202747345, 0.7815728187561035, 0.5560083091259003, 0.9872299432754517, 0.5, 0.9165323376655579, 0.41714656352996826, 0.8728756308555603, 0.34554988145828247, 0.9475510120391846, 0.20095598697662354, 0.8014921545982361, 0.19850784540176392, 0.7511035203933716, 0.12419700622558594, 0.6899863481521606, 0.041332364082336426, 0.5939958691596985, 0.027450859546661377, 0.5, -0.026720643043518066, 0.3950223922729492, -0.027758121490478516, 0.32396018505096436, 0.07500225305557251, 0.27504950761795044, 0.1633378267288208, 0.1345793753862381, 0.1345793604850769, 0.1578437089920044, 0.27137845754623413, 0.08957560360431671, 0.32999664545059204, 0.08561183512210846, 0.41757309436798096, -0.015395506285130978, 0.5, 0.08791086822748184, 0.5819696187973022, 0.02599763497710228, 0.6963382065296173, 0.10672707110643387, 0.76277656853199, 0.1591554880142212, 0.8408445119857788, 0.2206626683473587, 0.9180578738451004, 0.33100682497024536, 0.9079856500029564, 0.418803334236145, 0.9082032218575478, 0.5, 1.0022336873225868, 0.5946770906448364, 0.9759738463908434, 0.6731517314910889, 0.9180252626538277, 0.7315398454666138, 0.8465238362550735, 0.7921916842460632, 0.7921916842460632, 0.880037784576416, 0.7539331167936325, 0.9548307657241821, 0.688397079706192, 0.9261540174484253, 0.5847673118114471]
            tri (int, 480):  [0, 2, 1, 0, 3, 2, 0, 4, 3, 0, 5, 4, 0, 6, 5, 0, 7, 6, 0, 8, 7, 0, 9, 8, 0, 10, 9, 0, 11, 10, 0, 12, 11, 0, 13, 12, 0, 14, 13, 0, 15, 14, 0, 16, 15, 0, 17, 16, 0, 18, 17, 0, 19, 18, 0, 20, 19, 0, 21, 20, 0, 22, 21, 0, 23, 22, 0, 24, 23, 0, 25, 24, 0, 26, 25, 0, 27, 26, 0, 28, 27, 0, 29, 28, 0, 30, 29, 0, 31, 30, 0, 32, 31, 0, 1, 32, 1, 34, 33, 1, 2, 34, 2, 35, 34, 2, 3, 35, 3, 36, 35, 3, 4, 36, 4, 37, 36, 4, 5, 37, 5, 38, 37, 5, 6, 38, 6, 39, 38, 6, 7, 39, 7, 40, 39, 7, 8, 40, 8, 41, 40, 8, 9, 41, 9, 42, 41, 9, 10, 42, 10, 43, 42, 10, 11, 43, 11, 44, 43, 11, 12, 44, 12, 45, 44, 12, 13, 45, 13, 46, 45, 13, 14, 46, 14, 47, 46, 14, 15, 47, 15, 48, 47, 15, 16, 48, 16, 49, 48, 16, 17, 49, 17, 50, 49, 17, 18, 50, 18, 51, 50, 18, 19, 51, 19, 52, 51, 19, 20, 52, 20, 53, 52, 20, 21, 53, 21, 54, 53, 21, 22, 54, 22, 55, 54, 22, 23, 55, 23, 56, 55, 23, 24, 56, 24, 57, 56, 24, 25, 57, 25, 58, 57, 25, 26, 58, 26, 59, 58, 26, 27, 59, 27, 60, 59, 27, 28, 60, 28, 61, 60, 28, 29, 61, 29, 62, 61, 29, 30, 62, 30, 63, 62, 30, 31, 63, 31, 64, 63, 31, 32, 64, 32, 33, 64, 33, 32, 1, 33, 66, 65, 33, 34, 66, 34, 67, 66, 34, 35, 67, 35, 68, 67, 35, 36, 68, 36, 69, 68, 36, 37, 69, 37, 70, 69, 37, 38, 70, 38, 71, 70, 38, 39, 71, 39, 72, 71, 39, 40, 72, 40, 73, 72, 40, 41, 73, 41, 74, 73, 41, 42, 74, 42, 75, 74, 42, 43, 75, 43, 76, 75, 43, 44, 76, 44, 77, 76, 44, 45, 77, 45, 78, 77, 45, 46, 78, 46, 79, 78, 46, 47, 79, 47, 80, 79, 47, 48, 80, 48, 81, 80, 48, 49, 81, 49, 82, 81, 49, 50, 82, 50, 83, 82, 50, 51, 83, 51, 84, 83, 51, 52, 84, 52, 85, 84, 52, 53, 85, 53, 86, 85, 53, 54, 86, 54, 87, 86, 54, 55, 87, 55, 88, 87, 55, 56, 88, 56, 89, 88, 56, 57, 89, 57, 90, 89, 57, 58, 90, 58, 91, 90, 58, 59, 91, 59, 92, 91, 59, 60, 92, 60, 93, 92, 60, 61, 93, 61, 94, 93, 61, 62, 94, 62, 95, 94, 62, 63, 95, 63, 96, 95, 63, 64, 96, 64, 65, 96, 65, 64, 33]
            boundingsphere (float, 4):  [-0.29066896438598633, 0.1890924572944641, 0.2634124755859375, 11.212108807898847]
            aabb:
                min (float, 3):  [-10.637763023376465, 0.06138492003083229, -10.366103172302246]
                max (float, 3):  [10.056425094604492, 0.31679999828338623, 10.892928123474121]
            material:
                shader (str, 1):  ['PdxMeshAdvanced']
                diff (str, 1):  ['air_winter_island_oceanic_phase_1_diff.dds']
                spec (str, 1):  ['air_winter_island_oceanic_spec.dds']
                n (str, 1):  ['air_winter_island_oceanic_n.dds']
locator:
