pdxasset (int, 2):  [1, 0]
object:
    air_winter_tropical_coast_monsoon_phase_5:
        mesh:
            p (float, 291):  [0.0, 0.4320000112056732, 0.0, 3.1849448680877686, 0.28540360927581787, 0.0, 3.2020368576049805, 0.33819207549095154, 0.6369247436523438, 3.0368213653564453, 0.37800636887550354, 1.2578924894332886, 2.7022626399993896, 0.3914266526699066, 1.8055942058563232, 2.33001708984375, 0.3739294707775116, 2.33001708984375, 1.8108347654342651, 0.3314124643802643, 2.7101056575775146, 1.2515380382537842, 0.2782064378261566, 3.021480083465576, 0.6159176230430603, 0.23224502801895142, 3.0964269638061523, 1.9129693836278578e-16, 0.20902004837989807, 3.1241159439086914, -0.6196209192276001, 0.21635973453521729, 3.115044593811035, -1.2875250577926636, 0.2517901360988617, 3.108360528945923, -1.7187137603759766, 0.30336907505989075, 2.5722367763519287, -2.270469903945923, 0.35371133685112, 2.270469903945923, -2.6907384395599365, 0.3858484625816345, 1.79789400100708, -3.0331435203552246, 0.38894835114479065, 1.2563691139221191, -3.177875280380249, 0.3619661033153534, 0.6321187019348145, -3.391606092453003, 0.31399640440940857, 4.1535194951834557e-16, -3.3552675247192383, 0.2612079381942749, -0.6674041748046875, -3.0383338928222656, 0.2213936448097229, -1.2585190534591675, -2.625098705291748, 0.20797334611415863, -1.7540347576141357, -2.4032142162323, 0.22547051310539246, -2.4032142162323, -1.8843247890472412, 0.26798751950263977, -2.8200912475585938, -1.2441668510437012, 0.3211935758590698, -3.0036845207214355, -0.6576457619667053, 0.367154985666275, -3.306208610534668, -6.249395849952427e-16, 0.390379935503006, -3.402012586593628, 0.6683595776557922, 0.38304027915000916, -3.3600707054138184, 1.2118417024612427, 0.34760984778404236, -2.925644636154175, 1.7569915056228638, 0.2960309088230133, -2.629523754119873, 2.3848557472229004, 0.24568867683410645, -2.3848557472229004, 2.6455259323120117, 0.21355153620243073, -1.767683982849121, 2.9406938552856445, 0.2104516625404358, -1.2180752754211426, 3.042442560195923, 0.23743389546871185, -0.6051794290542603, 6.904571056365967, 0.19360360503196716, 0.0, 6.031974792480469, 0.24639205634593964, 1.1998343467712402, 5.5933308601379395, 0.28620636463165283, 2.31683349609375, 5.563259601593018, 0.2996266484260559, 3.7172513008117676, 4.193819999694824, 0.2821294963359833, 4.193819999694824, 3.853687047958374, 0.23961247503757477, 5.767450332641602, 2.2683827877044678, 0.1864064335823059, 5.47636079788208, 1.4057843685150146, 0.1404450237751007, 7.067355632781982, 3.6735495991107865e-16, 0.11722005158662796, 5.999361991882324, -1.1734015941619873, 0.12455973029136658, 5.899088382720947, -2.477414131164551, 0.15999014675617218, 5.981006622314453, -3.838857889175415, 0.21156908571720123, 5.7452569007873535, -4.60288667678833, 0.2619113326072693, 4.60288667678833, -5.6769795417785645, 0.2940484583377838, 3.793236494064331, -5.688514709472656, 0.29714834690093994, 2.356259822845459, -6.906844139099121, 0.2701660990715027, 1.373856782913208, -6.101284503936768, 0.22219640016555786, 7.471918502724559e-16, -6.2759199142456055, 0.1694079339504242, -1.248358130455017, -6.433399677276611, 0.1295936405658722, -2.6648013591766357, -5.2997283935546875, 0.11617334932088852, -3.5411651134490967, -4.168126106262207, 0.13367050886154175, -4.168126106262207, -3.8014538288116455, 0.17618753015995026, -5.689277648925781, -2.272706985473633, 0.22939357161521912, -5.486800193786621, -1.2484787702560425, 0.2753549814224243, -6.27652645111084, -1.1577961007121023e-15, 0.29857996106147766, -6.302748203277588, 1.2705602645874023, 0.29124027490615845, -6.387537956237793, 2.298389196395874, 0.25580987334251404, -5.548802375793457, 3.965078592300415, 0.2042309194803238, -5.934159755706787, 4.933470249176025, 0.15388867259025574, -4.933470249176025, 5.4854350090026855, 0.12175153195858002, -3.665250539779663, 5.766152858734131, 0.11865165829658508, -2.388418674468994, 6.241962432861328, 0.14563390612602234, -1.2416036128997803, 8.836257934570312, 0.11105421185493469, 0.0, 9.128302574157715, 0.1296854317188263, 1.8157322406768799, 8.83575439453125, 0.1437375396490097, 3.6598892211914062, 8.63863468170166, 0.14847411215305328, 5.772150993347168, 5.881984710693359, 0.1422986388206482, 5.881984710693359, 6.0956830978393555, 0.12729263305664062, 9.122834205627441, 4.1555047035217285, 0.10851403325796127, 10.032275199890137, 1.8945279121398926, 0.09229236096143723, 9.524435043334961, 5.970636777615445e-16, 0.0840953141450882, 9.750789642333984, -1.619731068611145, 0.08668578416109085, 8.142937660217285, -3.3325400352478027, 0.09919063746929169, 8.045463562011719, -4.532662391662598, 0.11739496886730194, 6.783608436584473, -5.913273334503174, 0.135162815451622, 5.913273334503174, -8.56838607788086, 0.14650534093379974, 5.725212574005127, -7.984873294830322, 0.14759941399097443, 3.3074426651000977, -10.020752906799316, 0.1380762755870819, 1.9932516813278198, -10.481926918029785, 0.12114578485488892, 1.2836658319488018e-15, -9.152195930480957, 0.10251456499099731, -1.8204848766326904, -9.395943641662598, 0.0884624645113945, -3.8919272422790527, -8.220022201538086, 0.08372589200735092, -5.492443561553955, -7.054673671722412, 0.08990135788917542, -7.054673671722412, -5.4931769371032715, 0.10490736365318298, -8.221120834350586, -3.848088026046753, 0.12368596345186234, -9.290106773376465, -1.6598820686340332, 0.13990764319896698, -8.3447904586792, -2.051641700224951e-15, 0.1481046825647354, -11.16861629486084, 1.690881609916687, 0.14551421999931335, -8.500636100769043, 3.2299697399139404, 0.13300935924053192, -7.797836780548096, 4.873367786407471, 0.11480502784252167, -7.2935099601745605, 7.499818801879883, 0.0970371812582016, -7.499818801879883, 9.240653991699219, 0.08569465577602386, -6.174407482147217, 10.30021858215332, 0.08460058271884918, -4.266490459442139, 8.28061580657959, 0.0941237285733223, -1.6471168994903564]
            n (float, 291):  [0.0006686438573524356, 0.9999996423721313, 0.0005586497718468308, 0.03519349917769432, 0.9970385432243347, -0.06837765127420425, 0.039700742810964584, 0.9979115724563599, -0.05095421522855759, 0.036200687289237976, 0.9990354776382446, -0.024853242561221123, 0.01501415204256773, 0.9997912049293518, 0.013863066211342812, -0.009496183134615421, 0.998997688293457, 0.04374302178621292, -0.03588119149208069, 0.9976267218589783, 0.05876580998301506, -0.04526318237185478, 0.997218132019043, 0.05922110378742218, -0.04032372310757637, 0.9977759122848511, 0.053076375275850296, -0.014173229224979877, 0.9985828399658203, 0.051298171281814575, 0.02691774070262909, 0.9980219006538391, 0.056812919676303864, 0.03869668021798134, 0.9976120591163635, 0.057209014892578125, 0.03385084122419357, 0.9973471760749817, 0.06444250792264938, 0.0208811666816473, 0.9982109665870667, 0.056026965379714966, -0.004517328925430775, 0.9995564818382263, 0.029435070231556892, -0.024942858144640923, 0.9996746778488159, -0.005332154221832752, -0.032499030232429504, 0.9986125230789185, -0.04143529385328293, -0.032856956124305725, 0.9974462985992432, -0.06341452151536942, -0.026924405246973038, 0.9976962208747864, -0.06226810812950134, -0.025187455117702484, 0.9981712102890015, -0.054953157901763916, -0.04598396271467209, 0.9985764026641846, -0.027032161131501198, -0.06314162164926529, 0.9980045557022095, -0.00012270986917428672, -0.06866717338562012, 0.9976394772529602, 0.0003657959750853479, -0.07050122320652008, 0.9974902868270874, -0.006536057684570551, -0.0517149455845356, 0.9985464215278625, -0.015185256488621235, -0.010951461270451546, 0.9997112154960632, -0.021390587091445923, 0.03479103371500969, 0.999262809753418, -0.016231559216976166, 0.06459444761276245, 0.9979072213172913, -0.002955739852041006, 0.06749052554368973, 0.9977132081985474, 0.00364681682549417, 0.06299646198749542, 0.9979521632194519, 0.011088506318628788, 0.05824552848935127, 0.9983014464378357, -0.0013384361518546939, 0.03954111784696579, 0.9987655282020569, -0.030064035207033157, 0.03514263033866882, 0.9975605010986328, -0.06031636893749237, 0.03275847062468529, 0.9988881945610046, -0.03389980271458626, 0.03922809660434723, 0.9989089369773865, -0.025340568274259567, 0.042303647845983505, 0.9990330934524536, -0.011973926797509193, 0.0244520865380764, 0.9992541074752808, 0.029888633638620377, 0.008044500835239887, 0.999051570892334, 0.04279292747378349, 0.005165494978427887, 0.9995446801185608, 0.029726548120379448, -0.0288466215133667, 0.998731255531311, 0.04127495735883713, -0.01680666022002697, 0.9996273517608643, 0.021508775651454926, -0.015193676576018333, 0.9995966553688049, 0.023992067202925682, 0.014710552990436554, 0.9994606971740723, 0.029355797916650772, 0.021660499274730682, 0.9989021420478821, 0.0415380597114563, 0.0002948745677713305, 0.9984775185585022, 0.05515808239579201, -0.0018784862477332354, 0.9982976913452148, 0.058293044567108154, -0.027386723086237907, 0.9991729259490967, 0.030056852847337723, -0.03738561272621155, 0.9992854595184326, 0.005561869591474533, -0.03555484116077423, 0.999364972114563, -0.0023454101756215096, -0.029291842132806778, 0.9985716938972473, -0.04468278959393501, -0.01929606683552265, 0.9992060661315918, -0.03485467657446861, -0.011434423737227917, 0.9997068643569946, -0.02133999951183796, -0.014713259413838387, 0.9997833371162415, -0.01472101267427206, -0.03939753398299217, 0.9992218613624573, 0.0018588625825941563, -0.03512166813015938, 0.9993759989738464, -0.0037507270462810993, -0.04378977790474892, 0.9989099502563477, -0.0161686260253191, -0.03669806569814682, 0.9988520741462708, -0.030787602066993713, -0.007731816731393337, 0.999383270740509, -0.034252867102622986, 0.03785041719675064, 0.9986348152160645, -0.03599610552191734, 0.046167753636837006, 0.9986683130264282, -0.023023193702101707, 0.03224308416247368, 0.9992642998695374, -0.020768359303474426, 0.032963283360004425, 0.9994540810585022, 0.0022351122461259365, 0.0243004709482193, 0.9997007846832275, 0.0027899814303964376, 0.017445184290409088, 0.9997690916061401, -0.012547058053314686, 0.019724702462553978, 0.9992011785507202, -0.03475449979305267, 0.036750081926584244, 0.9990403056144714, -0.02382962964475155, 0.04245598986744881, 0.999037504196167, -0.011022865772247314, 0.045722685754299164, 0.9989446997642517, -0.004348794464021921, 0.03166181966662407, 0.9991797208786011, 0.02524622343480587, 0.026325879618525505, 0.9987760186195374, 0.041872475296258926, 0.0018699641805142164, 0.9996398091316223, 0.026771973818540573, -0.013830970972776413, 0.9995109438896179, 0.02804572507739067, -0.012614172883331776, 0.9997458457946777, 0.01868426986038685, -0.0097420709207654, 0.9998651146888733, 0.013226510025560856, 0.0049955593422055244, 0.99981290102005, 0.018687250092625618, 0.007410634774714708, 0.9992494583129883, 0.038020938634872437, -0.015547020360827446, 0.9982185959815979, 0.05760231614112854, -0.016733981668949127, 0.997312068939209, 0.07133476436138153, -0.03653457388281822, 0.9988681077957153, 0.030458811670541763, -0.05094028636813164, 0.9985685348510742, 0.016306759789586067, -0.03528568148612976, 0.9993753433227539, -0.0019924407824873924, -0.027899786829948425, 0.9992701411247253, -0.026093708351254463, -0.017562318593263626, 0.9995883107185364, -0.02268930710852146, -0.009482062421739101, 0.9998685717582703, -0.013149702921509743, -0.008652208372950554, 0.9999361038208008, -0.007273620460182428, -0.01954643800854683, 0.9998089075088501, 0.0001233706425409764, -0.026913443580269814, 0.999617874622345, -0.006305504124611616, -0.02337503246963024, 0.9994918704032898, -0.021671416237950325, -0.03377165272831917, 0.9987529516220093, -0.03676743432879448, -0.0036925815511494875, 0.9992228150367737, -0.039243679493665695, 0.04136700555682182, 0.9982380867004395, -0.04253806173801422, 0.034559328109025955, 0.9982954263687134, -0.047031473368406296, 0.022735364735126495, 0.999347984790802, -0.028049901127815247, 0.018301034346222878, 0.9998265504837036, -0.003462061285972595, 0.011566713452339172, 0.9999330639839172, 1.5165776403591735e-06, 0.008479061536490917, 0.9999604821205139, -0.002689465880393982, 0.019039403647184372, 0.9996659755706787, -0.017478125169873238]
            ta (float, 388):  [0.9999998211860657, -0.0006686432752758265, 2.053312719851874e-08, 1.0, 0.9993774890899658, -0.035280998796224594, -7.210492913145572e-05, 1.0, 0.9992088079452515, -0.039770644158124924, -0.00035830397973768413, 1.0, 0.9993440508842468, -0.03621388226747513, -8.089430775726214e-05, 1.0, 0.999887228012085, -0.015015718527138233, 8.834504114929587e-06, 1.0, 0.9999546408653259, 0.009514045901596546, -0.0002002059918595478, 1.0, 0.9993531107902527, 0.03596194088459015, -0.00031673777266405523, 1.0, 0.9989686608314514, 0.045396726578474045, -0.0009107232326641679, 1.0, 0.9991835951805115, 0.04039691761136055, -0.0003066292265430093, 1.0, 0.9998993277549744, 0.014186500571668148, 0.00010540609946474433, 1.0, 0.9996360540390015, -0.026975002139806747, 0.00024104260955937207, 1.0, 0.9992473721504211, -0.03878828510642052, 0.0004913489683531225, 1.0, 0.9994236826896667, -0.03394489362835884, 0.0003648342681117356, 1.0, 0.9997804164886475, -0.02094586007297039, 0.0005677012377418578, 1.0, 0.9999898076057434, 0.004517037887126207, 7.638286479050294e-05, 1.0, 0.9996888637542725, 0.02494332566857338, 2.1250456484267488e-05, 1.0, 0.9994707107543945, 0.03253144770860672, 0.00010818215378094465, 1.0, 0.9994577765464783, 0.032928600907325745, 8.467397128697485e-05, 1.0, 0.9996359944343567, 0.02698131464421749, 7.313513197004795e-05, 1.0, 0.9996817708015442, 0.0252243522554636, -2.218447480117902e-05, 1.0, 0.9989413022994995, 0.04600248858332634, 6.347204180201516e-05, 1.0, 0.9980046153068542, 0.06314162164926529, 9.653957704358618e-07, 1.0, 0.9976396560668945, 0.06866719573736191, -2.2675158106721938e-06, 1.0, 0.9975115060806274, 0.07050320506095886, 7.378416194114834e-05, 1.0, 0.9986615180969238, 0.051722001284360886, 7.216912490548566e-05, 1.0, 0.9999399781227112, 0.010954956524074078, 4.616529622580856e-05, 1.0, 0.9993943572044373, -0.03479659557342529, -6.077986108721234e-05, 1.0, 0.9979115128517151, -0.06459485739469528, -4.352742325863801e-05, 1.0, 0.9977198243141174, -0.06749113649129868, 4.4207194150658324e-05, 1.0, 0.9980135560035706, -0.06300102919340134, 6.211496656760573e-05, 1.0, 0.9983022809028625, -0.058245573192834854, -1.7714446585159749e-06, 1.0, 0.9992172718048096, -0.03955725207924843, 5.8077534049516544e-05, 1.0, 0.9993805289268494, -0.0351957231760025, 0.00018231333524454385, 1.0, 0.9994626641273499, -0.032775625586509705, 4.955277836415917e-05, 1.0, 0.9992298483848572, -0.03923840820789337, 9.044173930305988e-05, 1.0, 0.9991046786308289, -0.04230651631951332, 1.3342018064577132e-05, 1.0, 0.999700665473938, -0.024463770911097527, 2.525808486097958e-05, 1.0, 0.9999675154685974, -0.008056462742388248, 0.00010704762826208025, 1.0, 0.9999866485595703, -0.005164088681340218, -0.00012406057794578373, 1.0, 0.9995831251144409, 0.02887067012488842, 1.3493998267222196e-05, 1.0, 0.9998586773872375, 0.016810595989227295, -2.138178388122469e-06, 1.0, 0.9998844861984253, 0.015198716893792152, -2.7659880288410932e-05, 1.0, 0.9998916983604431, -0.014719379134476185, 8.44988608150743e-05, 1.0, 0.9997650384902954, -0.0216781347990036, -2.5951856514438987e-05, 1.0, 0.9999999403953552, -0.0003066163626499474, 0.00020438629144337028, 1.0, 0.9999980330467224, 0.0019040609477087855, -0.0003831662470474839, 1.0, 0.999624490737915, 0.02740204706788063, -9.796704398468137e-05, 1.0, 0.9993008971214294, 0.0373862199485302, -5.2410891839826945e-06, 1.0, 0.9993677735328674, 0.03555493429303169, -3.1722092899144627e-06, 1.0, 0.9995701313018799, 0.029315834864974022, -0.00011831642041215673, 1.0, 0.9998135566711426, 0.019305899739265442, -5.445212445920333e-05, 1.0, 0.9999345541000366, 0.01143696904182434, -2.664591875145561e-06, 1.0, 0.9998917579650879, 0.01471442636102438, -2.917506208177656e-05, 1.0, 0.9992235898971558, 0.039397601038217545, -4.076323278923155e-08, 1.0, 0.9993830919265747, 0.03512192517518997, 1.6539767102585756e-06, 1.0, 0.9990404844284058, 0.04379594326019287, 2.7672316718962975e-05, 1.0, 0.9993253350257874, 0.03672516345977783, 0.0003150679694954306, 1.0, 0.9999701380729675, 0.007736477535218, 3.5431698961474467e-06, 1.0, 0.999282956123352, -0.03786024823784828, 0.0004089366411790252, 1.0, 0.9989331960678101, -0.04617837816476822, 7.017797906883061e-05, 1.0, 0.9994797110557556, -0.0322544127702713, -0.0002105866587953642, 1.0, 0.999456524848938, -0.03296339139342308, 1.2549327038868796e-05, 1.0, 0.9997047185897827, -0.024300577118992805, 3.4946183404827025e-06, 1.0, 0.9998477697372437, -0.01744677685201168, -1.7689460946712643e-05, 1.0, 0.9998052716255188, -0.019737398251891136, -2.2192376491148025e-05, 1.0, 0.9993239045143127, -0.03676389157772064, -0.00014149908383842558, 1.0, 0.9990981817245483, -0.04245861619710922, -4.145635557506466e-06, 1.0, 0.9989541172981262, -0.045723117887973785, -2.0481852516240906e-06, 1.0, 0.9994983673095703, -0.03167102485895157, -3.533612107275985e-05, 1.0, 0.9996527433395386, -0.026348361745476723, -1.4910669960954692e-05, 1.0, 0.999998152256012, -0.0018809335306286812, 0.00038453846354968846, 1.0, 0.9999043941497803, 0.013831540010869503, 0.0001737815182423219, 1.0, 0.9999204277992249, 0.012614674866199493, 9.100844181375578e-05, 1.0, 0.9999525547027588, 0.009742679074406624, 1.8583634300739504e-05, 1.0, 0.9999874830245972, -0.004995820578187704, -3.264124461566098e-05, 1.0, 0.9999725222587585, -0.007401707116514444, -0.00037556909956038, 1.0, 0.9998788237571716, 0.01557075884193182, 3.671940430649556e-05, 1.0, 0.9998593330383301, 0.01677604392170906, 9.503273759037256e-06, 1.0, 0.9993318915367126, 0.036547765135765076, 0.00012359741958789527, 1.0, 0.9987013339996338, 0.05094682797789574, 1.4065013601793908e-05, 1.0, 0.9993772506713867, 0.03528576344251633, 8.077811799012125e-06, 1.0, 0.9996103644371033, 0.027911541983485222, 8.630909724161029e-05, 1.0, 0.9998456835746765, 0.01756688952445984, 2.1795162865601014e-06, 1.0, 0.9999549984931946, 0.009483067318797112, 1.409338801749982e-05, 1.0, 0.999962568283081, 0.008652415126562119, -3.0664648420497542e-06, 1.0, 0.9998089671134949, 0.01954643800854683, 2.976618986849644e-07, 1.0, 0.9996377825737, 0.026913726702332497, -3.994579674326815e-05, 1.0, 0.9997267723083496, 0.023375870659947395, -0.00021474073582794517, 1.0, 0.9994289875030518, 0.033791303634643555, -8.718701428733766e-05, 1.0, 0.9999931454658508, 0.0036927571054548025, -6.805987504776567e-05, 1.0, 0.999142587184906, -0.04140046611428261, 9.440322901355103e-05, 1.0, 0.9994013905525208, -0.03459523990750313, 5.0441532948752865e-05, 1.0, 0.99974125623703, -0.022745558992028236, -4.453438668861054e-05, 1.0, 0.9998324513435364, -0.01830104924738407, 2.707502426346764e-05, 1.0, 0.9999330639839172, -0.011566714383661747, -1.656522563564522e-08, 1.0, 0.9999641180038452, -0.008479087613523006, 1.9307997263240395e-06, 1.0, 0.9998186826705933, -0.019042471423745155, -9.156019586953335e-06, 1.0]
            u0 (float, 194):  [0.5, 0.5, 0.6543093323707581, 0.5, 0.6551374197006226, 0.46914124488830566, 0.6471328139305115, 0.4390556216239929, 0.6309235692024231, 0.412519633769989, 0.6128884553909302, 0.3871115446090698, 0.5877342224121094, 0.3686964511871338, 0.5606365203857422, 0.35361045598983765, 0.5298409461975098, 0.34997934103012085, 0.5, 0.34863775968551636, 0.4699796140193939, 0.3490772843360901, 0.4376199245452881, 0.3494011163711548, 0.4167289733886719, 0.3753761053085327, 0.38999661803245544, 0.38999658823013306, 0.3696347773075104, 0.41289275884628296, 0.35304537415504456, 0.43912941217422485, 0.3460331857204437, 0.4693741202354431, 0.33567801117897034, 0.5, 0.33743858337402344, 0.5323354601860046, 0.3527939021587372, 0.5609747469425201, 0.37281498312950134, 0.584982305765152, 0.383565217256546, 0.616434782743454, 0.4087052047252655, 0.6366323232650757, 0.43972060084342957, 0.6455273628234863, 0.46813732385635376, 0.6601845324039459, 0.5, 0.6648261845111847, 0.5323817729949951, 0.6627941131591797, 0.5587132573127747, 0.6417463421821594, 0.5851255655288696, 0.6273994147777557, 0.6155453324317932, 0.6155453324317932, 0.6281747221946716, 0.5856435894966125, 0.6424754858016968, 0.5590152740478516, 0.6474051475524902, 0.5293207168579102, 0.8345237970352173, 0.5, 0.7922468185424805, 0.44186848402023315, 0.7709947228431702, 0.3877503275871277, 0.7695378065109253, 0.31990063190460205, 0.703188955783844, 0.296811044216156, 0.6867096424102783, 0.22056925296783447, 0.6099022626876831, 0.2346724271774292, 0.5681096911430359, 0.1575893759727478, 0.5, 0.20933324098587036, 0.4431491494178772, 0.21419143676757812, 0.3799702525138855, 0.2102225422859192, 0.31400883197784424, 0.22164452075958252, 0.27699190378189087, 0.27699190378189087, 0.22495253384113312, 0.31621915102005005, 0.22439366579055786, 0.38584011793136597, 0.165366068482399, 0.43343716859817505, 0.2043951153755188, 0.5, 0.19593410193920135, 0.5604824721813202, 0.18830429017543793, 0.6291085779666901, 0.24323022365570068, 0.6715680956840515, 0.2980559170246124, 0.7019440829753876, 0.3158210217952728, 0.7756433039903641, 0.3898882269859314, 0.7658333480358124, 0.4395116865634918, 0.8040952682495117, 0.5, 0.8053657114505768, 0.5615581274032593, 0.8094737380743027, 0.6113560795783997, 0.7688373327255249, 0.6921065449714661, 0.7875077277421951, 0.7390247583389282, 0.7390247285366058, 0.7657672166824341, 0.6775799691677094, 0.7793678641319275, 0.6157179474830627, 0.8024206757545471, 0.5601552128791809, 0.9281132817268372, 0.5, 0.9422627091407776, 0.4120284914970398, 0.9280888438224792, 0.3226797580718994, 0.918538510799408, 0.2203415036201477, 0.7849798798561096, 0.21502012014389038, 0.7953335046768188, 0.05800223350524902, 0.7013325691223145, 0.013940155506134033, 0.5917891263961792, 0.03854483366012573, 0.5, 0.027577996253967285, 0.42152464389801025, 0.10547780990600586, 0.338539719581604, 0.11020040512084961, 0.2803942561149597, 0.17133677005767822, 0.21350421011447906, 0.21350419521331787, 0.0848650187253952, 0.22261565923690796, 0.11313599348068237, 0.339755654335022, 0.014498408883810043, 0.40342772006988525, -0.007845311425626278, 0.5, 0.05657966434955597, 0.5882017910480499, 0.04477018490433693, 0.6885623633861542, 0.10174308717250824, 0.7661067545413971, 0.15820379555225372, 0.8417962044477463, 0.23385770618915558, 0.8983101025223732, 0.3135616183280945, 0.9501020573079586, 0.4195793569087982, 0.9043018817901611, 0.5, 1.041115153580904, 0.5819225907325745, 0.9118525236845016, 0.6564908027648926, 0.8778021782636642, 0.7361127734184265, 0.8533677309751511, 0.8633633255958557, 0.8633633106946945, 0.9477061033248901, 0.7991476505994797, 0.9990416169166565, 0.7067098021507263, 0.9011926054954529, 0.5798021852970123]
            tri (int, 480):  [0, 2, 1, 0, 3, 2, 0, 4, 3, 0, 5, 4, 0, 6, 5, 0, 7, 6, 0, 8, 7, 0, 9, 8, 0, 10, 9, 0, 11, 10, 0, 12, 11, 0, 13, 12, 0, 14, 13, 0, 15, 14, 0, 16, 15, 0, 17, 16, 0, 18, 17, 0, 19, 18, 0, 20, 19, 0, 21, 20, 0, 22, 21, 0, 23, 22, 0, 24, 23, 0, 25, 24, 0, 26, 25, 0, 27, 26, 0, 28, 27, 0, 29, 28, 0, 30, 29, 0, 31, 30, 0, 32, 31, 0, 1, 32, 1, 34, 33, 1, 2, 34, 2, 35, 34, 2, 3, 35, 3, 36, 35, 3, 4, 36, 4, 37, 36, 4, 5, 37, 5, 38, 37, 5, 6, 38, 6, 39, 38, 6, 7, 39, 7, 40, 39, 7, 8, 40, 8, 41, 40, 8, 9, 41, 9, 42, 41, 9, 10, 42, 10, 43, 42, 10, 11, 43, 11, 44, 43, 11, 12, 44, 12, 45, 44, 12, 13, 45, 13, 46, 45, 13, 14, 46, 14, 47, 46, 14, 15, 47, 15, 48, 47, 15, 16, 48, 16, 49, 48, 16, 17, 49, 17, 50, 49, 17, 18, 50, 18, 51, 50, 18, 19, 51, 19, 52, 51, 19, 20, 52, 20, 53, 52, 20, 21, 53, 21, 54, 53, 21, 22, 54, 22, 55, 54, 22, 23, 55, 23, 56, 55, 23, 24, 56, 24, 57, 56, 24, 25, 57, 25, 58, 57, 25, 26, 58, 26, 59, 58, 26, 27, 59, 27, 60, 59, 27, 28, 60, 28, 61, 60, 28, 29, 61, 29, 62, 61, 29, 30, 62, 30, 63, 62, 30, 31, 63, 31, 64, 63, 31, 32, 64, 32, 33, 64, 33, 32, 1, 33, 66, 65, 33, 34, 66, 34, 67, 66, 34, 35, 67, 35, 68, 67, 35, 36, 68, 36, 69, 68, 36, 37, 69, 37, 70, 69, 37, 38, 70, 38, 71, 70, 38, 39, 71, 39, 72, 71, 39, 40, 72, 40, 73, 72, 40, 41, 73, 41, 74, 73, 41, 42, 74, 42, 75, 74, 42, 43, 75, 43, 76, 75, 43, 44, 76, 44, 77, 76, 44, 45, 77, 45, 78, 77, 45, 46, 78, 46, 79, 78, 46, 47, 79, 47, 80, 79, 47, 48, 80, 48, 81, 80, 48, 49, 81, 49, 82, 81, 49, 50, 82, 50, 83, 82, 50, 51, 83, 51, 84, 83, 51, 52, 84, 52, 85, 84, 52, 53, 85, 53, 86, 85, 53, 54, 86, 54, 87, 86, 54, 55, 87, 55, 88, 87, 55, 56, 88, 56, 89, 88, 56, 57, 89, 57, 90, 89, 57, 58, 90, 58, 91, 90, 58, 59, 91, 59, 92, 91, 59, 60, 92, 60, 93, 92, 60, 61, 93, 61, 94, 93, 61, 62, 94, 62, 95, 94, 62, 63, 95, 63, 96, 95, 63, 64, 96, 64, 65, 96, 65, 64, 33]
            boundingsphere (float, 4):  [-0.09085416793823242, 0.25786295533180237, -0.5681705474853516, 11.498080912877084]
            aabb:
                min (float, 3):  [-10.481926918029785, 0.08372589200735092, -11.16861629486084]
                max (float, 3):  [10.30021858215332, 0.4320000112056732, 10.032275199890137]
            material:
                shader (str, 1):  ['PdxMeshAdvanced']
                diff (str, 1):  ['air_winter_tropical_coast_monsoon_phase_5_diff.dds']
                spec (str, 1):  ['air_winter_tropical_coast_monsoon_spec.dds']
                n (str, 1):  ['air_winter_tropical_coast_monsoon_n.dds']
locator:
