pdxasset (int, 2):  [1, 0]
object:
    air_winter_tropical_coast_monsoon_phase_2:
        mesh:
            p (float, 291):  [0.0, 0.3456000089645386, 0.0, 3.411123514175415, 0.1943640112876892, 0.0, 3.128769874572754, 0.23408712446689606, 0.6223510503768921, 3.002086639404297, 0.27572235465049744, 1.2435050010681152, 2.605358600616455, 0.3052360713481903, 1.740844964981079, 2.433682441711426, 0.3126803934574127, 2.433682441711426, 1.7444924116134644, 0.2955460846424103, 2.6108174324035645, 1.2729778289794922, 0.25960850715637207, 3.073240280151367, 0.6436410546302795, 0.21698075532913208, 3.235801935195923, 2.0458082372567697e-16, 0.18203099071979523, 3.3410584926605225, -0.6305075883865356, 0.16653943061828613, 3.1697757244110107, -1.2326031923294067, 0.17572763562202454, 2.975767135620117, -1.7934134006500244, 0.2064986526966095, 2.684032917022705, -2.1994760036468506, 0.24848075211048126, 2.1994760036468506, -2.66011118888855, 0.28752344846725464, 1.7774293422698975, -2.9411845207214355, 0.3104669451713562, 1.2182785272598267, -3.3001723289489746, 0.30957791209220886, 0.6564450860023499, -3.2445554733276367, 0.2851559817790985, 3.973434467245679e-16, -3.0591437816619873, 0.24543286859989166, -0.6085015535354614, -2.8602025508880615, 0.20379765331745148, -1.1847347021102905, -2.667936086654663, 0.1742839217185974, -1.7826579809188843, -2.431056499481201, 0.1668396145105362, -2.431056499481201, -1.7187174558639526, 0.18397390842437744, -2.572242498397827, -1.2423121929168701, 0.21991150081157684, -2.999207019805908, -0.6556260585784912, 0.26253923773765564, -3.2960548400878906, -5.745917877917695e-16, 0.2974890172481537, -3.127932071685791, 0.6580289602279663, 0.3129805624485016, -3.3081350326538086, 1.3018252849578857, 0.3037923574447632, -3.1428842544555664, 1.878495216369629, 0.2730213403701782, -2.8113667964935303, 2.2150330543518066, 0.23103924095630646, -2.2150330543518066, 2.8425846099853516, 0.19199655950069427, -1.899354338645935, 2.9256277084350586, 0.1690530627965927, -1.2118346691131592, 3.306830883026123, 0.16994209587574005, -0.6577695608139038, 6.954437255859375, 0.12092401087284088, 0.0, 6.435126304626465, 0.16064712405204773, 1.2800261974334717, 6.365386486053467, 0.2022823542356491, 2.636629581451416, 5.7532572746276855, 0.23179607093334198, 3.844203472137451, 4.921738147735596, 0.2392403781414032, 4.921738147735596, 3.474745273590088, 0.22210608422756195, 5.200323581695557, 2.7525386810302734, 0.18616849184036255, 6.645216464996338, 1.3077070713043213, 0.14354075491428375, 6.574286937713623, 3.871212942984254e-16, 0.1085909977555275, 6.322170734405518, -1.167580008506775, 0.0930994302034378, 5.869821071624756, -2.6848299503326416, 0.1022876426577568, 6.481752872467041, -4.013749599456787, 0.13305865228176117, 6.00700044631958, -4.993967056274414, 0.17504075169563293, 4.993967056274414, -5.617572784423828, 0.21408343315124512, 3.753541946411133, -6.334582805633545, 0.23702692985534668, 2.6238701343536377, -6.253570556640625, 0.23613789677619934, 1.2439125776290894, -6.026333808898926, 0.21171599626541138, 7.380130836186531e-16, -7.004584789276123, 0.17199286818504333, -1.3932985067367554, -6.393302917480469, 0.13035765290260315, -2.6481926441192627, -5.48294734954834, 0.10084392875432968, -3.663588047027588, -4.994872570037842, 0.09339962154626846, -4.994872570037842, -3.34907603263855, 0.11053391546010971, -5.012246131896973, -2.278735876083374, 0.14647150039672852, -5.501355171203613, -1.2098053693771362, 0.1890992522239685, -6.082102298736572, -1.304297860478022e-15, 0.22404900193214417, -7.100266456604004, 1.2335752248764038, 0.23954057693481445, -6.201601505279541, 2.273632287979126, 0.23035235702991486, -5.4890336990356445, 3.3731093406677246, 0.1995813548564911, -5.048214912414551, 4.226687431335449, 0.15759924054145813, -4.226687431335449, 5.902287483215332, 0.11855655908584595, -3.943782329559326, 6.659900665283203, 0.09561306238174438, -2.7586212158203125, 5.7799787521362305, 0.09650209546089172, -1.1497092247009277, 10.129388809204102, 0.07685788720846176, 0.0, 8.537256240844727, 0.09087780863046646, 1.698165774345398, 9.903711318969727, 0.10557259619235992, 4.1022515296936035, 7.347990989685059, 0.11598920077085495, 4.909770965576172, 7.347043991088867, 0.11861660331487656, 7.347043991088867, 4.547933101654053, 0.11256920546293259, 6.80646276473999, 3.7617928981781006, 0.09988535195589066, 9.081770896911621, 1.8271064758300781, 0.08484026789665222, 9.185484886169434, 5.155696320545834e-16, 0.07250505685806274, 8.419891357421875, -2.1335034370422363, 0.06703744828701019, 10.725846290588379, -3.6336684226989746, 0.07028034329414368, 8.772451400756836, -5.755626201629639, 0.08114069700241089, 8.613903045654297, -6.090426445007324, 0.095957912504673, 6.090426445007324, -7.5006184577941895, 0.10973768681287766, 5.011753082275391, -9.982604026794434, 0.1178353875875473, 4.13493013381958, -9.476540565490723, 0.11752161383628845, 1.8850010633468628, -11.077788352966309, 0.10890211164951324, 1.3566378262338781e-15, -9.985478401184082, 0.09488219022750854, -1.9862351417541504, -10.281525611877441, 0.08018740266561508, -4.258747577667236, -7.577732563018799, 0.06977079808712006, -5.063279151916504, -6.831705093383789, 0.06714339554309845, -6.831705093383789, -6.048192501068115, 0.07319079339504242, -9.051759719848633, -3.125844717025757, 0.08587464690208435, -7.546456813812256, -1.898271083831787, 0.10091973841190338, -9.543252944946289, -1.482525874558062e-15, 0.11325494199991226, -8.070494651794434, 1.7106035947799683, 0.11872255802154541, -8.599784851074219, 3.5790042877197266, 0.11547965556383133, -8.640480995178223, 4.892174243927002, 0.10461930185556412, -7.321656227111816, 5.832298755645752, 0.089802086353302, -5.832298755645752, 6.871114253997803, 0.07602231949567795, -4.591131687164307, 9.361797332763672, 0.0679246112704277, -3.8777832984924316, 10.564197540283203, 0.06823838502168655, -2.1013495922088623]
            n (float, 291):  [-0.0005245432257652283, 0.9999998211860657, 3.8095928175607696e-05, 0.03155605122447014, 0.9987267851829529, -0.03935758024454117, 0.038095131516456604, 0.9983406066894531, -0.04318315535783768, 0.03638987988233566, 0.998742938041687, -0.034471020102500916, 0.027172069996595383, 0.9995483160018921, -0.012842649593949318, 0.005142662674188614, 0.9998327493667603, 0.017548508942127228, -0.019156433641910553, 0.9992115497589111, 0.03477486968040466, -0.033494867384433746, 0.9987168312072754, 0.037984635680913925, -0.044344015419483185, 0.998225748538971, 0.03973759710788727, -0.036052487790584564, 0.9987207651138306, 0.03545630723237991, -0.012743089348077774, 0.9991629719734192, 0.038870636373758316, 0.013124292716383934, 0.998919665813446, 0.04457845166325569, 0.02017587423324585, 0.9985916018486023, 0.04906768724322319, 0.018457379192113876, 0.9983595013618469, 0.054199401289224625, 0.006583007052540779, 0.9990339875221252, 0.04344719275832176, -0.00847362820059061, 0.9997790455818176, 0.01923818327486515, -0.021101035177707672, 0.9996623992919922, -0.015160291455686092, -0.02081148326396942, 0.9989288449287415, -0.04132819175720215, -0.014507508836686611, 0.9982568621635437, -0.057206444442272186, -0.012909280136227608, 0.9983817934989929, -0.05538211762905121, -0.022620106115937233, 0.9991626143455505, -0.03409186750650406, -0.023771187290549278, 0.9994885325431824, -0.021390395238995552, -0.04640532657504082, 0.9987446069717407, -0.01886068657040596, -0.06469832360744476, 0.9978755116462708, -0.0076590608805418015, -0.05619005858898163, 0.9983270168304443, -0.013633445836603642, -0.03365162014961243, 0.9992837905883789, -0.017303571105003357, 0.002099079079926014, 0.9998528957366943, -0.017024435102939606, 0.03210898116230965, 0.9994490742683411, -0.008408039808273315, 0.05444399267435074, 0.9984878301620483, 0.007609174586832523, 0.05858337879180908, 0.998195469379425, 0.01318124495446682, 0.042126115411520004, 0.9990522861480713, 0.010950591415166855, 0.04506300389766693, 0.9989832639694214, 0.001322151510976255, 0.03271972015500069, 0.9991236925125122, -0.026099739596247673, 0.016865359619259834, 0.999723494052887, -0.016386495903134346, 0.029735324904322624, 0.999209463596344, -0.026387479156255722, 0.03347184881567955, 0.9993502497673035, -0.013369233347475529, 0.03359333425760269, 0.9994140863418579, 0.006556294858455658, 0.01434302143752575, 0.9993997812271118, 0.03153391554951668, -0.0019809475634247065, 0.9992672204971313, 0.03822352737188339, -0.00015297105710487813, 0.9995080828666687, 0.03136112540960312, -0.029076896607875824, 0.9991572499275208, 0.028971172869205475, -0.02082114852964878, 0.9995877742767334, 0.01976724900305271, -0.0024156493600457907, 0.9998087286949158, 0.019410522654652596, 0.008975167758762836, 0.9997570514678955, 0.020131725817918777, 0.005617042537778616, 0.9995983242988586, 0.02777661755681038, -0.005558788310736418, 0.9992908239364624, 0.03724173083901405, -0.009797632694244385, 0.9991328120231628, 0.04046640172600746, -0.022260118275880814, 0.9995967745780945, 0.01762882061302662, -0.027878953143954277, 0.9995934963226318, -0.005977151449769735, -0.023380238562822342, 0.9994861483573914, -0.02192607708275318, -0.01509335357695818, 0.9995682835578918, -0.025209691375494003, -0.005441731307655573, 0.999488890171051, -0.0314994715154171, -0.007625319994986057, 0.9997424483299255, -0.021373992785811424, -0.012026083655655384, 0.9999001026153564, -0.007422029972076416, -0.02064403146505356, 0.9997410178184509, -0.009580940008163452, -0.0393296554684639, 0.9991769194602966, -0.009936543181538582, -0.04065065085887909, 0.9989732503890991, -0.020000183954834938, -0.010215003043413162, 0.9989140033721924, -0.0454585924744606, 0.005940890870988369, 0.9993545413017273, -0.035429298877716064, 0.02765549346804619, 0.9993711709976196, -0.022192155942320824, 0.04243631288409233, 0.999068558216095, -0.007823420688509941, 0.04024594649672508, 0.9991897940635681, 5.322233846527524e-05, 0.025430411100387573, 0.9996643662452698, -0.004942477215081453, 0.015863223001360893, 0.9998741149902344, 0.000288636569166556, 0.018560800701379776, 0.9997207522392273, -0.014625425450503826, 0.012113586068153381, 0.9998863935470581, -0.008972634561359882, 0.030675893649458885, 0.9994019865989685, -0.015957945957779884, 0.03375908359885216, 0.9994297027587891, -0.000723137694876641, 0.03957711532711983, 0.9990635514259338, 0.017486607655882835, 0.024832498282194138, 0.9991356134414673, 0.033335693180561066, 0.01377970539033413, 0.9987789988517761, 0.047440920025110245, 0.0037018852308392525, 0.999485194683075, 0.031868405640125275, -0.018791725859045982, 0.9993820190429688, 0.02970639243721962, -0.010900451801717281, 0.9998282790184021, 0.014986119233071804, -0.00029118306702002883, 0.9999643564224243, 0.00843888707458973, 0.004080025013536215, 0.9998855590820312, 0.014571115374565125, -0.0020653584506362677, 0.9997580647468567, 0.021899405866861343, -0.02074963040649891, 0.9992627501487732, 0.032302338629961014, -0.020862089470028877, 0.9987823367118835, 0.04470665752887726, -0.028574243187904358, 0.9994680285453796, 0.015719134360551834, -0.03149265795946121, 0.9995009303092957, -0.0024625707883387804, -0.023628659546375275, 0.9996833205223083, -0.008654882200062275, -0.017076736316084862, 0.999711811542511, -0.016872050240635872, -0.008395173586905003, 0.9997643232345581, -0.02001812867820263, -0.004638205748051405, 0.9998491406440735, -0.016739903017878532, -0.010501575656235218, 0.9999376535415649, -0.003796026110649109, -0.010727076791226864, 0.9999297857284546, -0.0050351498648524284, -0.024985386058688164, 0.9996061325073242, -0.01277734711766243, -0.025896066799759865, 0.9992427229881287, -0.029041092842817307, -0.004131404682993889, 0.9984859228134155, -0.054853543639183044, 0.008738726377487183, 0.9987330436706543, -0.049556877464056015, 0.02310100570321083, 0.9992890357971191, -0.029798002913594246, 0.03651917353272438, 0.9992015361785889, -0.016204088926315308, 0.035945694893598557, 0.9992842078208923, -0.011782899498939514, 0.02020232006907463, 0.9997258186340332, -0.011839130893349648, 0.009279517456889153, 0.9999517202377319, -0.0032221085857599974, 0.007424673996865749, 0.9999515414237976, -0.006468852516263723]
            ta (float, 388):  [0.9999998211860657, 0.0005245433421805501, -1.9111173088504074e-08, 1.0, 0.9995010495185852, -0.03158329427242279, -7.047568942653015e-05, 1.0, 0.9992726445198059, -0.03813381493091583, -7.202834967756644e-05, 1.0, 0.999336838722229, -0.036414019763469696, -7.248995825648308e-05, 1.0, 0.9996306896209717, -0.02717481181025505, -3.919110895367339e-05, 1.0, 0.9999867677688599, -0.005143251270055771, -1.1587242624955252e-05, 1.0, 0.9998161792755127, 0.019174179062247276, -0.0001767807552823797, 1.0, 0.999437689781189, 0.0335296131670475, -0.0002778366324491799, 1.0, 0.9990142583847046, 0.04439014568924904, -0.0002788605634123087, 1.0, 0.9993488192558289, 0.03608061373233795, -0.00015364369028247893, 1.0, 0.9999185800552368, 0.012757821939885616, -0.00013095117174088955, 1.0, 0.9999136328697205, -0.013143286108970642, 0.0001329740189248696, 1.0, 0.9997956156730652, -0.020215023308992386, 0.00030163643532432616, 1.0, 0.9998287558555603, -0.018500637263059616, 0.0002964094455819577, 1.0, 0.999978244304657, -0.00660046748816967, 0.0002584149478934705, 1.0, 0.9999641180038452, 0.008474637754261494, 2.902765481849201e-05, 1.0, 0.9997773766517639, 0.021103356033563614, -6.8932549766032025e-06, 1.0, 0.9997830390930176, 0.020832592621445656, 8.010469900909811e-05, 1.0, 0.9998945593833923, 0.014527073130011559, -7.396218279609457e-05, 1.0, 0.9999164938926697, 0.01291452907025814, -0.0002631019160617143, 1.0, 0.9997438788414001, 0.022630013525485992, -9.530559327686206e-05, 1.0, 0.9997172355651855, 0.023777684196829796, 4.944921602145769e-05, 1.0, 0.9989222288131714, 0.046415552496910095, 0.00010450414993101731, 1.0, 0.9979048371315002, 0.06470061838626862, 5.118872650200501e-05, 1.0, 0.9984197020530701, 0.05619600787758827, 5.3462645155377686e-05, 1.0, 0.9994333982467651, 0.03365768864750862, 5.9677047829609364e-05, 1.0, 0.9999976754188538, -0.002097019460052252, 0.0001388788514304906, 1.0, 0.9994843006134033, -0.032110389322042465, -3.279860902694054e-05, 1.0, 0.9985167384147644, -0.05444585531949997, 3.7920653994660825e-05, 1.0, 0.9982821345329285, -0.058589622378349304, 8.734300354262814e-05, 1.0, 0.9991121888160706, -0.04212933033704758, 6.294395279837772e-05, 1.0, 0.9989842176437378, -0.04506305232644081, 1.0958885923173511e-06, 1.0, 0.9994641542434692, -0.03273109719157219, -8.73069166118512e-06, 1.0, 0.9998577833175659, -0.016867507249116898, 7.190037649706937e-06, 1.0, 0.9995574355125427, -0.029747413471341133, -6.560341716976836e-05, 1.0, 0.999439537525177, -0.03347524255514145, -3.0328044886118732e-05, 1.0, 0.9994354844093323, -0.03359444811940193, 5.990040153847076e-05, 1.0, 0.9998970031738281, -0.014351410791277885, 3.978174936491996e-05, 1.0, 0.9999980330467224, 0.0019765151664614677, 0.0001537399075459689, 1.0, 1.0, 0.0001522054517408833, 2.6771773264044896e-05, 1.0, 0.9995768070220947, 0.02909001149237156, -3.120752080576494e-05, 1.0, 0.9997830986976624, 0.02082752250134945, -0.00011671691754600033, 1.0, 0.9999971389770508, 0.0024160679895430803, 1.8574495470602415e-06, 1.0, 0.9999597072601318, -0.008979450911283493, 0.0001224212464876473, 1.0, 0.9999841451644897, -0.005617640446871519, -5.6517623306717724e-05, 1.0, 0.9999844431877136, 0.005565722472965717, -8.253791747847572e-05, 1.0, 0.9999518394470215, 0.00981298927217722, -0.0001809131063055247, 1.0, 0.9997521042823792, 0.022264279425144196, -3.9786020352039486e-05, 1.0, 0.9996112585067749, 0.027879633009433746, 3.112433842034079e-05, 1.0, 0.9997265338897705, 0.023386390879750252, 2.4118900910252705e-05, 1.0, 0.9998859763145447, 0.015099403448402882, 4.9735412176232785e-05, 1.0, 0.9999852180480957, 0.005446024239063263, 5.045269790571183e-05, 1.0, 0.9999709725379944, 0.007626975886523724, -4.025441285193665e-06, 1.0, 0.9999276399612427, 0.012026367709040642, -6.364892215060536e-06, 1.0, 0.9997868537902832, 0.020645130425691605, 1.5871746654738672e-05, 1.0, 0.9992262125015259, 0.03933209180831909, 4.96842731081415e-05, 1.0, 0.999173104763031, 0.040659431368112564, 3.2733230909798294e-05, 1.0, 0.9999470710754395, 0.010258863680064678, 0.0007317481795325875, 1.0, 0.9999821186065674, -0.005958672147244215, -0.0003963379713241011, 1.0, 0.9996172785758972, -0.027662912383675575, -2.7312709789839573e-05, 1.0, 0.9990991353988647, -0.04243746027350426, 1.9031060219276696e-05, 1.0, 0.9991897940635681, -0.04024594649672508, -1.0598481736678877e-07, 1.0, 0.9996765851974487, -0.025430839508771896, -2.380948353675194e-05, 1.0, 0.9998741149902344, -0.015863223001360893, 1.8335992990614614e-07, 1.0, 0.9998276233673096, -0.01856253854930401, 1.6871950720087625e-05, 1.0, 0.9999266266822815, -0.012114215642213821, -1.5827508832444437e-05, 1.0, 0.9995293021202087, -0.030679641291499138, 9.868405868473928e-06, 1.0, 0.9994299411773682, -0.03375907987356186, 5.198442522669211e-06, 1.0, 0.9992163181304932, -0.03958295285701752, -1.215124393638689e-05, 1.0, 0.999691367149353, -0.024843811988830566, -7.488681876566261e-05, 1.0, 0.9999048113822937, -0.013795347884297371, 2.316309519301285e-06, 1.0, 0.9999930262565613, -0.003711097640916705, 0.00022992613958194852, 1.0, 0.9998233914375305, 0.018796825781464577, 0.00010765432671178132, 1.0, 0.9999405145645142, 0.010901427827775478, 1.6519094060640782e-05, 1.0, 0.9999999403953552, 0.0002912212803494185, -3.297808461866225e-06, 1.0, 0.9999916553497314, -0.004080158658325672, -2.05722390091978e-05, 1.0, 0.9999979138374329, 0.0020672872196882963, -6.545301584992558e-05, 1.0, 0.9997844696044922, 0.02076040953397751, 1.5924641729725408e-06, 1.0, 0.9997819066047668, 0.02088111639022827, 4.1329807572765276e-05, 1.0, 0.9995914697647095, 0.028577184304594994, 3.744927380466834e-05, 1.0, 0.9995039105415344, 0.03149274364113808, -4.287119736545719e-06, 1.0, 0.9997208118438721, 0.02362935058772564, -2.2805295884609222e-05, 1.0, 0.9998541474342346, 0.017079167068004608, -6.24590370534861e-08, 1.0, 0.9999647736549377, 0.008396615274250507, -1.2063200301781762e-05, 1.0, 0.9999892115592957, 0.004638932179659605, 4.595577138388762e-06, 1.0, 0.9999448657035828, 0.010501652024686337, 3.817203833023086e-07, 1.0, 0.9999424815177917, 0.010727128013968468, -1.6890340702957474e-05, 1.0, 0.9996877312660217, 0.024987205862998962, -1.7448575817979872e-05, 1.0, 0.9996645450592041, 0.025896159932017326, -0.00037289128522388637, 1.0, 0.9999914765357971, 0.004144641105085611, 0.00012756200158037245, 1.0, 0.9999618530273438, -0.008722958154976368, 0.0005344625096768141, 1.0, 0.999733030796051, -0.023105351254343987, 0.0001985145645448938, 1.0, 0.9993327856063843, -0.03652365505695343, 1.947068994923029e-05, 1.0, 0.9993536472320557, -0.035948168486356735, 1.8650447373147472e-06, 1.0, 0.9997958540916443, -0.020204322412610054, -4.974168768967502e-05, 1.0, 0.9999570250511169, -0.009279548190534115, 5.875544502487173e-06, 1.0, 0.999972403049469, -0.007424892857670784, -9.696133020042907e-06, 1.0]
            u0 (float, 194):  [0.5, 0.5, 0.6652675867080688, 0.5, 0.6515876650810242, 0.46984732151031494, 0.6454499363899231, 0.43975263833999634, 0.6262286305427551, 0.4156567454338074, 0.6179109811782837, 0.3820890188217163, 0.5845199823379517, 0.37350690364837646, 0.5616752505302429, 0.35110270977020264, 0.5311841368675232, 0.34322667121887207, 0.5, 0.3381270170211792, 0.4694521427154541, 0.3464255928993225, 0.44028085470199585, 0.3558252453804016, 0.41310980916023254, 0.36995965242385864, 0.3934362232685089, 0.3934362530708313, 0.3711186349391937, 0.4138842225074768, 0.35750076174736023, 0.4409748911857605, 0.34010791778564453, 0.46819549798965454, 0.3428025543689728, 0.5, 0.35178565979003906, 0.5294816493988037, 0.3614242970943451, 0.5573999285697937, 0.37073951959609985, 0.5863690972328186, 0.3822162449359894, 0.6177837550640106, 0.41672879457473755, 0.6246241629123688, 0.43981045484542847, 0.6453104019165039, 0.46823516488075256, 0.6596925854682922, 0.5, 0.6515471041202545, 0.5318812727928162, 0.6602778732776642, 0.563072919845581, 0.6522715389728546, 0.5910123586654663, 0.636209636926651, 0.6073175072669983, 0.6073174774646759, 0.6377221345901489, 0.5920229852199554, 0.6417455077171326, 0.5587129294872284, 0.6602146625518799, 0.5318686664104462, 0.836939811706543, 0.5, 0.8117793798446655, 0.4379832148551941, 0.8084005117416382, 0.372256338596344, 0.7787430882453918, 0.31374984979629517, 0.7384563088417053, 0.2615436911582947, 0.6683500409126282, 0.24804633855819702, 0.633359432220459, 0.17804181575775146, 0.5633578896522522, 0.1814783215522766, 0.5, 0.19369328022003174, 0.44343119859695435, 0.21560943126678467, 0.3699210286140442, 0.18596160411834717, 0.3055354058742523, 0.20896315574645996, 0.2580442428588867, 0.2580442428588867, 0.22783078253269196, 0.3181423544883728, 0.19309191405773163, 0.37287449836730957, 0.19701692461967468, 0.4397329092025757, 0.2080264538526535, 0.5, 0.16063058376312256, 0.5675047636032104, 0.19024695456027985, 0.6283039152622223, 0.23435333371162415, 0.6774994134902954, 0.25800037384033203, 0.741999626159668, 0.337738573551178, 0.7428413927555084, 0.3895961344242096, 0.76653853058815, 0.4413853883743286, 0.7946754842996597, 0.5, 0.8440051674842834, 0.5597662329673767, 0.8004651963710785, 0.6101565957069397, 0.7659415602684021, 0.663425862789154, 0.7445840537548065, 0.7047813534736633, 0.7047813534736633, 0.7859635353088379, 0.6910747289657593, 0.8226696252822876, 0.6336541175842285, 0.7800377011299133, 0.5557029545307159, 0.9907649755477905, 0.5, 0.9136267304420471, 0.4177245497703552, 0.9798309803009033, 0.3012474775314331, 0.8560073375701904, 0.2621235251426697, 0.8559614419937134, 0.14403855800628662, 0.7203456163406372, 0.1702294945716858, 0.6822574138641357, 0.05999171733856201, 0.5885226130485535, 0.054966866970062256, 0.5, 0.09205955266952515, 0.396632581949234, -0.019663095474243164, 0.3239501714706421, 0.07497811317443848, 0.22114214301109314, 0.08265972137451172, 0.2049212008714676, 0.2049211859703064, 0.13659794628620148, 0.2571825385093689, 0.016346685588359833, 0.2996642589569092, 0.04086529463529587, 0.4086724519729614, -0.03671454265713692, 0.5, 0.016207456588745117, 0.5962323248386383, 0.0018640572670847178, 0.70633465051651, 0.13286177814006805, 0.7453139126300812, 0.16900654137134552, 0.8309934586286545, 0.20696742832660675, 0.9385542385280132, 0.3485540449619293, 0.8656229078769684, 0.4080294966697693, 0.9623669162392616, 0.5, 0.8910123407840729, 0.582878053188324, 0.9166562482714653, 0.6734013557434082, 0.9186279401183128, 0.7370239496231079, 0.854731410741806, 0.7825726270675659, 0.7825726121664047, 0.8329028487205505, 0.7224385738372803, 0.9535754323005676, 0.6878770887851715, 1.011831283569336, 0.601809561252594]
            tri (int, 480):  [0, 2, 1, 0, 3, 2, 0, 4, 3, 0, 5, 4, 0, 6, 5, 0, 7, 6, 0, 8, 7, 0, 9, 8, 0, 10, 9, 0, 11, 10, 0, 12, 11, 0, 13, 12, 0, 14, 13, 0, 15, 14, 0, 16, 15, 0, 17, 16, 0, 18, 17, 0, 19, 18, 0, 20, 19, 0, 21, 20, 0, 22, 21, 0, 23, 22, 0, 24, 23, 0, 25, 24, 0, 26, 25, 0, 27, 26, 0, 28, 27, 0, 29, 28, 0, 30, 29, 0, 31, 30, 0, 32, 31, 0, 1, 32, 1, 34, 33, 1, 2, 34, 2, 35, 34, 2, 3, 35, 3, 36, 35, 3, 4, 36, 4, 37, 36, 4, 5, 37, 5, 38, 37, 5, 6, 38, 6, 39, 38, 6, 7, 39, 7, 40, 39, 7, 8, 40, 8, 41, 40, 8, 9, 41, 9, 42, 41, 9, 10, 42, 10, 43, 42, 10, 11, 43, 11, 44, 43, 11, 12, 44, 12, 45, 44, 12, 13, 45, 13, 46, 45, 13, 14, 46, 14, 47, 46, 14, 15, 47, 15, 48, 47, 15, 16, 48, 16, 49, 48, 16, 17, 49, 17, 50, 49, 17, 18, 50, 18, 51, 50, 18, 19, 51, 19, 52, 51, 19, 20, 52, 20, 53, 52, 20, 21, 53, 21, 54, 53, 21, 22, 54, 22, 55, 54, 22, 23, 55, 23, 56, 55, 23, 24, 56, 24, 57, 56, 24, 25, 57, 25, 58, 57, 25, 26, 58, 26, 59, 58, 26, 27, 59, 27, 60, 59, 27, 28, 60, 28, 61, 60, 28, 29, 61, 29, 62, 61, 29, 30, 62, 30, 63, 62, 30, 31, 63, 31, 64, 63, 31, 32, 64, 32, 33, 64, 33, 32, 1, 33, 66, 65, 33, 34, 66, 34, 67, 66, 34, 35, 67, 35, 68, 67, 35, 36, 68, 36, 69, 68, 36, 37, 69, 37, 70, 69, 37, 38, 70, 38, 71, 70, 38, 39, 71, 39, 72, 71, 39, 40, 72, 40, 73, 72, 40, 41, 73, 41, 74, 73, 41, 42, 74, 42, 75, 74, 42, 43, 75, 43, 76, 75, 43, 44, 76, 44, 77, 76, 44, 45, 77, 45, 78, 77, 45, 46, 78, 46, 79, 78, 46, 47, 79, 47, 80, 79, 47, 48, 80, 48, 81, 80, 48, 49, 81, 49, 82, 81, 49, 50, 82, 50, 83, 82, 50, 51, 83, 51, 84, 83, 51, 52, 84, 52, 85, 84, 52, 53, 85, 53, 86, 85, 53, 54, 86, 54, 87, 86, 54, 55, 87, 55, 88, 87, 55, 56, 88, 56, 89, 88, 56, 57, 89, 57, 90, 89, 57, 58, 90, 58, 91, 90, 58, 59, 91, 59, 92, 91, 59, 60, 92, 60, 93, 92, 60, 61, 93, 61, 94, 93, 61, 62, 94, 62, 95, 94, 62, 63, 95, 63, 96, 95, 63, 64, 96, 64, 65, 96, 65, 64, 33]
            boundingsphere (float, 4):  [-0.25679540634155273, 0.20631873607635498, 0.5912966728210449, 11.249291120653107]
            aabb:
                min (float, 3):  [-11.077788352966309, 0.06703744828701019, -9.543252944946289]
                max (float, 3):  [10.564197540283203, 0.3456000089645386, 10.725846290588379]
            material:
                shader (str, 1):  ['PdxMeshAdvanced']
                diff (str, 1):  ['air_winter_tropical_coast_monsoon_phase_2_diff.dds']
                spec (str, 1):  ['air_winter_tropical_coast_monsoon_spec.dds']
                n (str, 1):  ['air_winter_tropical_coast_monsoon_n.dds']
locator:
