pdxasset (int, 2):  [1, 0]
object:
    air_winter_static_snow_frost:
        mesh:
            p (float, 36):  [-4.112521648406982, -2.99316143989563, -3.2402963638305664, 4.471903324127197, -2.99316143989563, -2.7229466438293457, 4.112521648406982, 3.1931612491607666, 3.2402963638305664, -4.471903324127197, 3.1931612491607666, 2.7229466438293457, -0.18482446670532227, -3.5608646869659424, -4.775116443634033, 3.8633785247802734, -3.5608646869659424, 2.8125085830688477, 0.18482446670532227, 3.960864782333374, 4.775116443634033, -3.8633785247802734, 3.960864782333374, -2.8125085830688477, 2.762406826019287, -3.872271776199341, -3.455612897872925, -0.8774044513702393, -3.872271776199341, 4.336163520812988, -2.762406826019287, 4.472271919250488, 3.455612897872925, 0.8774044513702393, 4.472271919250488, -4.336163520812988]
            n (float, 36):  [0.043273285031318665, 0.6946583986282349, -0.7180370092391968, 0.04327328875660896, 0.6946583986282349, -0.7180370092391968, 0.043273285031318665, 0.6946583986282349, -0.7180370092391968, 0.04327328875660896, 0.6946583986282349, -0.7180370092391968, 0.7716611623764038, 0.4848096966743469, -0.41170209646224976, 0.7716611623764038, 0.4848096966743469, -0.41170209646224976, 0.7716611623764038, 0.4848096966743469, -0.41170209646224976, 0.7716611623764038, 0.4848096966743469, -0.41170209646224976, 0.8791077733039856, 0.2419220358133316, 0.4106619656085968, 0.8791077733039856, 0.2419220358133316, 0.4106619656085968, 0.8791077733039856, 0.2419220358133316, 0.4106619656085968, 0.8791077733039856, 0.2419220358133316, 0.4106619656085968]
            ta (float, 48):  [0.9981889128684998, -2.5878041931548523e-09, 0.06015694513916969, 1.0, 0.9981889128684998, -5.175607942220495e-09, 0.06015694513916969, 1.0, 0.9981889128684998, -2.5878041931548523e-09, 0.06015694513916969, 1.0, 0.9981889128684998, -5.175607942220495e-09, 0.06015694513916969, 1.0, 0.4707213044166565, 0.0, 0.882282018661499, 1.0, 0.4707212448120117, 0.0, 0.8822819590568542, 1.0, 0.4707213044166565, 0.0, 0.882282018661499, 1.0, 0.4707212448120117, 0.0, 0.8822819590568542, 1.0, -0.4232338070869446, 7.20983761581806e-09, 0.90602046251297, 1.0, -0.4232337772846222, 7.20983761581806e-09, 0.90602046251297, 1.0, -0.4232338070869446, 7.20983761581806e-09, 0.90602046251297, 1.0, -0.4232337772846222, 7.20983761581806e-09, 0.90602046251297, 1.0]
            u0 (float, 24):  [0.0, 1.0, 1.0, 1.0, 1.0, 0.0, 0.0, 0.0, 0.0, 1.0, 1.0, 1.0, 1.0, 0.0, 0.0, 0.0, 0.0, 1.0, 1.0, 1.0, 1.0, 0.0, 0.0, 0.0]
            tri (int, 18):  [0, 2, 1, 0, 3, 2, 4, 6, 5, 4, 7, 6, 8, 10, 9, 8, 11, 10]
            boundingsphere (float, 4):  [0.0, 0.30000007152557373, 0.0, 6.185246066700956]
            aabb:
                min (float, 3):  [-4.471903324127197, -3.872271776199341, -4.775116443634033]
                max (float, 3):  [4.471903324127197, 4.472271919250488, 4.775116443634033]
            material:
                shader (str, 1):  ['PdxMeshAlphaBlend']
                diff (str, 1):  ['air_winter_static_snow_frost_diff.dds']
                spec (str, 1):  ['air_winter_static_snow_frost_spec.dds']
                n (str, 1):  ['air_winter_static_snow_frost_n.dds']
locator:
