pdxasset (int, 2):  [1, 0]
object:
    air_winter_temperate_maritime_phase_2:
        mesh:
            p (float, 291):  [0.0, 0.3456000089645386, 0.0, 3.3275952339172363, 0.23327581584453583, 0.0, 3.301612138748169, 0.19372686743736267, 0.6567314863204956, 3.022331714630127, 0.16969387233257294, 1.251890778541565, 2.7173473834991455, 0.16927742958068848, 1.8156734704971313, 2.2809672355651855, 0.19261789321899414, 2.2809672355651855, 1.9124822616577148, 0.2318481057882309, 2.862231969833374, 1.2201377153396606, 0.2737451195716858, 2.9456729888916016, 0.6121370792388916, 0.3041870594024658, 3.077420949935913, 1.9460969745438715e-16, 0.312913179397583, 3.178217649459839, -0.619994580745697, 0.2969822287559509, 3.1169233322143555, -1.2253592014312744, 0.26176390051841736, 2.9582786560058594, -1.7670859098434448, 0.21912893652915955, 2.6446311473846436, -2.2083852291107178, 0.18344788253307343, 2.2083852291107178, -2.661823034286499, 0.16674742102622986, 1.7785733938217163, -2.952871322631836, 0.17465665936470032, 1.2231192588806152, -3.225665330886841, 0.2045096606016159, 0.6416247487068176, -3.1568734645843506, 0.2462441772222519, 3.8660550417310674e-16, -3.050139904022217, 0.28579312562942505, -0.6067105531692505, -2.9168763160705566, 0.309826135635376, -1.208209753036499, -2.7265872955322266, 0.31024256348609924, -1.8218473196029663, -2.2797045707702637, 0.2869020998477936, -2.2797045707702637, -1.8599520921707153, 0.24767188727855682, -2.7836148738861084, -1.290718674659729, 0.20577488839626312, -3.116070508956909, -0.6307815909385681, 0.1753329336643219, -3.1711530685424805, -5.731629490888699e-16, 0.1666068136692047, -3.1201536655426025, 0.6527447700500488, 0.1825377643108368, -3.281569480895996, 1.284206509590149, 0.21775609254837036, -3.100348711013794, 1.7926487922668457, 0.2603910565376282, -2.6828885078430176, 2.3481829166412354, 0.2960721254348755, -2.3481829166412354, 2.6539273262023926, 0.31277257204055786, -1.7732975482940674, 3.1531670093536377, 0.3048633337020874, -1.3060845136642456, 3.3188302516937256, 0.275010347366333, -0.6601563692092896, 6.947305679321289, 0.1598358154296875, 0.0, 7.041934967041016, 0.12028686702251434, 1.4007279872894287, 5.676609039306641, 0.0962538793683052, 2.3513283729553223, 5.481870174407959, 0.09583742916584015, 3.6628684997558594, 4.850960731506348, 0.11917789280414581, 4.850960731506348, 3.867305040359497, 0.15840810537338257, 5.7878313064575195, 2.4378559589385986, 0.20030511915683746, 5.885505199432373, 1.1722763776779175, 0.2307470738887787, 5.893431663513184, 4.1083297580518467e-16, 0.23947319388389587, 6.709412097930908, -1.1627777814865112, 0.2235422283411026, 5.845678806304932, -2.6110222339630127, 0.18832391500473022, 6.30356502532959, -3.233367919921875, 0.14568893611431122, 4.839076995849609, -4.56978702545166, 0.1100078746676445, 4.56978702545166, -5.403657913208008, 0.09330742806196213, 3.6106088161468506, -5.526619911193848, 0.10121665149927139, 2.289200782775879, -6.374667644500732, 0.13106966018676758, 1.2680002450942993, -6.528095245361328, 0.17280417680740356, 7.994610887772163e-16, -6.21814489364624, 0.21235314011573792, -1.2368659973144531, -6.556876182556152, 0.23638612031936646, -2.715947151184082, -5.86496639251709, 0.23680256307125092, -3.9188454151153564, -5.0125885009765625, 0.21346211433410645, -5.0125885009765625, -3.423208236694336, 0.1742318868637085, -5.123193264007568, -2.2375848293304443, 0.1323348879814148, -5.402008056640625, -1.2389785051345825, 0.10189292579889297, -6.228765964508057, -1.0972500797632465e-15, 0.09316681325435638, -5.973151206970215, 1.3310513496398926, 0.10909776389598846, -6.691647529602051, 2.3678693771362305, 0.14431609213352203, -5.7165422439575195, 3.330254077911377, 0.18695107102394104, -4.984077453613281, 4.396344184875488, 0.22263212502002716, -4.396344184875488, 5.312509059906006, 0.23933257162570953, -3.5497050285339355, 6.343422889709473, 0.23142334818840027, -2.6275317668914795, 6.347688674926758, 0.2015703320503235, -1.2626338005065918, 8.97012996673584, 0.09059146791696548, 0.0, 9.966650009155273, 0.0766330137848854, 1.9824899435043335, 7.538482666015625, 0.06815078109502792, 3.122541904449463, 7.216129302978516, 0.06800379604101181, 4.8216633796691895, 7.208179473876953, 0.07624161243438721, 7.208179473876953, 5.777088642120361, 0.09008757025003433, 8.646023750305176, 3.190411329269409, 0.10487474501132965, 7.702334403991699, 1.6049243211746216, 0.11561896651983261, 8.068499565124512, 5.8895487253880145e-16, 0.11869877576828003, 9.618363380432129, -1.9695605039596558, 0.11307608336210251, 9.901649475097656, -3.087128162384033, 0.10064608603715897, 7.452986717224121, -5.22219705581665, 0.08559844642877579, 7.81557035446167, -6.283751010894775, 0.07300513237714767, 6.283751010894775, -6.889235496520996, 0.06711085885763168, 4.603240013122559, -7.906716823577881, 0.06990234553813934, 3.27506947517395, -8.750118255615234, 0.08043870329856873, 1.740506649017334, -9.495582580566406, 0.09516853094100952, 1.1628735338352998e-15, -8.210664749145508, 0.1091269850730896, -1.6332026720046997, -9.221470832824707, 0.11760921776294708, -3.8196582794189453, -8.979784965515137, 0.1177562028169632, -6.000100135803223, -7.200353145599365, 0.1095183938741684, -7.200353145599365, -4.573091983795166, 0.09567242860794067, -6.8441162109375, -3.8537886142730713, 0.08088525384664536, -9.303868293762207, -1.9556034803390503, 0.0701410323381424, -9.831482887268066, -1.477618800936381e-15, 0.06706123054027557, -8.043782234191895, 1.8016058206558228, 0.0726839154958725, -9.057283401489258, 3.8587021827697754, 0.08511391282081604, -9.315731048583984, 6.125744342803955, 0.10016155242919922, -9.167823791503906, 7.7491302490234375, 0.11275486648082733, -7.7491302490234375, 8.165260314941406, 0.11864914000034332, -5.45585298538208, 9.129297256469727, 0.11585765331983566, -3.7814788818359375, 10.840059280395508, 0.10532129555940628, -2.156221866607666]
            n (float, 291):  [-0.0006114059942774475, 0.9999997615814209, 0.0003007623599842191, 0.0270591638982296, 0.9984265565872192, 0.04911496117711067, 0.0224264208227396, 0.9985740780830383, 0.04844367876648903, 0.028799468651413918, 0.9990474581718445, 0.03278172388672829, 0.03999379649758339, 0.9991714954376221, 0.007542728446424007, 0.05646254122257233, 0.9983814358711243, -0.006815400440245867, 0.05303633585572243, 0.9985788464546204, -0.005228313617408276, 0.04651288688182831, 0.9989026188850403, 0.005493927281349897, 0.030232848599553108, 0.9994634389877319, 0.012604461051523685, -0.0046012685634195805, 0.9998587965965271, 0.016162581741809845, -0.03647394850850105, 0.9992563128471375, 0.012509388849139214, -0.056995730847120285, 0.9983720183372498, 0.002178744412958622, -0.06291251629590988, 0.9980126023292542, -0.0035817548632621765, -0.049752868711948395, 0.9987537860870361, 0.0039346120320260525, -0.03499375656247139, 0.9992524981498718, 0.016430072486400604, -0.026303349062800407, 0.9988533854484558, 0.040001630783081055, -0.02174084261059761, 0.9983723163604736, 0.052726514637470245, -0.02683521807193756, 0.9983741044998169, 0.050290677696466446, -0.028371499851346016, 0.998834490776062, 0.039047691971063614, -0.021160779520869255, 0.9997018575668335, 0.012187348678708076, -0.0046497792936861515, 0.9997918605804443, -0.019864538684487343, 0.016269473358988762, 0.9989405274391174, -0.04304775968194008, 0.030027713626623154, 0.9981579184532166, -0.05271754786372185, 0.0309921782463789, 0.9983054995536804, -0.04925039783120155, 0.023186245933175087, 0.9987756013870239, -0.043701305985450745, -0.008903834037482738, 0.9990185499191284, -0.04339034855365753, -0.030638262629508972, 0.9987143278121948, -0.040385451167821884, -0.029540404677391052, 0.9985183477401733, -0.04570051655173302, -0.027958901599049568, 0.9983426332473755, -0.05030205473303795, -0.01058473251760006, 0.9991786479949951, -0.03911491110920906, 0.008443997241556644, 0.9998443126678467, -0.01549366395920515, 0.024060582742094994, 0.999622106552124, 0.013293507508933544, 0.029745925217866898, 0.9987553358078003, 0.04003557935357094, 0.02328675054013729, 0.9993617534637451, 0.027088945731520653, 0.013687271624803543, 0.9995579719543457, 0.026390137150883675, 0.014530369080603123, 0.9996642470359802, 0.021454215049743652, 0.022615453228354454, 0.9997437596321106, -0.0009351936168968678, 0.030423138290643692, 0.9995242357254028, -0.005078180693089962, 0.02597225084900856, 0.9996232390403748, 0.008875878527760506, 0.02625148557126522, 0.999354898929596, 0.02450696937739849, 0.027992159128189087, 0.9991843700408936, 0.029102375730872154, 0.008559606038033962, 0.9994385838508606, 0.03239264711737633, -0.028996188193559647, 0.9993422031402588, 0.021779488772153854, -0.037716805934906006, 0.9991207718849182, 0.018308239057660103, -0.04282418265938759, 0.9990820288658142, 0.0010488483821973205, -0.025305768474936485, 0.9996784329414368, 0.0016130035510286689, -0.018290000036358833, 0.9998160600662231, 0.005782987456768751, -0.01393748726695776, 0.9996203184127808, 0.023768145591020584, -0.015500733628869057, 0.9993529915809631, 0.03245340660214424, -0.026052996516227722, 0.9993622303009033, 0.024419531226158142, -0.035399455577135086, 0.9991109371185303, 0.02289453148841858, -0.03811528906226158, 0.9992241859436035, 0.009905296377837658, -0.017740583047270775, 0.9996410608291626, -0.020074529573321342, 0.004733994137495756, 0.9990071058273315, -0.0442986823618412, 0.015985902398824692, 0.9989637136459351, -0.042612284421920776, 0.015321118757128716, 0.9994056224822998, -0.030880799517035484, 0.011893434450030327, 0.9997556209564209, -0.01863517239689827, -0.005532294977456331, 0.9997572302818298, -0.021327262744307518, -0.016569672152400017, 0.9996436834335327, -0.020926441997289658, -0.016887709498405457, 0.9994268417358398, -0.029341327026486397, -0.013223531655967236, 0.9992772340774536, -0.035641271620988846, 0.004209593404084444, 0.9995721578598022, -0.028946528211236, 0.020317714661359787, 0.9996264576911926, -0.01828349567949772, 0.02836032584309578, 0.9995898604393005, -0.003979879431426525, 0.028628095984458923, 0.9993264079093933, 0.022961199283599854, 0.025666188448667526, 0.9994977712631226, 0.018588822335004807, 0.015697963535785675, 0.9997356534004211, 0.016797786578536034, 0.010108347050845623, 0.9998026490211487, 0.017108343541622162, 0.018960706889629364, 0.9998175501823425, -0.0023070157039910555, 0.023054132238030434, 0.999734103679657, -0.00042662667692638934, 0.018708277493715286, 0.999765157699585, 0.010937897488474846, 0.012521740980446339, 0.9992488026618958, 0.03667400777339935, 0.03229423984885216, 0.9984910488128662, 0.04441406950354576, 0.004331888630986214, 0.9993683099746704, 0.03527511656284332, -0.022041575983166695, 0.9992921352386475, 0.03048604354262352, -0.03463081270456314, 0.9991205334663391, 0.02364111691713333, -0.024836452677845955, 0.9996471405029297, 0.0094147939234972, -0.020852312445640564, 0.9997796416282654, 0.002426701132208109, -0.014689699746668339, 0.9998802542686462, 0.004852298181504011, -0.010382152162492275, 0.9998106956481934, 0.01645471714437008, -0.016994766891002655, 0.9995636940002441, 0.024158773943781853, -0.02811952494084835, 0.9995126724243164, 0.013553583063185215, -0.04715878516435623, 0.9987781643867493, 0.014771449379622936, -0.04193555563688278, 0.9991189241409302, 0.0016702926950529218, -0.02554340660572052, 0.9994444251060486, -0.02140980400145054, -0.00740772346034646, 0.9991797804832458, -0.03981178626418114, 0.007071652449667454, 0.9991201162338257, -0.04133879765868187, 0.004725604318082333, 0.9998564720153809, -0.016268368810415268, 0.008847823366522789, 0.999876856803894, -0.012960807420313358, -0.001540808822028339, 0.9999067783355713, -0.0135652432218194, -0.012336695566773415, 0.999754786491394, -0.018389783799648285, -0.01100054569542408, 0.9996755123138428, -0.022977128624916077, -0.004115269985049963, 0.9996759295463562, -0.02512218803167343, 0.00950037781149149, 0.9997124075889587, -0.022021032869815826, 0.026413490995764732, 0.99948650598526, -0.01813988760113716, 0.02949988655745983, 0.9995156526565552, -0.009906981140375137, 0.028653286397457123, 0.9995439052581787, 0.009544366970658302]
            ta (float, 388):  [0.9999997615814209, 0.000611405645031482, -2.6213697879029496e-08, 1.0, 0.999632716178894, -0.027098888531327248, 0.00014299014583230019, 1.0, 0.9997478723526001, -0.022453928366303444, 2.3607110051671043e-05, 1.0, 0.9995847940444946, -0.028814241290092468, -2.183806645916775e-05, 1.0, 0.9991998672485352, -0.0399949811398983, 6.178146122692851e-06, 1.0, 0.9984046220779419, -0.05646401271224022, -2.3616616090293974e-05, 1.0, 0.9985924959182739, -0.05303726717829704, -3.948119774577208e-05, 1.0, 0.9989175796508789, -0.04651382192969322, 4.303110472392291e-05, 1.0, 0.9995428323745728, -0.030235933139920235, 5.4113628721097484e-05, 1.0, 0.99998939037323, 0.004601953085511923, -5.172543751541525e-06, 1.0, 0.9993343949317932, 0.036477964371442795, -9.278290963266045e-05, 1.0, 0.998374342918396, 0.05699590593576431, -1.456980771763483e-05, 1.0, 0.9980190396308899, 0.06291304528713226, 3.507039218675345e-05, 1.0, 0.9987615942955017, 0.049753352999687195, -2.3729930035187863e-05, 1.0, 0.9993873834609985, 0.03499872609972954, -1.5074911061674356e-05, 1.0, 0.9996535778045654, 0.026321250945329666, 7.920862844912335e-05, 1.0, 0.9997629523277283, 0.021769976243376732, 2.1776217181468382e-05, 1.0, 0.9996387362480164, 0.026875514537096024, -0.00012516530114226043, 1.0, 0.9995966553688049, 0.0283966064453125, -8.84714609128423e-05, 1.0, 0.9997760057449341, 0.021162377670407295, -2.1984158138366183e-06, 1.0, 0.9999891519546509, 0.004649803973734379, -4.49426042905543e-05, 1.0, 0.9998672604560852, -0.016292236745357513, -0.00017799112538341433, 1.0, 0.9995474815368652, -0.03008086606860161, -0.0002149236242985353, 1.0, 0.9995174407958984, -0.031055154278874397, -0.0005139022250659764, 1.0, 0.9997305274009705, -0.023215146735310555, -0.00015389239706564695, 1.0, 0.9999602437019348, 0.008912397548556328, 3.946166998503031e-06, 1.0, 0.9995295405387878, 0.030670253559947014, 0.00017262637265957892, 1.0, 0.9995620846748352, 0.02958843484520912, 0.00037479132879525423, 1.0, 0.9996075630187988, 0.028011225163936615, 0.0003354429209139198, 1.0, 0.9999438524246216, 0.010598345659673214, 0.00014066588482819498, 1.0, 0.9999643564224243, -0.008445072919130325, -3.979439497925341e-06, 1.0, 0.9997104406356812, -0.024062825366854668, 8.756824172451161e-06, 1.0, 0.9995566606521606, -0.02977483533322811, 0.0001257699477719143, 1.0, 0.9997285604476929, -0.023297777399420738, 9.141773625742644e-05, 1.0, 0.9999062418937683, -0.013692324981093407, 1.0797884897328913e-05, 1.0, 0.999894380569458, -0.014533515088260174, -9.285374289902393e-06, 1.0, 0.9997442364692688, -0.0226154662668705, 3.3059470183616213e-07, 1.0, 0.9995370507240295, -0.03042352758347988, -5.604933051017724e-08, 1.0, 0.9996626973152161, -0.02597329206764698, 2.1949126676190645e-06, 1.0, 0.9996551275253296, -0.026260212063789368, 3.424819078645669e-05, 1.0, 0.9996078610420227, -0.028003230690956116, -2.7111116651212797e-05, 1.0, 0.9999633431434631, -0.008560804650187492, -0.00010167784057557583, 1.0, 0.9995793700218201, 0.029002586379647255, 2.2066366000217386e-05, 1.0, 0.9992879033088684, 0.0377296581864357, -0.00035730365198105574, 1.0, 0.9990825653076172, 0.04282420501112938, -9.47547789564851e-07, 1.0, 0.9996797442436218, 0.025305794551968575, 2.6888633328780998e-06, 1.0, 0.9998327493667603, 0.018290285021066666, 3.6532560443447437e-06, 1.0, 0.9999028444290161, 0.013940712437033653, 3.0043071092222817e-05, 1.0, 0.9998798370361328, 0.015505710616707802, 9.833996591623873e-05, 1.0, 0.999660313129425, 0.02606078051030636, -5.764309207734186e-07, 1.0, 0.9993727803230286, 0.0354108065366745, -9.054892871063203e-05, 1.0, 0.9992733001708984, 0.038117166608572006, -5.732953241022187e-07, 1.0, 0.9998425245285034, 0.01774463802576065, 2.3922337277326733e-05, 1.0, 0.9999887347221375, -0.0047379145398736, 1.6513051377842203e-05, 1.0, 0.9998716711997986, -0.016011394560337067, -0.0002569868811406195, 1.0, 0.9998824596405029, -0.015329037792980671, -1.9628907466540113e-05, 1.0, 0.9999293088912964, -0.011895202100276947, 1.5987539882189594e-05, 1.0, 0.9999846816062927, 0.00553390895947814, 1.6645850337226875e-05, 1.0, 0.9998626112937927, 0.016573499888181686, 9.53415747062536e-06, 1.0, 0.9998572468757629, 0.01689574308693409, 2.598340142867528e-05, 1.0, 0.9999123811721802, 0.013236292637884617, 0.00012214253365527838, 1.0, 0.9999911189079285, -0.004209659993648529, 5.865666753379628e-05, 1.0, 0.9997934699058533, -0.020320281386375427, 4.534726758720353e-05, 1.0, 0.9995977878570557, -0.028360648080706596, -2.4335520720342174e-05, 1.0, 0.9995898604393005, -0.028636489063501358, 3.675944753922522e-05, 1.0, 0.9996705651283264, -0.025670433416962624, -1.030999919748865e-05, 1.0, 0.999876856803894, -0.015699343755841255, -4.9903770559467375e-05, 1.0, 0.9999488592147827, -0.01010980736464262, -1.0462397312949179e-06, 1.0, 0.9998202919960022, -0.01896076090633869, 1.3905167861594236e-07, 1.0, 0.9997342228889465, -0.023054134100675583, 3.4525660908002465e-07, 1.0, 0.9998250007629395, -0.01870865747332573, -6.739293166901916e-05, 1.0, 0.9999215006828308, -0.01252827700227499, -5.15854662808124e-05, 1.0, 0.9994773864746094, -0.03232579305768013, -7.807234396750573e-06, 1.0, 0.9999904632568359, -0.004348520655184984, 0.00039482273859903216, 1.0, 0.999756932258606, 0.022050656378269196, 3.843475133180618e-05, 1.0, 0.9993998408317566, 0.034640442579984665, 2.203546500822995e-06, 1.0, 0.9996915459632874, 0.024836590513586998, 0.00010247907630400732, 1.0, 0.9997825622558594, 0.020852353423833847, 7.696969078097027e-06, 1.0, 0.9998920559883118, 0.014689875766634941, -3.156028185458126e-07, 1.0, 0.9999460577964783, 0.010383913293480873, -2.1602982087642886e-05, 1.0, 0.9998554587364197, 0.017002031207084656, -9.534630953567103e-05, 1.0, 0.9996045231819153, 0.028121745213866234, 2.669407876965124e-05, 1.0, 0.9988871216773987, 0.047163721174001694, 1.4050290701561607e-05, 1.0, 0.99912029504776, 0.041935618966817856, 2.6667402153179864e-07, 1.0, 0.9996735453605652, 0.02554941363632679, 7.035835096758092e-06, 1.0, 0.9999725222587585, 0.007415027357637882, 3.5818407923216e-05, 1.0, 0.9999750256538391, -0.007075828034430742, 4.5330303692026064e-05, 1.0, 0.9999887943267822, -0.004725119564682245, 6.818443944212049e-05, 1.0, 0.9999608397483826, -0.008848030120134354, 4.144368722336367e-05, 1.0, 0.9999988079071045, 0.0015409181360155344, -2.4027151539485203e-06, 1.0, 0.9999239444732666, 0.012338351458311081, -2.3409256755257957e-05, 1.0, 0.9999394416809082, 0.011001897975802422, -6.751964247087017e-05, 1.0, 0.9999915957450867, 0.0041129086166620255, -0.000145674726809375, 1.0, 0.9999548196792603, -0.00950621347874403, -0.00016034957661759108, 1.0, 0.9996509552001953, -0.026418250054121017, -2.2739786800229922e-05, 1.0, 0.9995647072792053, -0.02950121834874153, 1.1397767593734898e-05, 1.0, 0.9995893239974976, -0.028654014691710472, -6.022194793331437e-05, 1.0]
            u0 (float, 194):  [0.5, 0.5, 0.6612207293510437, 0.5, 0.6599618196487427, 0.4681816101074219, 0.6464307904243469, 0.4393463730812073, 0.6316544413566589, 0.41203129291534424, 0.6105119585990906, 0.3894880414009094, 0.5926589965820312, 0.3613259792327881, 0.5591151714324951, 0.3572832942008972, 0.529657781124115, 0.35090017318725586, 0.5, 0.3460165858268738, 0.4699614942073822, 0.34898626804351807, 0.44063183665275574, 0.3566725254058838, 0.4143853783607483, 0.37186866998672485, 0.3930045962333679, 0.3930045962333679, 0.37103569507598877, 0.4138287901878357, 0.3569345474243164, 0.44074034690856934, 0.3437177538871765, 0.46891355514526367, 0.3470506966114044, 0.5, 0.35222190618515015, 0.5293948948383331, 0.3586784601211548, 0.5585373044013977, 0.3678978979587555, 0.5882678031921387, 0.389549195766449, 0.610450804233551, 0.40988603234291077, 0.6348650753498077, 0.43746519088745117, 0.6509724259376526, 0.4694388806819916, 0.6536411345005035, 0.5, 0.6511702239513397, 0.5316252112388611, 0.6589907705783844, 0.5622193217277527, 0.6502107083797455, 0.5868531465530396, 0.6299849152565002, 0.6137685775756836, 0.6137685477733612, 0.6285817623138428, 0.5859155654907227, 0.6527697443962097, 0.5632793009281158, 0.660796046257019, 0.5319843292236328, 0.83659428358078, 0.5, 0.8411790132522583, 0.43213528394699097, 0.7750294804573059, 0.3860790729522705, 0.765594482421875, 0.3225354552268982, 0.7350271940231323, 0.2649728059768677, 0.6873694062232971, 0.21958184242248535, 0.6181131601333618, 0.214849591255188, 0.5567963123321533, 0.21446549892425537, 0.5, 0.1749315857887268, 0.4436638653278351, 0.21677911281585693, 0.37349697947502136, 0.19459474086761475, 0.3433445692062378, 0.26554858684539795, 0.27859559655189514, 0.27859562635421753, 0.23819486796855927, 0.325067400932312, 0.23223741352558136, 0.38908910751342773, 0.19114983081817627, 0.4385659098625183, 0.1837163120508194, 0.5, 0.19873328506946564, 0.5599256753921509, 0.18232189118862152, 0.6315865814685822, 0.21584464609622955, 0.6898665428161621, 0.257142037153244, 0.742857962846756, 0.3341468870639801, 0.7482167184352875, 0.391589879989624, 0.7617251873016357, 0.4399719834327698, 0.8017812967300415, 0.5, 0.7893968671560287, 0.56448894739151, 0.8242077231407166, 0.6147223711013794, 0.7769642472267151, 0.6613495349884033, 0.7414766252040863, 0.7130011916160583, 0.7130011916160583, 0.7573890089988708, 0.6719818413257599, 0.8073363900184631, 0.627302885055542, 0.8075430393218994, 0.5611741244792938, 0.9345993399620056, 0.5, 0.9828803539276123, 0.40394914150238037, 0.8652365803718567, 0.34871405363082886, 0.849618673324585, 0.2663922905921936, 0.8492335081100464, 0.1507664918899536, 0.7798976898193359, 0.08110350370407104, 0.6545742154121399, 0.12682485580444336, 0.5777579545974731, 0.1090843677520752, 0.5, 0.03399401903152466, 0.40457555651664734, 0.020268917083740234, 0.35042983293533325, 0.13890570402145386, 0.24698656797409058, 0.12133866548538208, 0.1955546885728836, 0.1955546736717224, 0.16621921956539154, 0.27697479724884033, 0.11692262440919876, 0.3413241505622864, 0.07606016844511032, 0.4156731367111206, 0.039942704141139984, 0.5, 0.10219648480415344, 0.5791280269622803, 0.05322331562638283, 0.6850609481334686, 0.0649329125881195, 0.7907025367021561, 0.15114568173885345, 0.8488543182611465, 0.27843546867370605, 0.8315947651863098, 0.3132854402065277, 0.9507688246667385, 0.40525177121162415, 0.9763315301388502, 0.5, 0.8897181302309036, 0.5872871279716492, 0.9388218931853771, 0.6869526505470276, 0.9513435624539852, 0.7967899441719055, 0.9441775232553482, 0.875442385673523, 0.8754423558712006, 0.8956037163734436, 0.7643339484930038, 0.9423109292984009, 0.6832111775875092, 1.0251966714859009, 0.6044681072235107]
            tri (int, 480):  [0, 2, 1, 0, 3, 2, 0, 4, 3, 0, 5, 4, 0, 6, 5, 0, 7, 6, 0, 8, 7, 0, 9, 8, 0, 10, 9, 0, 11, 10, 0, 12, 11, 0, 13, 12, 0, 14, 13, 0, 15, 14, 0, 16, 15, 0, 17, 16, 0, 18, 17, 0, 19, 18, 0, 20, 19, 0, 21, 20, 0, 22, 21, 0, 23, 22, 0, 24, 23, 0, 25, 24, 0, 26, 25, 0, 27, 26, 0, 28, 27, 0, 29, 28, 0, 30, 29, 0, 31, 30, 0, 32, 31, 0, 1, 32, 1, 34, 33, 1, 2, 34, 2, 35, 34, 2, 3, 35, 3, 36, 35, 3, 4, 36, 4, 37, 36, 4, 5, 37, 5, 38, 37, 5, 6, 38, 6, 39, 38, 6, 7, 39, 7, 40, 39, 7, 8, 40, 8, 41, 40, 8, 9, 41, 9, 42, 41, 9, 10, 42, 10, 43, 42, 10, 11, 43, 11, 44, 43, 11, 12, 44, 12, 45, 44, 12, 13, 45, 13, 46, 45, 13, 14, 46, 14, 47, 46, 14, 15, 47, 15, 48, 47, 15, 16, 48, 16, 49, 48, 16, 17, 49, 17, 50, 49, 17, 18, 50, 18, 51, 50, 18, 19, 51, 19, 52, 51, 19, 20, 52, 20, 53, 52, 20, 21, 53, 21, 54, 53, 21, 22, 54, 22, 55, 54, 22, 23, 55, 23, 56, 55, 23, 24, 56, 24, 57, 56, 24, 25, 57, 25, 58, 57, 25, 26, 58, 26, 59, 58, 26, 27, 59, 27, 60, 59, 27, 28, 60, 28, 61, 60, 28, 29, 61, 29, 62, 61, 29, 30, 62, 30, 63, 62, 30, 31, 63, 31, 64, 63, 31, 32, 64, 32, 33, 64, 33, 32, 1, 33, 66, 65, 33, 34, 66, 34, 67, 66, 34, 35, 67, 35, 68, 67, 35, 36, 68, 36, 69, 68, 36, 37, 69, 37, 70, 69, 37, 38, 70, 38, 71, 70, 38, 39, 71, 39, 72, 71, 39, 40, 72, 40, 73, 72, 40, 41, 73, 41, 74, 73, 41, 42, 74, 42, 75, 74, 42, 43, 75, 43, 76, 75, 43, 44, 76, 44, 77, 76, 44, 45, 77, 45, 78, 77, 45, 46, 78, 46, 79, 78, 46, 47, 79, 47, 80, 79, 47, 48, 80, 48, 81, 80, 48, 49, 81, 49, 82, 81, 49, 50, 82, 50, 83, 82, 50, 51, 83, 51, 84, 83, 51, 52, 84, 52, 85, 84, 52, 53, 85, 53, 86, 85, 53, 54, 86, 54, 87, 86, 54, 55, 87, 55, 88, 87, 55, 56, 88, 56, 89, 88, 56, 57, 89, 57, 90, 89, 57, 58, 90, 58, 91, 90, 58, 59, 91, 59, 92, 91, 59, 60, 92, 60, 93, 92, 60, 61, 93, 61, 94, 93, 61, 62, 94, 62, 95, 94, 62, 63, 95, 63, 96, 95, 63, 64, 96, 64, 65, 96, 65, 64, 33]
            boundingsphere (float, 4):  [0.6722383499145508, 0.20633062720298767, 0.03508329391479492, 11.383884964450862]
            aabb:
                min (float, 3):  [-9.495582580566406, 0.06706123054027557, -9.831482887268066]
                max (float, 3):  [10.840059280395508, 0.3456000089645386, 9.901649475097656]
            material:
                shader (str, 1):  ['PdxMeshAdvanced']
                diff (str, 1):  ['air_winter_temperate_maritime_phase_2_diff.dds']
                spec (str, 1):  ['air_winter_temperate_maritime_spec.dds']
                n (str, 1):  ['air_winter_temperate_maritime_n.dds']
locator:
