pdxasset (int, 2):  [1, 0]
object:
    air_winter_polar_subpolar_phase_4:
        mesh:
            p (float, 291):  [0.0, 0.4032000005245209, 0.0, 3.3615119457244873, 0.19645631313323975, 0.0, 3.0586702823638916, 0.22171376645565033, 0.6084073781967163, 2.9382126331329346, 0.2665228545665741, 1.2170475721359253, 2.7233848571777344, 0.3157801628112793, 1.8197076320648193, 2.1945464611053467, 0.3528830409049988, 2.1945464611053467, 1.85773766040802, 0.3653255105018616, 2.7803008556365967, 1.1824477910995483, 0.34891369938850403, 2.8546814918518066, 0.6150259375572205, 0.309179425239563, 3.0919442176818848, 2.0440732755527764e-16, 0.25951555371284485, 3.3382251262664795, -0.6604867577552795, 0.21666178107261658, 3.320491313934326, -1.2336848974227905, 0.19506247341632843, 2.9783787727355957, -1.9098565578460693, 0.20199789106845856, 2.858302354812622, -2.407841444015503, 0.23513038456439972, 2.407841444015503, -2.633328437805176, 0.283292293548584, 1.7595338821411133, -2.912569284439087, 0.3302501142024994, 1.206425666809082, -3.320855140686035, 0.3601762354373932, 0.6605591177940369, -3.3338730335235596, 0.36298370361328125, 4.082816860982751e-16, -3.349616527557373, 0.3377262353897095, -0.6662801504135132, -2.8682875633239746, 0.2929171621799469, -1.1880836486816406, -2.7298314571380615, 0.2436598241329193, -1.8240150213241577, -2.281540870666504, 0.20655697584152222, -2.281540870666504, -1.8116378784179688, 0.19411450624465942, -2.7113075256347656, -1.2777099609375, 0.21052628755569458, -3.0846645832061768, -0.6477385759353638, 0.2502605617046356, -3.256401777267456, -5.761672690736625e-16, 0.29992446303367615, -3.1365084648132324, 0.6625307202339172, 0.3427782356739044, -3.3307669162750244, 1.271018147468567, 0.36437752842903137, -3.068509101867676, 1.8630493879318237, 0.35744211077690125, -2.78825044631958, 2.331470012664795, 0.3243096172809601, -2.331470012664795, 2.762303352355957, 0.2761476933956146, -1.8457120656967163, 3.167057514190674, 0.22918987274169922, -1.3118382692337036, 3.3095145225524902, 0.1992637813091278, -0.6583033800125122, 6.494168758392334, 0.11077631264925003, 0.0, 6.001049995422363, 0.1360337734222412, 1.1936830282211304, 5.689830303192139, 0.18084284663200378, 2.356804847717285, 5.001744747161865, 0.23010016977787018, 3.3420588970184326, 4.629166126251221, 0.26720303297042847, 4.629166126251221, 3.2913169860839844, 0.27964550256729126, 4.925804138183594, 2.497241973876953, 0.2632337212562561, 6.028875350952148, 1.1737786531448364, 0.22349943220615387, 5.9009833335876465, 4.2927238014109836e-16, 0.17383554577827454, 7.010550022125244, -1.238839030265808, 0.13098177313804626, 6.22806453704834, -2.6803131103515625, 0.10938246548175812, 6.470848560333252, -3.9202582836151123, 0.11631789058446884, 5.867081165313721, -4.97772741317749, 0.1494503915309906, 4.97772741317749, -5.982387542724609, 0.19761230051517487, 3.9973034858703613, -5.995768070220947, 0.24457012116909027, 2.4835286140441895, -6.655605316162109, 0.2744962275028229, 1.3238822221755981, -6.679998397827148, 0.27730369567871094, 8.18063838123052e-16, -7.002964019775391, 0.25204622745513916, -1.39297616481781, -5.881381988525391, 0.2072371542453766, -2.436148166656494, -5.602700233459473, 0.157979816198349, -3.7436044216156006, -4.888924598693848, 0.1208769679069519, -4.888924598693848, -3.765899181365967, 0.10843450576066971, -5.636066436767578, -2.737398862838745, 0.12484629452228546, -6.608665466308594, -1.2300385236740112, 0.1645805686712265, -6.183821201324463, -1.1376607511273283e-15, 0.21424445509910583, -6.193136692047119, 1.1894875764846802, 0.2570982277393341, -5.9799580574035645, 2.4274213314056396, 0.27869752049446106, -5.860313415527344, 3.698634624481201, 0.27176210284233093, -5.535397529602051, 4.48740816116333, 0.23862960934638977, -4.48740816116333, 5.819785118103027, 0.1904677003622055, -3.8886561393737793, 5.60082483291626, 0.1435098797082901, -2.3199377059936523, 6.932035446166992, 0.1135837733745575, -1.378867506980896, 10.580047607421875, 0.07897281646728516, 0.0, 9.098433494567871, 0.08788721263408661, 1.8097909688949585, 8.340635299682617, 0.10370218008756638, 3.4548044204711914, 7.92963171005249, 0.12108711898326874, 5.298410415649414, 5.994625091552734, 0.13418224453926086, 5.994625091552734, 6.180905342102051, 0.13857370615005493, 9.250378608703613, 3.2542593479156494, 0.13278131186962128, 7.8564772605896, 1.682159662246704, 0.1187574490904808, 8.456787109375, 5.990149769742224e-16, 0.10122901201248169, 9.7826566696167, -1.9700790643692017, 0.08610415458679199, 9.904256820678711, -3.3924643993377686, 0.07848086953163147, 8.190134048461914, -4.63073205947876, 0.08092866837978363, 6.930379867553711, -5.672982692718506, 0.09262248873710632, 5.672982692718506, -8.321659088134766, 0.10962080955505371, 5.560354709625244, -9.407684326171875, 0.12619416415691376, 3.8967905044555664, -8.597400665283203, 0.1367563158273697, 1.7101293802261353, -9.150113105773926, 0.13774718344211578, 1.1205656145484868e-15, -8.889876365661621, 0.12883278727531433, -1.7683063745498657, -8.990511894226074, 0.11301781982183456, -3.723991870880127, -7.610066890716553, 0.0956328809261322, -5.084884166717529, -6.276974201202393, 0.08253775537014008, -6.276974201202393, -5.166834354400635, 0.07814629375934601, -7.7327141761779785, -3.9873602390289307, 0.08393868803977966, -9.626338958740234, -2.026170253753662, 0.09796255081892014, -10.186245918273926, -2.0171551772939656e-15, 0.11549098789691925, -10.980881690979004, 2.0652360916137695, 0.13061584532260895, -10.38264274597168, 3.5933146476745605, 0.13823913037776947, -8.675028800964355, 4.686613082885742, 0.1357913315296173, -7.014012336730957, 6.896067142486572, 0.12409751117229462, -6.896067142486572, 7.458598613739014, 0.10709919035434723, -4.983676433563232, 10.291311264038086, 0.09052583575248718, -4.262800693511963, 9.933150291442871, 0.07996368408203125, -1.9758265018463135]
            n (float, 291):  [-5.46265764569398e-05, 1.0, 3.347157689859159e-05, 0.04187142103910446, 0.9991111159324646, -0.0048654768615961075, 0.0523802749812603, 0.998141348361969, -0.031146664172410965, 0.05780550837516785, 0.9972308278083801, -0.046788834035396576, 0.05486151948571205, 0.9979822635650635, -0.0319632925093174, 0.03844916447997093, 0.999216616153717, -0.009371316991746426, 0.00980006530880928, 0.9997603893280029, 0.019576765596866608, -0.028866013512015343, 0.9989701509475708, 0.03500520437955856, -0.047718651592731476, 0.9981022477149963, 0.03891927748918533, -0.052245840430259705, 0.9980828762054443, 0.03317911550402641, -0.048889294266700745, 0.9983553886413574, 0.02993810921907425, -0.023473262786865234, 0.9988691806793213, 0.04134521633386612, 0.001902850577607751, 0.9988774061203003, 0.047331973910331726, 0.007259951438754797, 0.9983850121498108, 0.05634361505508423, 0.004908088129013777, 0.998030960559845, 0.06253048032522202, -0.0018117495346814394, 0.9984005093574524, 0.05650696903467178, -0.014375057071447372, 0.9995604157447815, 0.025929691269993782, -0.017938358709216118, 0.9997580051422119, -0.012732194736599922, -0.011547011323273182, 0.9986892938613892, -0.04986424744129181, -0.003920564893633127, 0.9973730444908142, -0.07232944667339325, -0.0009632252040319145, 0.9981276988983154, -0.061156559735536575, -0.007334492634981871, 0.9985778331756592, -0.05280699580907822, -0.029416965320706367, 0.9990191459655762, -0.03309698775410652, -0.04701339080929756, 0.9986308813095093, -0.022939065471291542, -0.0556856133043766, 0.9981268048286438, -0.02533797360956669, -0.062264978885650635, 0.9975758194923401, -0.031073536723852158, -0.03784727677702904, 0.9987642765045166, -0.03220849856734276, -0.0029357594903558493, 0.9997459053993225, -0.022346889600157738, 0.032359328120946884, 0.9994732141494751, -0.0024932778906077147, 0.05368392542004585, 0.9983884692192078, 0.01840042509138584, 0.05911754071712494, 0.997763454914093, 0.03119555301964283, 0.05358702316880226, 0.9981616735458374, 0.028313852846622467, 0.045740753412246704, 0.998883068561554, 0.011848782189190388, 0.01883133314549923, 0.9998214244842529, -0.0015836729435250163, 0.02755727805197239, 0.9994621276855469, -0.017778465524315834, 0.03845346346497536, 0.9990185499191284, -0.021986711770296097, 0.045590754598379135, 0.9988963603973389, -0.01129923015832901, 0.04239048808813095, 0.9990444183349609, 0.010650679469108582, 0.01565888337790966, 0.9995234608650208, 0.026601390913128853, -0.012829945422708988, 0.9987939596176147, 0.047391682863235474, -0.024214578792452812, 0.9989525675773621, 0.03882688283920288, -0.01855282671749592, 0.999521791934967, 0.02473960444331169, -0.0305763091892004, 0.9993783831596375, 0.017550218850374222, -0.011990280821919441, 0.9997764229774475, 0.017413415014743805, -0.005839985329657793, 0.999534010887146, 0.029960142448544502, 0.00029607396572828293, 0.9988777041435242, 0.047361984848976135, -0.005386346019804478, 0.9989619851112366, 0.045231644064188004, -0.01848292164504528, 0.9992693066596985, 0.03345537558197975, -0.038812924176454544, 0.9991176128387451, 0.01604626700282097, -0.04091493412852287, 0.9991549253463745, -0.00392881827428937, -0.03547583892941475, 0.9989924430847168, -0.027488332241773605, -0.011565452441573143, 0.9987959861755371, -0.04767443239688873, -0.005156271625310183, 0.9992712736129761, -0.03782157227396965, -0.00400681234896183, 0.999622642993927, -0.027176551520824432, -0.014882147312164307, 0.999783992767334, -0.014506888575851917, -0.02171211689710617, 0.999717652797699, -0.009650755673646927, -0.032500382512807846, 0.9993323683738708, -0.016687259078025818, -0.032356809824705124, 0.9991700649261475, -0.02474087104201317, -0.015705259516835213, 0.9993488192558289, -0.03248469904065132, 0.013577439822256565, 0.9993434548377991, -0.0335899218916893, 0.03376714885234833, 0.9990193247795105, -0.02863781899213791, 0.04200940206646919, 0.9991083741188049, -0.004191495478153229, 0.03729216754436493, 0.9992843866348267, 0.006323294714093208, 0.034276094287633896, 0.9992491602897644, 0.01806163229048252, 0.01668858714401722, 0.9998442530632019, 0.005741333123296499, 0.010179930366575718, 0.9999473690986633, -0.0012644910020753741, 0.01691996119916439, 0.9998322129249573, -0.0070236846804618835, 0.03198936581611633, 0.9994354844093323, -0.01026636641472578, 0.038918234407901764, 0.9992328882217407, 0.004355624783784151, 0.04503783956170082, 0.9988609552383423, 0.015762435272336006, 0.019579442217946053, 0.999336838722229, 0.0307012852281332, -0.009664041921496391, 0.998579204082489, 0.05240378528833389, -0.0011466332944110036, 0.9991008043289185, 0.042382337152957916, -0.012123831547796726, 0.9996872544288635, 0.021869709715247154, -0.01889103464782238, 0.9997313618659973, 0.013433840125799179, -0.013459814712405205, 0.9998238682746887, 0.01308466587215662, -0.01336165051907301, 0.9995509386062622, 0.026822026818990707, -0.00798527617007494, 0.9985910654067993, 0.05246076360344887, -0.015678733587265015, 0.9991681575775146, 0.03764558210968971, -0.03012930043041706, 0.9993255138397217, 0.020994091406464577, -0.05201638117432594, 0.9985815286636353, 0.011364429257810116, -0.06041719764471054, 0.9981727004051208, 0.0009762733243405819, -0.045021411031484604, 0.998754620552063, -0.02150011993944645, -0.02304443158209324, 0.9992092847824097, -0.03239951655268669, -0.010817674919962883, 0.99946129322052, -0.030983353033661842, -0.0069486238062381744, 0.9997565150260925, -0.02094596065580845, -0.012913525104522705, 0.9998785853385925, -0.008720437064766884, -0.016266901046037674, 0.9998314380645752, -0.008516332134604454, -0.02066614478826523, 0.9996903538703918, -0.013856988400220871, -0.017828121781349182, 0.9996153116226196, -0.0212432611733675, -0.0031402844469994307, 0.9995893239974976, -0.028484316542744637, 0.021157177165150642, 0.9990922212600708, -0.03697345778346062, 0.03511444851756096, 0.9985431432723999, -0.04096955806016922, 0.03729075565934181, 0.9990935325622559, -0.020530013367533684, 0.03176030144095421, 0.9994937777519226, -0.0018440415151417255, 0.017286932095885277, 0.9998331665992737, 0.005897164344787598, 0.011793135665357113, 0.9999194741249084, 0.004685670603066683]
            ta (float, 388):  [1.0, 5.4626671044388786e-05, -4.7258868818289557e-08, 1.0, 0.9991230368614197, -0.041871946305036545, -6.130560905148741e-06, 1.0, 0.9986258745193481, -0.052406542003154755, -2.685015533643309e-05, 1.0, 0.9983237981796265, -0.057876139879226685, -0.00015522146713919938, 1.0, 0.9984919428825378, -0.05489717051386833, -0.0002383370156167075, 1.0, 0.9992604851722717, -0.038451142609119415, -3.1244508136296645e-05, 1.0, 0.999951958656311, -0.009802453219890594, 2.6073525077663362e-05, 1.0, 0.9995825290679932, 0.028889287263154984, -0.00015918162534944713, 1.0, 0.9988582134246826, 0.047770507633686066, -0.0004029360425192863, 1.0, 0.9986323118209839, 0.052283674478530884, -0.0002728661347646266, 1.0, 0.9988026022911072, 0.04892134293913841, -0.00033837929368019104, 1.0, 0.9997239112854004, 0.02349694073200226, -8.674715354572982e-05, 1.0, 0.9999982118606567, -0.0019128673011437058, 0.00016633482300676405, 1.0, 0.9999734163284302, -0.007285055238753557, 0.00024016504175961018, 1.0, 0.9999878406524658, -0.004929653834551573, 0.00019059033365920186, 1.0, 0.9999983310699463, 0.0018016410758718848, 0.00022982480004429817, 1.0, 0.9998966455459595, 0.01437847688794136, 5.455760401673615e-05, 1.0, 0.9998390674591064, 0.01793995313346386, 1.1209457625227515e-05, 1.0, 0.9999332427978516, 0.011555874720215797, -0.00011052543413825333, 1.0, 0.999992311000824, 0.0039130207151174545, -0.0002460008836351335, 1.0, 0.9999995231628418, 0.0009501867461949587, -0.00024227661197073758, 1.0, 0.9999731779098511, 0.007337877061218023, -0.0001298116403631866, 1.0, 0.9995667338371277, 0.02943308651447296, -1.1919574660623766e-07, 1.0, 0.9988934397697449, 0.047029249370098114, 0.00015225066454149783, 1.0, 0.9984469413757324, 0.05571150779724121, 0.00031645246781408787, 1.0, 0.9980571866035461, 0.06230459734797478, 0.00030729814898222685, 1.0, 0.9992824196815491, 0.03787413612008095, 0.00022402458125725389, 1.0, 0.999995768070221, 0.00293587613850832, -2.759247763606254e-05, 1.0, 0.9994763135910034, -0.032359443604946136, -6.636577381868847e-06, 1.0, 0.9985573291778564, -0.05369614064693451, 0.00017021610983647406, 1.0, 0.9982490539550781, -0.05915142968297005, 0.00016382828471250832, 1.0, 0.9985617995262146, -0.05361296236515045, 0.00015704287216067314, 1.0, 0.9989532232284546, -0.045744411647319794, 3.7513673305511475e-05, 1.0, 0.9998226761817932, -0.01883135922253132, -4.1035627873498015e-07, 1.0, 0.9996201395988464, -0.027562526986002922, -5.0126905989600345e-05, 1.0, 0.9992599487304688, -0.03846365958452225, -4.0955765143735334e-05, 1.0, 0.9989600777626038, -0.04559389501810074, -2.0561510609695688e-05, 1.0, 0.9991009831428528, -0.042393919080495834, 9.667893027653918e-05, 1.0, 0.9998772740364075, -0.015666035935282707, 6.046279668225907e-05, 1.0, 0.9999176263809204, 0.01279948279261589, 0.0009461707668378949, 1.0, 0.9997062683105469, 0.024236537516117096, -9.495075937593356e-05, 1.0, 0.9998278021812439, 0.018559137359261513, -2.547841904743109e-05, 1.0, 0.9995322823524475, 0.03058098442852497, 1.7468179294155561e-06, 1.0, 0.9999279975891113, 0.011991489678621292, 3.4901204344350845e-05, 1.0, 0.9999829530715942, 0.005843819584697485, -4.0397313568973914e-05, 1.0, 0.9999999403953552, -0.00028259973623789847, -0.00029118932434357703, 1.0, 0.99998539686203, 0.005395275074988604, -7.533078314736485e-05, 1.0, 0.9998288750648499, 0.018496286123991013, -8.998795237857848e-05, 1.0, 0.9992462396621704, 0.03881990909576416, -0.00012375821825116873, 1.0, 0.9991626143455505, 0.040915243327617645, -1.437324499420356e-06, 1.0, 0.9993700981140137, 0.03548753634095192, -6.222594674909487e-05, 1.0, 0.9999330043792725, 0.011570717208087444, -0.00016551854787394404, 1.0, 0.9999867081642151, 0.005157167557626963, -7.388716039713472e-05, 1.0, 0.9999919533729553, 0.004006710834801197, -5.8167235692963004e-05, 1.0, 0.9998892545700073, 0.014883728697896004, 1.1248190503465594e-06, 1.0, 0.9997642636299133, 0.021713048219680786, -8.534908374713268e-06, 1.0, 0.9994716048240662, 0.03250503167510033, 7.1253793976211455e-06, 1.0, 0.9994760751724243, 0.03236759826540947, 3.542546255630441e-05, 1.0, 0.9998765587806702, 0.01571660488843918, 9.388377657160163e-05, 1.0, 0.9999077916145325, -0.013575716875493526, 0.0002793416497297585, 1.0, 0.999428927898407, -0.03379001468420029, -0.0003146574890706688, 1.0, 0.9991171360015869, -0.04200978949666023, -3.926505087292753e-06, 1.0, 0.9993044137954712, -0.037293627858161926, 0.00011311547132208943, 1.0, 0.9994122385978699, -0.03428206965327263, 2.144862082786858e-05, 1.0, 0.9998607039451599, -0.016688816249370575, -8.08643835625844e-06, 1.0, 0.9999482035636902, -0.010179935954511166, 1.548049795019324e-06, 1.0, 0.9998568296432495, -0.016920149326324463, 3.261433448642492e-05, 1.0, 0.999488115310669, -0.031990859657526016, 1.8500149963074364e-05, 1.0, 0.9992424249649048, -0.03891842067241669, -4.352144242147915e-05, 1.0, 0.9989851117134094, -0.045042965561151505, -2.9791806809953414e-05, 1.0, 0.9998081922531128, -0.019584085792303085, -0.00014956375525798649, 1.0, 0.9999533295631409, 0.00965551845729351, 0.0004158198134973645, 1.0, 0.9999993443489075, 0.0011413991451263428, 0.0001476804754929617, 1.0, 0.9999265074729919, 0.012121060863137245, 0.0002592761302366853, 1.0, 0.9998215436935425, 0.0188922006636858, 4.006233575637452e-05, 1.0, 0.9999093413352966, 0.013461061753332615, -7.322930287045892e-06, 1.0, 0.9999106526374817, 0.01336585357785225, 2.257483902212698e-05, 1.0, 0.9999679327011108, 0.008002650924026966, -0.00012114561832277104, 1.0, 0.9998769164085388, 0.015687808394432068, 5.437117943074554e-05, 1.0, 0.9995459318161011, 0.030134979635477066, 4.605904905474745e-05, 1.0, 0.9986460208892822, 0.05201960727572441, 1.177585818368243e-05, 1.0, 0.9981732368469238, 0.06041722744703293, 2.080746980936965e-06, 1.0, 0.9989850521087646, 0.045040298253297806, 0.00039473551441915333, 1.0, 0.9997339844703674, 0.023062841966748238, 0.0001945978874573484, 1.0, 0.999941349029541, 0.010826176032423973, 0.0001065930409822613, 1.0, 0.999975860118866, 0.0069504049606621265, 1.2237519513291772e-05, 1.0, 0.9999166131019592, 0.012914043851196766, 3.4131780921597965e-06, 1.0, 0.9998677372932434, 0.01626720279455185, -3.399225170142017e-05, 1.0, 0.9997864365577698, 0.020667457953095436, -4.8675334255676717e-05, 1.0, 0.9998410940170288, 0.01782805286347866, -0.00019270267512183636, 1.0, 0.9999949932098389, 0.003135595005005598, -0.00020930543541908264, 1.0, 0.999775767326355, -0.02117922157049179, -0.00020447344286367297, 1.0, 0.9993823170661926, -0.03514205291867256, 4.642526255338453e-05, 1.0, 0.9993042349815369, -0.037294574081897736, 0.00019703149155247957, 1.0, 0.9994955062866211, -0.03176035359501839, 3.258809329054202e-06, 1.0, 0.9998505115509033, -0.017287040129303932, -3.272104368079454e-05, 1.0, 0.9999305009841919, -0.011793280020356178, 3.0900584988557966e-06, 1.0]
            u0 (float, 194):  [0.5, 0.5, 0.6628639698028564, 0.5, 0.6481913924217224, 0.4705228805541992, 0.6423552632331848, 0.4410344958305359, 0.6319469213485718, 0.41183584928512573, 0.6063249111175537, 0.3936750888824463, 0.5900066494941711, 0.3652954697608948, 0.5572891235351562, 0.36169177293777466, 0.5297977924346924, 0.3501964807510376, 0.5, 0.3382642865180969, 0.467999666929245, 0.3391234874725342, 0.4402284324169159, 0.35569870471954346, 0.40746819972991943, 0.3615163564682007, 0.3833410143852234, 0.3833410143852234, 0.37241625785827637, 0.4147512912750244, 0.3588871657848358, 0.4415491223335266, 0.33910587430000305, 0.46799618005752563, 0.33847513794898987, 0.5, 0.3377123773097992, 0.5322810113430023, 0.3610325753688812, 0.5575622022151947, 0.3677407205104828, 0.5883728265762329, 0.3894602358341217, 0.6105397641658783, 0.4122268557548523, 0.6313618123531342, 0.43809545040130615, 0.649450808763504, 0.46861732006073, 0.6577714085578918, 0.5, 0.6519626379013062, 0.5320993661880493, 0.6613743603229523, 0.5615803599357605, 0.6486680805683136, 0.5902640223503113, 0.635089635848999, 0.6129587888717651, 0.6129588186740875, 0.6338325142860413, 0.5894240438938141, 0.6534427404403687, 0.563558042049408, 0.6603447198867798, 0.5318945348262787, 0.8146399855613708, 0.5, 0.7907485365867615, 0.4421665072441101, 0.775670051574707, 0.38581371307373047, 0.7423325777053833, 0.3380785584449768, 0.7242813110351562, 0.27571868896484375, 0.6594630479812622, 0.261346697807312, 0.6209903955459595, 0.20790332555770874, 0.5568690896034241, 0.21409964561462402, 0.5, 0.1603415608406067, 0.4399787187576294, 0.19825267791748047, 0.37013986706733704, 0.18648988008499146, 0.31006500124931335, 0.21574217081069946, 0.25883105397224426, 0.2588310241699219, 0.2101556360721588, 0.30633217096328735, 0.20950734615325928, 0.3796740174293518, 0.17753849923610687, 0.43585842847824097, 0.17635667324066162, 0.5, 0.16070911288261414, 0.5674891471862793, 0.21504932641983032, 0.6180304288864136, 0.22855135798454285, 0.681376188993454, 0.2631334960460663, 0.7368665039539337, 0.317543625831604, 0.7730652391910553, 0.36737409234046936, 0.8201872855424881, 0.44040510058403015, 0.799603745341301, 0.5, 0.800055056810379, 0.5576302409172058, 0.789726659655571, 0.617607593536377, 0.7839299142360687, 0.6791974306106567, 0.7681878805160522, 0.7174131870269775, 0.7174131870269775, 0.7819663286209106, 0.6884038746356964, 0.7713577747344971, 0.612400084733963, 0.8358544111251831, 0.5668056011199951, 1.012599229812622, 0.5, 0.9408155679702759, 0.41231632232666016, 0.9041005373001099, 0.33261609077453613, 0.8841875791549683, 0.24329406023025513, 0.7904372811317444, 0.20956271886825562, 0.7994624376296997, 0.0518227219581604, 0.6576676368713379, 0.11935669183731079, 0.5814999938011169, 0.0902719497680664, 0.5, 0.026034057140350342, 0.4045504331588745, 0.02014261484146118, 0.3356364071369171, 0.10319119691848755, 0.27564284205436707, 0.1642257571220398, 0.22514617443084717, 0.22514617443084717, 0.09681886434555054, 0.23060297966003418, 0.0442013293504715, 0.3112019896507263, 0.0834592655301094, 0.41714489459991455, 0.05668057128787041, 0.5, 0.06928893178701401, 0.5856737494468689, 0.06441319733858109, 0.6804259717464447, 0.13129521906375885, 0.7463606595993042, 0.19588303565979004, 0.80411696434021, 0.24966886639595032, 0.8746470063924789, 0.30681395530700684, 0.9663923978805542, 0.40183284878730774, 0.9935196465812624, 0.5, 1.032019454985857, 0.6000598669052124, 1.0030350007582456, 0.6740946769714355, 0.9203017801046371, 0.7270646095275879, 0.8398261666297913, 0.8341118097305298, 0.8341117799282074, 0.8613662123680115, 0.7414571940898895, 0.9986100196838379, 0.7065310478210449, 0.9812573194503784, 0.5957280397415161]
            tri (int, 480):  [0, 2, 1, 0, 3, 2, 0, 4, 3, 0, 5, 4, 0, 6, 5, 0, 7, 6, 0, 8, 7, 0, 9, 8, 0, 10, 9, 0, 11, 10, 0, 12, 11, 0, 13, 12, 0, 14, 13, 0, 15, 14, 0, 16, 15, 0, 17, 16, 0, 18, 17, 0, 19, 18, 0, 20, 19, 0, 21, 20, 0, 22, 21, 0, 23, 22, 0, 24, 23, 0, 25, 24, 0, 26, 25, 0, 27, 26, 0, 28, 27, 0, 29, 28, 0, 30, 29, 0, 31, 30, 0, 32, 31, 0, 1, 32, 1, 34, 33, 1, 2, 34, 2, 35, 34, 2, 3, 35, 3, 36, 35, 3, 4, 36, 4, 37, 36, 4, 5, 37, 5, 38, 37, 5, 6, 38, 6, 39, 38, 6, 7, 39, 7, 40, 39, 7, 8, 40, 8, 41, 40, 8, 9, 41, 9, 42, 41, 9, 10, 42, 10, 43, 42, 10, 11, 43, 11, 44, 43, 11, 12, 44, 12, 45, 44, 12, 13, 45, 13, 46, 45, 13, 14, 46, 14, 47, 46, 14, 15, 47, 15, 48, 47, 15, 16, 48, 16, 49, 48, 16, 17, 49, 17, 50, 49, 17, 18, 50, 18, 51, 50, 18, 19, 51, 19, 52, 51, 19, 20, 52, 20, 53, 52, 20, 21, 53, 21, 54, 53, 21, 22, 54, 22, 55, 54, 22, 23, 55, 23, 56, 55, 23, 24, 56, 24, 57, 56, 24, 25, 57, 25, 58, 57, 25, 26, 58, 26, 59, 58, 26, 27, 59, 27, 60, 59, 27, 28, 60, 28, 61, 60, 28, 29, 61, 29, 62, 61, 29, 30, 62, 30, 63, 62, 30, 31, 63, 31, 64, 63, 31, 32, 64, 32, 33, 64, 33, 32, 1, 33, 66, 65, 33, 34, 66, 34, 67, 66, 34, 35, 67, 35, 68, 67, 35, 36, 68, 36, 69, 68, 36, 37, 69, 37, 70, 69, 37, 38, 70, 38, 71, 70, 38, 39, 71, 39, 72, 71, 39, 40, 72, 40, 73, 72, 40, 41, 73, 41, 74, 73, 41, 42, 74, 42, 75, 74, 42, 43, 75, 43, 76, 75, 43, 44, 76, 44, 77, 76, 44, 45, 77, 45, 78, 77, 45, 46, 78, 46, 79, 78, 46, 47, 79, 47, 80, 79, 47, 48, 80, 48, 81, 80, 48, 49, 81, 49, 82, 81, 49, 50, 82, 50, 83, 82, 50, 51, 83, 51, 84, 83, 51, 52, 84, 52, 85, 84, 52, 53, 85, 53, 86, 85, 53, 54, 86, 54, 87, 86, 54, 55, 87, 55, 88, 87, 55, 56, 88, 56, 89, 88, 56, 57, 89, 57, 90, 89, 57, 58, 90, 58, 91, 90, 58, 59, 91, 59, 92, 91, 59, 60, 92, 60, 93, 92, 60, 61, 93, 61, 94, 93, 61, 62, 94, 62, 95, 94, 62, 63, 95, 63, 96, 95, 63, 64, 96, 64, 65, 96, 65, 64, 33]
            boundingsphere (float, 4):  [0.586181640625, 0.24067315459251404, -0.5383124351501465, 11.27518622115471]
            aabb:
                min (float, 3):  [-9.407684326171875, 0.07814629375934601, -10.980881690979004]
                max (float, 3):  [10.580047607421875, 0.4032000005245209, 9.904256820678711]
            material:
                shader (str, 1):  ['PdxMeshAdvanced']
                diff (str, 1):  ['air_winter_polar_subpolar_phase_4_diff.dds']
                spec (str, 1):  ['air_winter_polar_subpolar_spec.dds']
                n (str, 1):  ['air_winter_polar_subpolar_n.dds']
locator:
