pdxasset (int, 2):  [1, 0]
object:
    air_winter_static_cold_rain_mist:
        mesh:
            p (float, 36):  [-4.11648416519165, -2.99316143989563, -3.2352609634399414, 4.468567371368408, -2.99316143989563, -2.72841739654541, 4.11648416519165, 3.1931612491607666, 3.2352609634399414, -4.468567371368408, 3.1931612491607666, 2.72841739654541, -0.5321394205093384, -3.5608646869659424, -4.748970985412598, 4.057971954345703, -3.5608646869659424, 2.5236408710479736, 0.5321394205093384, 3.960864782333374, 4.748970985412598, -4.057971954345703, 3.960864782333374, -2.5236408710479736, 3.039297103881836, -3.872271776199341, -3.214782476425171, -1.2337578535079956, -3.872271776199341, 4.248528480529785, -3.039297103881836, 4.472271919250488, 3.214782476425171, 1.2337578535079956, 4.472271919250488, -4.248528480529785]
            n (float, 36):  [0.04239451140165329, 0.6946583986282349, -0.7180894613265991, 0.04239451140165329, 0.6946583986282349, -0.7180894613265991, 0.04239451140165329, 0.6946583986282349, -0.7180894613265991, 0.04239451140165329, 0.6946583986282349, -0.7180894613265991, 0.7396243214607239, 0.48480966687202454, -0.4668141007423401, 0.7396243810653687, 0.4848096966743469, -0.4668141305446625, 0.7396243214607239, 0.48480966687202454, -0.4668141007423401, 0.7396243810653687, 0.4848096966743469, -0.4668141305446625, 0.8420486450195312, 0.2419220358133316, 0.4821077585220337, 0.8420486450195312, 0.2419220358133316, 0.4821077585220337, 0.8420486450195312, 0.2419220358133316, 0.4821077585220337, 0.8420486450195312, 0.2419220358133316, 0.4821077585220337]
            ta (float, 48):  [0.9982618689537048, -2.5878041931548523e-09, 0.05893530696630478, 1.0, 0.9982617497444153, -2.5878041931548523e-09, 0.05893529951572418, 1.0, 0.9982618689537048, -2.5878041931548523e-09, 0.05893530696630478, 1.0, 0.9982617497444153, -2.5878041931548523e-09, 0.05893529951572418, 1.0, 0.5337338447570801, -3.6121139856959417e-08, 0.8456525802612305, 1.0, 0.5337337851524353, -2.8896911530296165e-08, 0.8456525206565857, 1.0, 0.5337338447570801, -3.6121143409673095e-08, 0.8456525802612305, 1.0, 0.5337338447570801, -4.334536995997951e-08, 0.8456525206565857, 1.0, -0.49686679244041443, 0.0, 0.8678267598152161, 1.0, -0.49686679244041443, 0.0, 0.8678268194198608, 1.0, -0.49686679244041443, 0.0, 0.8678267598152161, 1.0, -0.49686679244041443, 0.0, 0.8678268194198608, 1.0]
            u0 (float, 24):  [0.0, 1.0, 1.0, 1.0, 1.0, 0.0, 0.0, 0.0, 0.0, 1.0, 1.0, 1.0, 1.0, 0.0, 0.0, 0.0, 0.0, 1.0, 1.0, 1.0, 1.0, 0.0, 0.0, 0.0]
            tri (int, 18):  [0, 2, 1, 0, 3, 2, 4, 6, 5, 4, 7, 6, 8, 10, 9, 8, 11, 10]
            boundingsphere (float, 4):  [0.0, 0.30000007152557373, 0.0, 6.185245912515606]
            aabb:
                min (float, 3):  [-4.468567371368408, -3.872271776199341, -4.748970985412598]
                max (float, 3):  [4.468567371368408, 4.472271919250488, 4.748970985412598]
            material:
                shader (str, 1):  ['PdxMeshAlphaBlend']
                diff (str, 1):  ['air_winter_static_cold_rain_mist_diff.dds']
                spec (str, 1):  ['air_winter_static_cold_rain_mist_spec.dds']
                n (str, 1):  ['air_winter_static_cold_rain_mist_n.dds']
locator:
