pdxasset (int, 2):  [1, 0]
object:
    air_winter_temperate_maritime_phase_6:
        mesh:
            p (float, 291):  [0.0, 0.4607999920845032, 0.0, 3.41654372215271, 0.25162649154663086, 0.0, 3.359255790710449, 0.22397993505001068, 0.668197512626648, 3.145716667175293, 0.22859011590480804, 1.3029985427856445, 2.5895938873291016, 0.2639031410217285, 1.7303112745285034, 2.331360340118408, 0.3180163502693176, 2.331360340118408, 1.798171043395996, 0.3726902902126312, 2.691153049468994, 1.253212809562683, 0.40949657559394836, 3.0255231857299805, 0.6108793020248413, 0.4160291850566864, 3.0710976123809814, 1.930909541450704e-16, 0.39008629322052, 3.153414726257324, -0.6328924298286438, 0.3404121696949005, 3.18176531791687, -1.210749864578247, 0.283750057220459, 2.923008680343628, -1.80441153049469, 0.23919852077960968, 2.7004928588867188, -2.187344551086426, 0.2217741310596466, 2.187344551086426, -2.5902576446533203, 0.2373499721288681, 1.7307548522949219, -3.085204601287842, 0.2806760370731354, 1.2779335975646973, -3.173551559448242, 0.3371487855911255, 0.6312586069107056, -3.26853609085083, 0.387733519077301, 4.0028021583181697e-16, -3.2837579250335693, 0.41538006067276, -0.6531800627708435, -2.9687705039978027, 0.41076987981796265, -1.2297049760818481, -2.5818331241607666, 0.37545686960220337, -1.725125789642334, -2.3798704147338867, 0.32134366035461426, -2.3798704147338867, -1.8311588764190674, 0.26666969060897827, -2.740522861480713, -1.2707756757736206, 0.22986343502998352, -3.0679240226745605, -0.6452496647834778, 0.2233308106660843, -3.243889331817627, -6.306342404391926e-16, 0.24927371740341187, -3.4330127239227295, 0.6271640658378601, 0.298947811126709, -3.1529667377471924, 1.2847731113433838, 0.3556099236011505, -3.1017165184020996, 1.7871873378753662, 0.400161474943161, -2.6747148036956787, 2.3262877464294434, 0.4175858795642853, -2.3262877464294434, 2.761840581893921, 0.4020100235939026, -1.8454028367996216, 2.953974485397339, 0.3586839735507965, -1.223576307296753, 3.055403709411621, 0.302211195230484, -0.6077576279640198, 6.490755081176758, 0.15370649099349976, 0.0, 6.709512233734131, 0.12605993449687958, 1.3346049785614014, 6.151309967041016, 0.13067011535167694, 2.5479559898376465, 5.365084171295166, 0.16598312556743622, 3.5848348140716553, 4.760581016540527, 0.22009633481502533, 4.760581016540527, 3.3730576038360596, 0.2747702896595001, 5.048137187957764, 2.3214848041534424, 0.31157657504081726, 5.604559898376465, 1.2240731716156006, 0.3181091845035553, 6.1538310050964355, 4.275024518582513e-16, 0.2921662926673889, 6.981645107269287, -1.1882647275924683, 0.2424921840429306, 5.973810195922852, -2.286179542541504, 0.18583007156848907, 5.519325256347656, -3.3064937591552734, 0.14127853512763977, 4.948517322540283, -4.14777135848999, 0.1238541305065155, 4.14777135848999, -5.159830093383789, 0.139429971575737, 3.447688102722168, -6.127708435058594, 0.18275602161884308, 2.538179874420166, -6.854240894317627, 0.23922879993915558, 1.3633933067321777, -6.285008907318115, 0.2898135185241699, 7.696915864503719e-16, -6.218965530395508, 0.3174600601196289, -1.2370291948318481, -5.750438213348389, 0.31284987926483154, -2.3819096088409424, -5.194725513458252, 0.27753686904907227, -3.4710047245025635, -4.897883415222168, 0.22342365980148315, -4.897883415222168, -3.66585373878479, 0.16874970495700836, -5.486337661743164, -2.3653855323791504, 0.13194343447685242, -5.710546016693115, -1.163474202156067, 0.12541081011295319, -5.849179744720459, -1.2740481963492028e-15, 0.15135371685028076, -6.9355950355529785, 1.331587314605713, 0.20102782547473907, -6.69434118270874, 2.6787352561950684, 0.2576899230480194, -6.467038631439209, 3.4177370071411133, 0.3022414743900299, -5.115005016326904, 4.662178039550781, 0.3196658790111542, -4.662178039550781, 5.9278645515441895, 0.3040900230407715, -3.9608724117279053, 6.154078006744385, 0.2607639729976654, -2.549102544784546, 7.03003454208374, 0.2042912095785141, -1.3983608484268188, 8.545879364013672, 0.09982111304998398, 0.0, 10.891444206237793, 0.09006350487470627, 2.166443109512329, 7.56948709487915, 0.09169062972068787, 3.1353843212127686, 7.761432647705078, 0.10415404289960861, 5.186023235321045, 5.720503330230713, 0.12325282394886017, 5.720503330230713, 5.878320217132568, 0.1425495147705078, 8.797527313232422, 3.9007177352905273, 0.15553995966911316, 9.417165756225586, 2.1656575202941895, 0.157845601439476, 10.887495994567871, 6.469885408265418e-16, 0.14868928492069244, 10.56612491607666, -2.150263547897339, 0.13115723431110382, 10.810105323791504, -3.720552682876587, 0.11115884780883789, 8.982208251953125, -6.192759990692139, 0.0954347774386406, 9.268119812011719, -7.34604549407959, 0.0892849862575531, 7.34604549407959, -7.576833248138428, 0.09478234499692917, 5.06267786026001, -10.257715225219727, 0.11007389426231384, 4.248884677886963, -9.03335952758789, 0.13000544905662537, 1.796846866607666, -8.62841796875, 0.1478588879108429, 1.0566764604359367e-15, -8.097734451293945, 0.1576164960861206, -1.6107395887374878, -8.769607543945312, 0.1559893637895584, -3.6324901580810547, -7.183042049407959, 0.14352595806121826, -4.79955530166626, -7.7594895362854, 0.1244271770119667, -7.7594895362854, -6.126293659210205, 0.10513047873973846, -9.168646812438965, -3.3293967247009277, 0.09214003384113312, -8.037875175476074, -1.6278139352798462, 0.08983439952135086, -8.183573722839355, -1.7803505997465545e-15, 0.09899072349071503, -9.691777229309082, 1.6687140464782715, 0.11652275919914246, -8.389191627502441, 3.726677656173706, 0.1365211457014084, -8.99699592590332, 5.884091854095459, 0.15224522352218628, -8.80616569519043, 6.235056400299072, 0.15839500725269318, -6.235056400299072, 7.775994300842285, 0.1528976559638977, -5.195753574371338, 10.042530059814453, 0.13760611414909363, -4.159752368927002, 9.243691444396973, 0.11767454445362091, -1.8386845588684082]
            n (float, 291):  [-0.0005466828006319702, 0.9999995231628418, 0.0007829602109268308, 0.04313306882977486, 0.9981324672698975, 0.04325610771775246, 0.04484002664685249, 0.9987292289733887, 0.023005781695246696, 0.048591043800115585, 0.9988139271736145, 0.003119052853435278, 0.07223334163427353, 0.9972124099731445, -0.018703505396842957, 0.07362142205238342, 0.9969803094863892, -0.024700229987502098, 0.06372402608394623, 0.9979456067085266, -0.006621846463531256, 0.0358751006424427, 0.9992780685424805, 0.012502462603151798, -0.0059851398691535, 0.9997140169143677, 0.023153452202677727, -0.04891053959727287, 0.9984980225563049, 0.02468714863061905, -0.07923538982868195, 0.9966707825660706, 0.019210563972592354, -0.08079890161752701, 0.9965963959693909, 0.01634557917714119, -0.06367619335651398, 0.9978261590003967, 0.016978757455945015, -0.04409601911902428, 0.9983342885971069, 0.037203770130872726, -0.01587505266070366, 0.9972979426383972, 0.0717272236943245, -0.009684686549007893, 0.9968847036361694, 0.07827544212341309, -0.019376583397388458, 0.9972918033599854, 0.07094819843769073, -0.026141908019781113, 0.9984592795372009, 0.04894561320543289, -0.025738464668393135, 0.9996286630630493, 0.008944588713347912, -0.010384761728346348, 0.9993017315864563, -0.03589300811290741, 0.006552455015480518, 0.9980725646018982, -0.061710599809885025, 0.02066160924732685, 0.9974833726882935, -0.06782295554876328, 0.026984959840774536, 0.9970609545707703, -0.07170210033655167, 0.008667925372719765, 0.9982315897941589, -0.05881020426750183, -0.028834853321313858, 0.998355507850647, -0.04954617843031883, -0.048952169716358185, 0.9979093074798584, -0.042197130620479584, -0.05701139196753502, 0.9969919919967651, -0.052503835409879684, -0.04408841207623482, 0.997817873954773, -0.049149490892887115, -0.018278153613209724, 0.9989699721336365, -0.04153260216116905, 0.010355102829635143, 0.9997565746307373, -0.019485970959067345, 0.03900238126516342, 0.9990583658218384, 0.019004492089152336, 0.05200761556625366, 0.9973636865615845, 0.05060499161481857, 0.052103441208601, 0.9971075057983398, 0.05533360689878464, 0.02829732559621334, 0.9991434216499329, 0.03019270859658718, 0.01868549734354019, 0.9997695684432983, 0.010568477213382721, 0.02733677811920643, 0.9996262788772583, 0.00018690670549403876, 0.043297842144966125, 0.9990106225013733, -0.010157028213143349, 0.05413627624511719, 0.998530924320221, -0.0022792553063482046, 0.04836275056004524, 0.9987995624542236, 0.007774055935442448, 0.02957872673869133, 0.9992768168449402, 0.023892659693956375, 0.005602353252470493, 0.9995043873786926, 0.03097713179886341, -0.022609489038586617, 0.9992788434028625, 0.030507773160934448, -0.05356449633836746, 0.9983882308006287, 0.018755532801151276, -0.046458013355731964, 0.9988714456558228, 0.009876525029540062, -0.03150264918804169, 0.9994829893112183, 0.006440501660108566, -0.017724962905049324, 0.9997081160545349, 0.016416683793067932, -0.004152975045144558, 0.9993299245834351, 0.03636397421360016, -0.007944311946630478, 0.9989560842514038, 0.044985540211200714, -0.03153802081942558, 0.9991407990455627, 0.02688991278409958, -0.04490773007273674, 0.9987643361091614, 0.021285390481352806, -0.05210299417376518, 0.9986386299133301, 0.0025237230584025383, -0.03404094651341438, 0.9989889860153198, -0.02936452254652977, -0.016073286533355713, 0.9989060163497925, -0.043913833796978, -0.0042230053804814816, 0.9994193911552429, -0.03381048142910004, 0.01940479874610901, 0.998965322971344, -0.04113186523318291, 0.011539005674421787, 0.9993979334831238, -0.032722070813179016, -0.020099245011806488, 0.9994689226150513, -0.025648893788456917, -0.027152804657816887, 0.9993207454681396, -0.02491391822695732, -0.03195459768176079, 0.9986415505409241, -0.04115835577249527, -0.020307326689362526, 0.9986915588378906, -0.04693422466516495, 0.004096974618732929, 0.9992409348487854, -0.03873986750841141, 0.029178593307733536, 0.9990620017051697, -0.0319974385201931, 0.04015835002064705, 0.9989887475967407, -0.020218130201101303, 0.04250553250312805, 0.9988436698913574, 0.022464750334620476, 0.03819002956151962, 0.9986680150032043, 0.034695446491241455, 0.02426413632929325, 0.9995816349983215, 0.015739360824227333, 0.012215896509587765, 0.9999021887779236, 0.006809838581830263, 0.019759487360715866, 0.9997982382774353, 0.003618413582444191, 0.03414827212691307, 0.9994148015975952, 0.001980934292078018, 0.05124840512871742, 0.998659610748291, 0.007252814713865519, 0.03709735348820686, 0.9991592764854431, 0.01745176874101162, 0.02504044398665428, 0.9993176460266113, 0.027152366936206818, 0.008738359436392784, 0.9993944764137268, 0.0336768664419651, -0.015474039129912853, 0.9993622303009033, 0.032182663679122925, -0.031381454318761826, 0.9992956519126892, 0.020573211833834648, -0.02795175276696682, 0.9995735883712769, 0.008452395908534527, -0.014793778769671917, 0.9998867511749268, 0.0027556249406188726, -0.010381034575402737, 0.9999399781227112, 0.0034880966413766146, -0.0029924598056823015, 0.9997385144233704, 0.022671295329928398, -0.011735494248569012, 0.9995896220207214, 0.026134148240089417, -0.03373076394200325, 0.9993409514427185, 0.013417170383036137, -0.06164517253637314, 0.9980961084365845, 0.0020043854601681232, -0.06789395958185196, 0.9976924657821655, 0.00041979982051998377, -0.046954039484262466, 0.9985350966453552, -0.026887238025665283, -0.033798132091760635, 0.9989500641822815, -0.030927592888474464, -0.006211077328771353, 0.999667227268219, -0.0250399187207222, 0.009168209508061409, 0.9995442032814026, -0.02876454032957554, 0.012363064102828503, 0.9996414184570312, -0.023753682151436806, -0.014091458171606064, 0.9997785091400146, -0.01563209481537342, -0.015868844464421272, 0.9995993375778198, -0.023436209186911583, -0.017688414081931114, 0.9988437294960022, -0.044702645391225815, -0.008085732348263264, 0.9988370537757874, -0.04753059521317482, 0.017097368836402893, 0.9991717338562012, -0.036926742643117905, 0.041317183524370193, 0.9982765913009644, -0.04167352616786957, 0.041013527661561966, 0.9986674189567566, -0.03132303059101105, 0.04054564610123634, 0.9991743564605713, 0.0026050517335534096, 0.03981522098183632, 0.9988784790039062, 0.025620417669415474]
            ta (float, 388):  [0.9999998211860657, 0.0005466826260089874, -3.266464787543555e-08, 1.0, 0.9990675449371338, -0.043174244463443756, 1.7725791622069664e-05, 1.0, 0.9989935755729675, -0.04485250264406204, 2.6273255571140908e-05, 1.0, 0.9988187551498413, -0.04859130084514618, 8.21882531454321e-06, 1.0, 0.9973866939544678, -0.07224743813276291, -7.859194010961801e-05, 1.0, 0.9972842335700989, -0.07364926487207413, -0.00021826772717759013, 1.0, 0.9979674816131592, -0.06372594833374023, -8.016837091417983e-05, 1.0, 0.9993560910224915, -0.035878028720617294, 1.0110392395290546e-05, 1.0, 0.9999821186065674, 0.005990395322442055, -0.00015763731789775193, 1.0, 0.9988023042678833, 0.04892905801534653, -0.00014610838843509555, 1.0, 0.9968546032905579, 0.07925263792276382, -0.00013698895054403692, 1.0, 0.99672931432724, 0.08081237226724625, -0.0001641893177293241, 1.0, 0.9979698657989502, 0.06368666887283325, -7.659634866286069e-05, 1.0, 0.9990260004997253, 0.04412774369120598, -3.159879634040408e-05, 1.0, 0.9998735785484314, 0.015896858647465706, 0.0002668494707904756, 1.0, 0.9999530911445618, 0.009669775143265724, 0.0005695369909517467, 1.0, 0.9998113512992859, 0.019422132521867752, 4.785550117958337e-05, 1.0, 0.999657392501831, 0.02617669105529785, -6.964932254049927e-05, 1.0, 0.9996687173843384, 0.025739407166838646, 9.94334914139472e-06, 1.0, 0.9999459981918335, 0.010386604815721512, -0.00013509394193533808, 1.0, 0.9999783039093018, -0.00658769765868783, -0.00036765303229913116, 1.0, 0.9997847676277161, -0.020741470158100128, -0.00047340631135739386, 1.0, 0.9996327757835388, -0.027094395831227303, -0.0005538553232327104, 1.0, 0.9999622106552124, -0.008692528121173382, -0.00016252613568212837, 1.0, 0.9995830655097961, 0.028870820999145508, 1.0383342669229023e-05, 1.0, 0.998798668384552, 0.049003444612026215, 0.00018080174049828202, 1.0, 0.9983670115470886, 0.057121917605400085, 0.0006058495491743088, 1.0, 0.9990239143371582, 0.044168513268232346, 0.0005443869740702212, 1.0, 0.9998323917388916, 0.01830403506755829, 0.00024291094450745732, 1.0, 0.9999463558197021, -0.010358051396906376, -5.04409872519318e-05, 1.0, 0.9992387890815735, -0.03901059925556183, 6.15519456914626e-05, 1.0, 0.9986419677734375, -0.052094824612140656, 0.00040497665759176016, 1.0, 0.9986369013786316, -0.052195023745298386, 0.00021007742907386273, 1.0, 0.9995991587638855, -0.028310684487223625, 1.491484454163583e-05, 1.0, 0.9998254179954529, -0.018686791881918907, 2.377572855039034e-05, 1.0, 0.9996263384819031, -0.027336779981851578, 5.052767164670513e-07, 1.0, 0.9990620613098145, -0.04330022633075714, -1.5053129573061597e-05, 1.0, 0.9985336065292358, -0.05413646623492241, -2.2122025256976485e-05, 1.0, 0.9988297820091248, -0.04836411029100418, -1.2940170563524589e-05, 1.0, 0.9995622038841248, -0.029589185491204262, 8.400338265346363e-05, 1.0, 0.9999842643737793, -0.005608175881206989, 0.00010107086563948542, 1.0, 0.9997440576553345, 0.022622032091021538, -6.607246905332431e-05, 1.0, 0.998563826084137, 0.05357496440410614, -5.590185537585057e-05, 1.0, 0.9989200830459595, 0.04646100476384163, -7.395307329716161e-05, 1.0, 0.9995036125183105, 0.03150336071848869, -1.0174613635172136e-05, 1.0, 0.9998428225517273, 0.017727376893162727, -1.5786754374857992e-06, 1.0, 0.9999913573265076, 0.004153916146606207, 4.966882988810539e-05, 1.0, 0.9999683499336243, 0.00795698445290327, -0.00010265062883263454, 1.0, 0.9995020627975464, 0.03155317157506943, -0.00013915434828959405, 1.0, 0.9989905953407288, 0.0449187271296978, -3.834713061223738e-05, 1.0, 0.9986416697502136, 0.052103202790021896, -2.2451658878708258e-05, 1.0, 0.9994198083877563, 0.034058745950460434, 0.00010608982847770676, 1.0, 0.9998704195022583, 0.01609482243657112, 0.00013689204934053123, 1.0, 0.9999909996986389, 0.004224868956953287, -1.6335861801053397e-05, 1.0, 0.9998113512992859, -0.019426170736551285, -0.00012001559662166983, 1.0, 0.9999333620071411, -0.011545847170054913, -2.016754478972871e-05, 1.0, 0.9997978210449219, 0.02010595053434372, 3.580869588404312e-06, 1.0, 0.9996309876441956, 0.02716115675866604, -3.214954404029413e-06, 1.0, 0.9994882941246033, 0.03198506310582161, 8.175006223609671e-05, 1.0, 0.9997936487197876, 0.020309126004576683, -0.0004385677457321435, 1.0, 0.9999915957450867, -0.004101935308426619, -4.857629392063245e-05, 1.0, 0.9995738863945007, -0.029185576364398003, 0.00024882127763703465, 1.0, 0.9991926550865173, -0.04017287492752075, -0.00031283407588489354, 1.0, 0.9990957975387573, -0.04251713678240776, 3.8823516661068425e-05, 1.0, 0.9992697238922119, -0.03821052238345146, -7.232621283037588e-05, 1.0, 0.99970543384552, -0.024267205968499184, 3.8388634493458085e-06, 1.0, 0.999925434589386, -0.012215971946716309, -3.0508694180753082e-05, 1.0, 0.9998047947883606, -0.01975962519645691, 2.595248361103586e-06, 1.0, 0.9994167685508728, -0.03414829447865486, -2.169471736124251e-05, 1.0, 0.998685896396637, -0.05124978721141815, 4.147787421970861e-06, 1.0, 0.9993115663528442, -0.03710087016224861, -0.00012246273399796337, 1.0, 0.9996861815452576, -0.025047870352864265, -6.653356831520796e-05, 1.0, 0.999961793422699, -0.008742544800043106, -2.3007360141491517e-05, 1.0, 0.9998802542686462, 0.015473181381821632, 0.00027570832753553987, 1.0, 0.9995074272155762, 0.03138437867164612, 0.0001808514934964478, 1.0, 0.9996092915534973, 0.027952389791607857, 4.251746941008605e-05, 1.0, 0.9998906254768372, 0.014793789014220238, 1.691234683676157e-05, 1.0, 0.9999460577964783, 0.010381096042692661, 1.7920315542596654e-07, 1.0, 0.9999954700469971, 0.00299379276111722, -2.4860704797902144e-05, 1.0, 0.9999310970306396, 0.011739126406610012, 1.4390155229193624e-05, 1.0, 0.9994308948516846, 0.03373337537050247, 3.1337272957898676e-05, 1.0, 0.9980981349945068, 0.061645276844501495, 9.856570613919757e-06, 1.0, 0.9976925253868103, 0.06789395958185196, 6.563757324329345e-07, 1.0, 0.9988963603973389, 0.046968698501586914, -8.638636791147292e-05, 1.0, 0.9994280934333801, 0.03381407633423805, -7.496612852264661e-06, 1.0, 0.999980628490448, 0.0062196869403123856, 0.0002660499594639987, 1.0, 0.9999579191207886, -0.009167233482003212, 0.00016580926603637636, 1.0, 0.9999235272407532, -0.012366032227873802, 2.1859565094928257e-05, 1.0, 0.9999006390571594, 0.014093151316046715, -1.8972697262142901e-06, 1.0, 0.9998741745948792, 0.015869317576289177, -0.0001659144036239013, 1.0, 0.9998432397842407, 0.017705628648400307, -1.087756572815124e-05, 1.0, 0.9999672770500183, 0.008096870966255665, 4.1787814552662894e-05, 1.0, 0.9998536109924316, -0.017109014093875885, 6.717208975715039e-07, 1.0, 0.9991444945335388, -0.041355233639478683, -5.100809357827529e-05, 1.0, 0.9991579055786133, -0.041030190885066986, 0.00011083303979830816, 1.0, 0.9991776943206787, -0.040545713156461716, -2.5948049369617365e-05, 1.0, 0.9992064833641052, -0.039829935878515244, 6.382509309332818e-05, 1.0]
            u0 (float, 194):  [0.5, 0.5, 0.6655302047729492, 0.5, 0.6627546548843384, 0.46762609481811523, 0.65240877866745, 0.4368702173233032, 0.6254647970199585, 0.41616708040237427, 0.6129534840583801, 0.3870465159416199, 0.5871207118034363, 0.3696146607398987, 0.5607177019119263, 0.3534145951271057, 0.5295968651771545, 0.3512064814567566, 0.5, 0.34721827507019043, 0.469336599111557, 0.34584468603134155, 0.4413396418094635, 0.35838133096694946, 0.41257694363594055, 0.3691622018814087, 0.3940240144729614, 0.3940240144729614, 0.3745030164718628, 0.4161456227302551, 0.3505230247974396, 0.43808460235595703, 0.34624266624450684, 0.4694157838821411, 0.3416406810283661, 0.5, 0.3409031927585602, 0.5316463112831116, 0.35616421699523926, 0.5595787167549133, 0.37491118907928467, 0.5835816860198975, 0.38469618558883667, 0.6153038144111633, 0.4112810492515564, 0.6327772736549377, 0.43843141198158264, 0.6486397385597229, 0.4687379002571106, 0.6571651697158813, 0.5, 0.6663281321525574, 0.5303858518600464, 0.6527600288391113, 0.5622467398643494, 0.6502769589424133, 0.5865885615348816, 0.6295889019966125, 0.6127077341079712, 0.6127077341079712, 0.6338101029396057, 0.5894090533256531, 0.6431189179420471, 0.5592817962169647, 0.6480331420898438, 0.529445618391037, 0.8144745826721191, 0.5, 0.8250732421875, 0.43533891439437866, 0.7980285882949829, 0.3765525221824646, 0.7599362730979919, 0.32631611824035645, 0.7306482791900635, 0.2693517208099365, 0.6634232997894287, 0.2554197311401367, 0.6124750375747681, 0.22846126556396484, 0.5593058466911316, 0.20184928178787231, 0.5, 0.16174203157424927, 0.4424290359020233, 0.21057122945785522, 0.3892354965209961, 0.23259079456329346, 0.3398016691207886, 0.260246217250824, 0.29904210567474365, 0.29904210567474365, 0.2500082552433014, 0.332960844039917, 0.20311489701271057, 0.37702614068984985, 0.16791467368602753, 0.43394410610198975, 0.19549375772476196, 0.5, 0.19869352877140045, 0.5599335730075836, 0.22139349579811096, 0.6154026091098785, 0.24831755459308624, 0.668168842792511, 0.2626994550228119, 0.7373005449771881, 0.3223907947540283, 0.7658109366893768, 0.3853980004787445, 0.7766737341880798, 0.4436301290988922, 0.7833904922008514, 0.5, 0.8360269069671631, 0.5645148754119873, 0.8243382424116135, 0.6297836899757385, 0.8133255243301392, 0.6655880212783813, 0.7478199899196625, 0.7258806824684143, 0.7258807122707367, 0.7872027158737183, 0.6919027268886566, 0.7981626987457275, 0.6235030293464661, 0.840602457523346, 0.5677500367164612, 0.9140444993972778, 0.5, 1.0276862382888794, 0.3950366973876953, 0.8667387366294861, 0.34809184074401855, 0.8760383725166321, 0.24873918294906616, 0.7771561741828918, 0.22284382581710815, 0.7848023176193237, 0.07376319169998169, 0.6889882683753967, 0.04374200105667114, 0.604925274848938, -0.02749490737915039, 0.5, -0.0119246244430542, 0.3958205580711365, -0.023745417594909668, 0.3197406530380249, 0.0648154616355896, 0.19996318221092224, 0.05096316337585449, 0.14408692717552185, 0.14408695697784424, 0.13290537893772125, 0.2547152042388916, 0.0030176632571965456, 0.2941431999206543, 0.0623372420668602, 0.4129434823989868, 0.08195647597312927, 0.5, 0.10766790062189102, 0.5780397057533264, 0.07511593401432037, 0.6759927272796631, 0.15198440849781036, 0.7325365841388702, 0.12405573576688766, 0.8759442642331123, 0.20318344235420227, 0.9442173652350903, 0.3386920094490051, 0.8894319236278534, 0.42113304138183594, 0.8964909538626671, 0.5, 0.9695628341287374, 0.5808485746383667, 0.9064531028270721, 0.680556058883667, 0.9359009489417076, 0.7850819826126099, 0.9266553297638893, 0.8020860552787781, 0.8020860701799393, 0.8767439126968384, 0.7517322450876236, 0.9865567088127136, 0.7015383839607239, 0.9478532671928406, 0.5890835523605347]
            tri (int, 480):  [0, 2, 1, 0, 3, 2, 0, 4, 3, 0, 5, 4, 0, 6, 5, 0, 7, 6, 0, 8, 7, 0, 9, 8, 0, 10, 9, 0, 11, 10, 0, 12, 11, 0, 13, 12, 0, 14, 13, 0, 15, 14, 0, 16, 15, 0, 17, 16, 0, 18, 17, 0, 19, 18, 0, 20, 19, 0, 21, 20, 0, 22, 21, 0, 23, 22, 0, 24, 23, 0, 25, 24, 0, 26, 25, 0, 27, 26, 0, 28, 27, 0, 29, 28, 0, 30, 29, 0, 31, 30, 0, 32, 31, 0, 1, 32, 1, 34, 33, 1, 2, 34, 2, 35, 34, 2, 3, 35, 3, 36, 35, 3, 4, 36, 4, 37, 36, 4, 5, 37, 5, 38, 37, 5, 6, 38, 6, 39, 38, 6, 7, 39, 7, 40, 39, 7, 8, 40, 8, 41, 40, 8, 9, 41, 9, 42, 41, 9, 10, 42, 10, 43, 42, 10, 11, 43, 11, 44, 43, 11, 12, 44, 12, 45, 44, 12, 13, 45, 13, 46, 45, 13, 14, 46, 14, 47, 46, 14, 15, 47, 15, 48, 47, 15, 16, 48, 16, 49, 48, 16, 17, 49, 17, 50, 49, 17, 18, 50, 18, 51, 50, 18, 19, 51, 19, 52, 51, 19, 20, 52, 20, 53, 52, 20, 21, 53, 21, 54, 53, 21, 22, 54, 22, 55, 54, 22, 23, 55, 23, 56, 55, 23, 24, 56, 24, 57, 56, 24, 25, 57, 25, 58, 57, 25, 26, 58, 26, 59, 58, 26, 27, 59, 27, 60, 59, 27, 28, 60, 28, 61, 60, 28, 29, 61, 29, 62, 61, 29, 30, 62, 30, 63, 62, 30, 31, 63, 31, 64, 63, 31, 32, 64, 32, 33, 64, 33, 32, 1, 33, 66, 65, 33, 34, 66, 34, 67, 66, 34, 35, 67, 35, 68, 67, 35, 36, 68, 36, 69, 68, 36, 37, 69, 37, 70, 69, 37, 38, 70, 38, 71, 70, 38, 39, 71, 39, 72, 71, 39, 40, 72, 40, 73, 72, 40, 41, 73, 41, 74, 73, 41, 42, 74, 42, 75, 74, 42, 43, 75, 43, 76, 75, 43, 44, 76, 44, 77, 76, 44, 45, 77, 45, 78, 77, 45, 46, 78, 46, 79, 78, 46, 47, 79, 47, 80, 79, 47, 48, 80, 48, 81, 80, 48, 49, 81, 49, 82, 81, 49, 50, 82, 50, 83, 82, 50, 51, 83, 51, 84, 83, 51, 52, 84, 52, 85, 84, 52, 53, 85, 53, 86, 85, 53, 54, 86, 54, 87, 86, 54, 55, 87, 55, 88, 87, 55, 56, 88, 56, 89, 88, 56, 57, 89, 57, 90, 89, 57, 58, 90, 58, 91, 90, 58, 59, 91, 59, 92, 91, 59, 60, 92, 60, 93, 92, 60, 61, 93, 61, 94, 93, 61, 62, 94, 62, 95, 94, 62, 63, 95, 63, 96, 95, 63, 64, 96, 64, 65, 96, 65, 64, 33]
            boundingsphere (float, 4):  [0.3168644905090332, 0.27504247426986694, 0.5978593826293945, 11.70161525957268]
            aabb:
                min (float, 3):  [-10.257715225219727, 0.0892849862575531, -9.691777229309082]
                max (float, 3):  [10.891444206237793, 0.4607999920845032, 10.887495994567871]
            material:
                shader (str, 1):  ['PdxMeshAdvanced']
                diff (str, 1):  ['air_winter_temperate_maritime_phase_6_diff.dds']
                spec (str, 1):  ['air_winter_temperate_maritime_spec.dds']
                n (str, 1):  ['air_winter_temperate_maritime_n.dds']
locator:
