pdxasset (int, 2):  [1, 0]
object:
    air_winter_equatorial_rainforest_phase_5:
        mesh:
            p (float, 291):  [0.0, 0.4320000112056732, 0.0, 3.1576058864593506, 0.3361207842826843, 0.0, 3.0578536987304688, 0.2831670641899109, 0.6082449555397034, 3.068443775177002, 0.23578596115112305, 1.2709910869598389, 2.739629030227661, 0.20994776487350464, 1.830561637878418, 2.342120409011841, 0.2143615186214447, 2.342120409011841, 1.784427285194397, 0.24753953516483307, 2.670584201812744, 1.242382526397705, 0.29829880595207214, 2.9993767738342285, 0.6639782190322876, 0.34953033924102783, 3.3380439281463623, 2.0685175876193515e-16, 0.3839660584926605, 3.378145694732666, -0.6202951073646545, 0.3899989724159241, 3.118433952331543, -1.2178659439086914, 0.36559563875198364, 2.940188407897949, -1.7284619808197021, 0.31898146867752075, 2.5868263244628906, -2.3667819499969482, 0.26586830615997314, 2.3667819499969482, -2.576904058456421, 0.22415845096111298, 1.721832275390625, -3.0749380588531494, 0.2079107016324997, 1.2736810445785522, -3.360429525375366, 0.222601518034935, 0.6684309840202332, -3.3885068893432617, 0.2632792294025421, 4.1497239934863684e-16, -3.156440258026123, 0.31623291969299316, -0.6278550028800964, -3.118072748184204, 0.3636140525341034, -1.2915480136871338, -2.6038949489593506, 0.3894522488117218, -1.739867091178894, -2.37646746635437, 0.38503846526145935, -2.37646746635437, -1.7496801614761353, 0.3518604636192322, -2.6185812950134277, -1.2737222909927368, 0.3011012077331543, -3.0750374794006348, -0.6034829616546631, 0.24986964464187622, -3.0339138507843018, -5.99904255689721e-16, 0.21543395519256592, -3.2657268047332764, 0.6667081117630005, 0.20940104126930237, -3.3517680168151855, 1.2096196413040161, 0.2338043600320816, -2.9202799797058105, 1.7341548204421997, 0.2804185152053833, -2.595345973968506, 2.2887277603149414, 0.3335317075252533, -2.2887277603149414, 2.5670413970947266, 0.37524154782295227, -1.7152422666549683, 2.877241611480713, 0.39148929715156555, -1.1917924880981445, 3.254523277282715, 0.37679848074913025, -0.6473649144172668, 7.224124431610107, 0.24432078003883362, 0.0, 7.0680742263793945, 0.19136707484722137, 1.405927300453186, 6.442336559295654, 0.14398595690727234, 2.6685030460357666, 5.350386142730713, 0.11814776062965393, 3.5750138759613037, 4.9037766456604, 0.12256152182817459, 4.9037766456604, 3.8172218799591064, 0.15573954582214355, 5.712876319885254, 2.6450557708740234, 0.20649880170822144, 6.3857293128967285, 1.267265796661377, 0.2577303647994995, 6.370975494384766, 4.216104112678116e-16, 0.2921660542488098, 6.885420799255371, -1.2280337810516357, 0.29819896817207336, 6.173742771148682, -2.3745381832122803, 0.27379563450813293, 5.732642650604248, -3.368224620819092, 0.22718147933483124, 5.040904521942139, -4.486209392547607, 0.17406828701496124, 4.486209392547607, -5.35515022277832, 0.13235844671726227, 3.5781970024108887, -5.791506290435791, 0.11611069738864899, 2.3989202976226807, -6.930766582489014, 0.1308015137910843, 1.378615140914917, -6.574174404144287, 0.1714792102575302, 8.051041281509428e-16, -6.295248508453369, 0.22443293035030365, -1.2522027492523193, -6.642819404602051, 0.2718140482902527, -2.7515459060668945, -5.888008117675781, 0.2976522445678711, -3.93424129486084, -4.165732383728027, 0.29323849081993103, -4.165732383728027, -3.50105881690979, 0.26006045937538147, -5.239704608917236, -2.6032023429870605, 0.2093012034893036, -6.28468656539917, -1.2536213397979736, 0.1580696403980255, -6.302380561828613, -1.320537599659255e-15, 0.12363395094871521, -7.188672065734863, 1.3369837999343872, 0.11760103702545166, -6.721471786499023, 2.734952688217163, 0.1420043557882309, -6.602759838104248, 3.768766403198242, 0.1886185258626938, -5.640357494354248, 4.306367874145508, 0.2417317032814026, -4.306367874145508, 4.897963523864746, 0.28344154357910156, -3.272714614868164, 5.902109622955322, 0.29968929290771484, -2.4447338581085205, 5.925318241119385, 0.28499847650527954, -1.1786190271377563, 9.782148361206055, 0.12895439565181732, 0.0, 10.248549461364746, 0.1102648451924324, 2.0385632514953613, 9.041813850402832, 0.09354209899902344, 3.74524188041687, 8.527443885803223, 0.08442273736000061, 5.6978559494018555, 5.955941677093506, 0.08598053455352783, 5.955941677093506, 6.200621604919434, 0.09769042581319809, 9.279886245727539, 4.272212505340576, 0.11560545861721039, 10.314033508300781, 1.749967336654663, 0.13368718326091766, 8.797679901123047, 6.22323311979411e-16, 0.14584095776081085, 10.163311004638672, -1.9864623546600342, 0.14797021448612213, 9.986620903015137, -3.835549831390381, 0.1393572837114334, 9.259836196899414, -4.961275100708008, 0.12290522456169128, 7.42507266998291, -6.519817352294922, 0.1041593998670578, 6.519817352294922, -7.602015018463135, 0.08943827450275421, 5.079504013061523, -8.288809776306152, 0.08370377123355865, 3.4333372116088867, -10.572443962097168, 0.08888877183198929, 2.102989912033081, -10.204961776733398, 0.10324560850858688, 1.2497474563671874e-15, -9.84139347076416, 0.1219351515173912, -1.9575749635696411, -7.420275688171387, 0.13865789771080017, -3.0735788345336914, -6.984938621520996, 0.147777259349823, -4.667186737060547, -6.766916751861572, 0.14621946215629578, -6.766916751861572, -5.754523754119873, 0.13450957834720612, -8.612253189086914, -3.548292636871338, 0.11659453809261322, -8.566336631774902, -2.0520899295806885, 0.09851281344890594, -10.316553115844727, -1.5627086603231142e-15, 0.08635904639959335, -8.506989479064941, 2.0104973316192627, 0.08422978222370148, -10.107452392578125, 4.212081432342529, 0.0928427129983902, -10.168863296508789, 5.930765628814697, 0.10929477214813232, -8.876017570495605, 7.241311073303223, 0.1280405968427658, -7.241311073303223, 6.881160736083984, 0.1427617222070694, -4.59784460067749, 8.325154304504395, 0.14849622547626495, -3.4483916759490967, 9.035204887390137, 0.14331123232841492, -1.7972140312194824]
            n (float, 291):  [0.00037934782449156046, 0.9999999403953552, -0.00023735527065582573, 0.026458676904439926, 0.9978622794151306, 0.059755418449640274, 0.023610029369592667, 0.9974253177642822, 0.06771455705165863, 0.019702352583408356, 0.9982066750526428, 0.05652666464447975, 0.03182055428624153, 0.9987703561782837, 0.03801684081554413, 0.04752827435731888, 0.9987602829933167, 0.014798281714320183, 0.0664227306842804, 0.997774064540863, 0.005907970014959574, 0.07487790286540985, 0.9971813559532166, 0.004768582060933113, 0.058135099709033966, 0.9982025027275085, 0.014559523202478886, 0.02197149023413658, 0.9995408058166504, 0.020866718143224716, -0.01994137652218342, 0.9996629357337952, 0.01662389002740383, -0.05504599213600159, 0.9984734654426575, 0.004550613928586245, -0.07160789519548416, 0.9974089860916138, -0.006894540041685104, -0.06719054281711578, 0.9976240992546082, -0.015219099819660187, -0.06487660855054855, 0.9978848695755005, -0.00410382030531764, -0.03969881683588028, 0.9988651871681213, 0.026312239468097687, -0.03417449817061424, 0.9984297752380371, 0.044384799897670746, -0.03799730911850929, 0.9979416131973267, 0.05165994167327881, -0.04467703029513359, 0.9972810745239258, 0.058603785932064056, -0.03844856843352318, 0.9986512064933777, 0.034891486167907715, -0.020397182554006577, 0.9997900128364563, -0.001957407221198082, 0.0025880152825266123, 0.9993312954902649, -0.0364726223051548, 0.0289609357714653, 0.9982356429100037, -0.05183498561382294, 0.04752746596932411, 0.9974493980407715, -0.0532524511218071, 0.047451674938201904, 0.9973224401473999, -0.055643413215875626, 0.014952114783227444, 0.9988945126533508, -0.044566117227077484, -0.0008372827433049679, 0.9991226196289062, -0.041873104870319366, -0.016822684556245804, 0.9983219504356384, -0.0554107241332531, -0.032429296523332596, 0.9972639679908752, -0.0664294958114624, -0.019228538498282433, 0.9979166388511658, -0.06158439442515373, -0.0015548490919172764, 0.9989246129989624, -0.04633842781186104, 0.01724017597734928, 0.9997804760932922, -0.011902131140232086, 0.029445895925164223, 0.9992284178733826, 0.02599017508327961, 0.03293175250291824, 0.9993301033973694, 0.01596079394221306, 0.01857409067451954, 0.9991321563720703, 0.037283048033714294, 0.009084554389119148, 0.999403178691864, 0.03332902863621712, 0.013610870577394962, 0.9996925592422485, 0.020722681656479836, 0.02578527107834816, 0.999659538269043, 0.004005140624940395, 0.03873138129711151, 0.9992496967315674, -5.902215343667194e-05, 0.03187590837478638, 0.9994022250175476, 0.013380108401179314, 0.03777569159865379, 0.9989315867424011, 0.02662150375545025, 0.017089854925870895, 0.9991939067840576, 0.03632482513785362, -0.01843448542058468, 0.9993884563446045, 0.02971135452389717, -0.041874367743730545, 0.998963475227356, 0.017847970128059387, -0.05095473304390907, 0.9986883401870728, 0.005037808790802956, -0.041141659021377563, 0.9991503357887268, -0.002444132464006543, -0.03103335201740265, 0.9995071291923523, -0.0047499025240540504, -0.020003944635391235, 0.9997017979621887, 0.014004616066813469, -0.013843008317053318, 0.9996581077575684, 0.022184954956173897, -0.024182364344596863, 0.9993101954460144, 0.028183240443468094, -0.037754591554403305, 0.9988616108894348, 0.029155023396015167, -0.06628013402223587, 0.9977704882621765, -0.007812529802322388, -0.0579662099480629, 0.9979333877563477, -0.02772979997098446, -0.01334999781101942, 0.9992444515228271, -0.03649953007698059, 0.00298958458006382, 0.9992274045944214, -0.039188265800476074, 0.019221613183617592, 0.9990783929824829, -0.03837883844971657, 0.026209207251667976, 0.999187171459198, -0.030628720298409462, 0.011330557987093925, 0.9997162222862244, -0.020952699705958366, -0.004185697995126247, 0.9997531175613403, -0.021822622045874596, -0.01254277303814888, 0.9996041059494019, -0.02518499456346035, -0.009617327712476254, 0.9993903636932373, -0.03356214240193367, 0.005396604537963867, 0.9992929697036743, -0.03720811381936073, 0.020278284326195717, 0.9989776015281677, -0.04040500894188881, 0.03687017783522606, 0.99900221824646, -0.025202637538313866, 0.037849485874176025, 0.999250054359436, 0.008165596053004265, 0.036909256130456924, 0.9992997646331787, 0.006136012729257345, 0.023031799122691154, 0.999446451663971, 0.024007659405469894, 0.00999201089143753, 0.9996849298477173, 0.023024721071124077, 0.0066841840744018555, 0.9998782277107239, 0.014102931134402752, 0.02100413292646408, 0.9997736215591431, 0.0033884721342474222, 0.02749977447092533, 0.9996156096458435, 0.003519673366099596, 0.019394703209400177, 0.999713659286499, 0.014017519541084766, 0.022736670449376106, 0.999036431312561, 0.03753797709941864, 0.010791650973260403, 0.999061644077301, 0.04194596782326698, -0.015880217775702477, 0.9992117285728455, 0.03638264536857605, -0.032738495618104935, 0.9991371631622314, 0.025553258135914803, -0.04150919243693352, 0.9990413784980774, 0.013904998078942299, -0.030256111174821854, 0.999529242515564, 0.005083191674202681, -0.022217480465769768, 0.999752402305603, -0.0012379814870655537, -0.010842893272638321, 0.9998883008956909, 0.010286110453307629, -0.01121463067829609, 0.9998248219490051, 0.014983249828219414, -0.01900108903646469, 0.9997096061706543, 0.014823093079030514, -0.03272487595677376, 0.9994342923164368, 0.007749110925942659, -0.08274328708648682, 0.996212899684906, -0.02671057917177677, -0.07548555731773376, 0.9963289499282837, -0.04038109630346298, -0.02914680540561676, 0.9990730881690979, -0.031675927340984344, -0.007744108326733112, 0.9993549585342407, -0.035067010670900345, 0.008077067323029041, 0.9993661046028137, -0.03467079624533653, 0.013003374449908733, 0.9996229410171509, -0.024186154827475548, 0.008732964284718037, 0.9997942447662354, -0.01831212267279625, -0.007206453010439873, 0.9998636841773987, -0.014853931032121181, -0.006924450397491455, 0.9998070597648621, -0.018381698057055473, -0.0007722374284639955, 0.99970942735672, -0.024093467742204666, 0.013679658062756062, 0.9996048212051392, -0.02455710433423519, 0.03641631081700325, 0.9987240433692932, -0.034987982362508774, 0.04520111158490181, 0.9986340403556824, -0.026209918782114983, 0.04709629714488983, 0.9988471865653992, -0.009286521002650261]
            ta (float, 388):  [0.9999999403953552, -0.00037934802821837366, 1.0858690835391371e-08, 1.0, 0.9996486306190491, -0.026507223024964333, 1.9775157852564007e-05, 1.0, 0.9997203946113586, -0.023642970249056816, -0.00031506645609624684, 1.0, 0.9998055696487427, -0.019719194620847702, -0.0002599195286165923, 1.0, 0.9994929432868958, -0.031841084361076355, -6.540703179780394e-05, 1.0, 0.9988695383071899, -0.04753407835960388, 4.095664917258546e-05, 1.0, 0.9977914690971375, -0.06642420589923859, 5.419604349299334e-05, 1.0, 0.9971925616264343, -0.07487896829843521, 4.738878124044277e-05, 1.0, 0.9983080625534058, -0.058144461363554, 0.00022041038027964532, 1.0, 0.9997584223747253, -0.021977517753839493, 5.941643757978454e-05, 1.0, 0.9998010993003845, 0.019944271072745323, -8.439656085101888e-06, 1.0, 0.9984837770462036, 0.0550466850399971, -2.628716356412042e-05, 1.0, 0.9974326491355896, 0.07161001116037369, 5.899048483115621e-05, 1.0, 0.9977395534515381, 0.06719991564750671, 0.0001048717531375587, 1.0, 0.997893214225769, 0.06487718969583511, 8.248657650256064e-06, 1.0, 0.9992111921310425, 0.0397125780582428, -1.9345495161360304e-07, 1.0, 0.9994146227836609, 0.034210462123155594, -5.0756021664710715e-05, 1.0, 0.9992755651473999, 0.038056910037994385, -0.00017021538224071264, 1.0, 0.998997688293457, 0.04476084187626839, -0.0001175354263978079, 1.0, 0.9992596507072449, 0.03847383335232735, -5.272925045574084e-05, 1.0, 0.9997920393943787, 0.020397238433361053, 7.891600944276433e-06, 1.0, 0.9999966621398926, -0.002588130533695221, 4.405788786243647e-05, 1.0, 0.9995787739753723, -0.029017718508839607, -0.0003430871292948723, 1.0, 0.9988651275634766, -0.04762464016675949, -0.000556610117200762, 1.0, 0.9988682866096497, -0.04755876585841179, -0.0006011921213939786, 1.0, 0.9998878240585327, -0.014975280500948429, -0.00018597445159684867, 1.0, 0.9999997019767761, 0.0008427917491644621, 0.0001139255182351917, 1.0, 0.9998577237129211, 0.016864122822880745, 0.0002803180832415819, 1.0, 0.999470055103302, 0.03254488855600357, 0.0006583744543604553, 1.0, 0.9998136162757874, 0.019299190491437912, 0.0005525769665837288, 1.0, 0.9999988079071045, 0.001560328877530992, 8.20911445771344e-05, 1.0, 0.999851405620575, -0.017241375520825386, 2.0986722120142076e-06, 1.0, 0.9995659589767456, -0.029459761455655098, 0.00015081478341016918, 1.0, 0.9994574189186096, -0.03293689340353012, 5.925801087869331e-05, 1.0, 0.9998271465301514, -0.01858948916196823, 6.644485256401822e-05, 1.0, 0.9999586939811707, -0.009086335077881813, -9.801608393900096e-05, 1.0, 0.9999073147773743, -0.01361360214650631, -9.311583198723383e-06, 1.0, 0.9996675252914429, -0.025785552337765694, 1.928302299347706e-05, 1.0, 0.9992496371269226, -0.03873137757182121, 8.432123621560095e-08, 1.0, 0.9994917511940002, -0.031878888607025146, 9.378016329719685e-06, 1.0, 0.9992856383323669, -0.03779134899377823, 8.51961740409024e-05, 1.0, 0.9998538494110107, -0.017098022624850273, -8.581126166973263e-05, 1.0, 0.9998298287391663, 0.018444359302520752, -5.8311212342232466e-05, 1.0, 0.9991226196289062, 0.0418810211122036, 9.13592486995185e-07, 1.0, 0.9987009167671204, 0.050955429673194885, -1.059233363776002e-05, 1.0, 0.9991533756256104, 0.04114179313182831, 5.272323960525682e-06, 1.0, 0.9995183944702148, 0.0310337133705616, 3.2716354780859547e-06, 1.0, 0.9997998476028442, 0.020005829632282257, 5.504367436515167e-06, 1.0, 0.9999041557312012, 0.013846414163708687, -1.8462912976247026e-08, 1.0, 0.9997072815895081, 0.02419276162981987, -2.8030652174493298e-05, 1.0, 0.9992862343788147, 0.03777575492858887, -0.0001751086674630642, 1.0, 0.9978006482124329, 0.06628558039665222, 0.00043849635403603315, 1.0, 0.9983175992965698, 0.05798017233610153, -0.00030072848312556744, 1.0, 0.999910831451416, 0.01335602905601263, -7.860644836910069e-05, 1.0, 0.9999955296516418, -0.002988311927765608, 9.105171920964494e-05, 1.0, 0.9998148083686829, -0.019241929054260254, -0.00016005957149900496, 1.0, 0.9996563196182251, -0.026219094172120094, 7.879319309722632e-05, 1.0, 0.9999357461929321, -0.011332957074046135, 4.288495802029502e-06, 1.0, 0.999991238117218, 0.004186777863651514, 3.8143718938954407e-06, 1.0, 0.9999213218688965, 0.012546859681606293, 4.271149919077288e-06, 1.0, 0.9999537467956543, 0.009622208774089813, -1.6110196156660095e-05, 1.0, 0.99998539686203, -0.005401942878961563, -4.294351674616337e-05, 1.0, 0.999794065952301, -0.020292598754167557, 5.585053440881893e-05, 1.0, 0.9993196129798889, -0.036881279200315475, 2.4267184926429763e-05, 1.0, 0.9992833733558655, -0.03785058483481407, -1.9853157937177457e-05, 1.0, 0.999318540096283, -0.03690991550683975, -5.170154508959968e-06, 1.0, 0.9997345805168152, -0.02303825505077839, -7.759199434076436e-06, 1.0, 0.999950110912323, -0.00999778788536787, 0.00013571299496106803, 1.0, 0.9999776482582092, -0.006684873718768358, 1.7606874962439178e-06, 1.0, 0.9997794032096863, -0.02100425772368908, 1.3020171252264845e-07, 1.0, 0.9996218085289001, -0.027499912306666374, -9.449458957533352e-06, 1.0, 0.9998119473457336, -0.019394701346755028, -0.00013621141260955483, 1.0, 0.9997411370277405, -0.02275010570883751, -6.919902807567269e-05, 1.0, 0.9999415874481201, -0.010806923732161522, 0.00013736964319832623, 1.0, 0.9998737573623657, 0.01588600128889084, 0.00013007683446630836, 1.0, 0.999463677406311, 0.03274768963456154, 5.880251046619378e-05, 1.0, 0.9991379380226135, 0.04151267558336258, 3.783925058087334e-05, 1.0, 0.9995421767234802, 0.030256295576691628, 4.088504647370428e-05, 1.0, 0.9997531175613403, 0.022217489778995514, -6.323904926830437e-06, 1.0, 0.9999411702156067, 0.010843491181731224, -2.3190295905806124e-06, 1.0, 0.999937117099762, 0.01121552474796772, 2.442034747218713e-05, 1.0, 0.9998194575309753, 0.01900234818458557, 5.577546471613459e-05, 1.0, 0.9994643926620483, 0.032725244760513306, 7.968919089762494e-05, 1.0, 0.9965676069259644, 0.08278217166662216, 0.000351510476320982, 1.0, 0.9971426725387573, 0.07554194331169128, -0.00012981104373466223, 1.0, 0.9995746612548828, 0.029164591804146767, 9.949603554559872e-05, 1.0, 0.9999698996543884, 0.007750730495899916, 5.288557804306038e-05, 1.0, 0.9999672770500183, -0.008079588413238525, 6.732758629368618e-05, 1.0, 0.9999154210090637, -0.013003766536712646, 0.00014109570474829525, 1.0, 0.9999618530273438, -0.00873454101383686, -6.223135642358102e-06, 1.0, 0.9999740123748779, 0.007207274436950684, 1.7444768900531926e-06, 1.0, 0.9999760389328003, 0.006923856679350138, -9.588994726072997e-05, 1.0, 0.9999996423721313, 0.0007706065662205219, -7.696140528423712e-05, 1.0, 0.9999064207077026, -0.013684969395399094, -4.815382635570131e-05, 1.0, 0.9993358254432678, -0.03643951937556267, -2.5686415028758347e-05, 1.0, 0.9989771246910095, -0.045218709856271744, -7.885316153988242e-05, 1.0, 0.9988902807235718, -0.04709838330745697, -5.993082140776096e-06, 1.0]
            u0 (float, 194):  [0.5, 0.5, 0.6529847979545593, 0.5, 0.6481518149375916, 0.47053074836730957, 0.6486648917198181, 0.43842095136642456, 0.632733941078186, 0.41131001710891724, 0.6134748458862305, 0.38652515411376953, 0.5864548087120056, 0.3706112504005432, 0.5601929426193237, 0.3546813726425171, 0.5321694612503052, 0.3382730484008789, 0.5, 0.3363301753997803, 0.469946950674057, 0.3489130735397339, 0.44099485874176025, 0.3575490117073059, 0.41625669598579407, 0.37466925382614136, 0.38533031940460205, 0.38533031940460205, 0.37514999508857727, 0.41657787561416626, 0.3510204553604126, 0.43829065561294556, 0.3371884822845459, 0.4676147699356079, 0.33582815527915955, 0.5, 0.34707170724868774, 0.5304193198680878, 0.34893059730529785, 0.5625750124454498, 0.3738422989845276, 0.5842958986759186, 0.3848610818386078, 0.6151389181613922, 0.4152286648750305, 0.626869261264801, 0.4382886588573456, 0.6489843726158142, 0.4707614779472351, 0.6469919383525848, 0.5, 0.6582232117652893, 0.5323017239570618, 0.662391871213913, 0.5586056113243103, 0.6414864361286163, 0.584019124507904, 0.6257435083389282, 0.6108879446983337, 0.6108879745006561, 0.6243721842765808, 0.583102822303772, 0.6394012570381165, 0.5577418804168701, 0.6576803922653198, 0.5313645899295807, 0.8500060439109802, 0.5, 0.842445433139801, 0.43188339471817017, 0.8121287226676941, 0.3707120418548584, 0.7592241168022156, 0.3267919421195984, 0.7375860810279846, 0.2624139189720154, 0.684942901134491, 0.22321337461471558, 0.6281519532203674, 0.19061386585235596, 0.5613985657691956, 0.19132870435714722, 0.5, 0.16640406847000122, 0.44050222635269165, 0.20088458061218262, 0.3849545419216156, 0.22225570678710938, 0.336810827255249, 0.25577014684677124, 0.2826448976993561, 0.2826448678970337, 0.24054504930973053, 0.32663774490356445, 0.21940377354621887, 0.38377320766448975, 0.16420705616474152, 0.43320661783218384, 0.18148380517959595, 0.5, 0.1949976533651352, 0.5606687366962433, 0.1781579703092575, 0.6333113312721252, 0.21472828090190887, 0.6906124651432037, 0.29817187786102295, 0.701828122138977, 0.330375075340271, 0.753861665725708, 0.37387585639953613, 0.8044906258583069, 0.4392625391483307, 0.8053478896617889, 0.5, 0.8482883721590042, 0.5647763609886169, 0.825652688741684, 0.6325073838233948, 0.819901168346405, 0.6825952529907227, 0.7732731401920319, 0.7086418867111206, 0.7086418569087982, 0.7373044490814209, 0.6585617363452911, 0.7859549522399902, 0.618446409702301, 0.787079393863678, 0.5571036338806152, 0.9739412665367126, 0.5, 0.9965382218360901, 0.40123242139816284, 0.9380723834037781, 0.31854450702667236, 0.9131513833999634, 0.22394108772277832, 0.788563072681427, 0.211436927318573, 0.8004177212715149, 0.050393104553222656, 0.7069870233535767, 0.00028908252716064453, 0.5847852230072021, 0.07375580072402954, 0.5, 0.007591545581817627, 0.40375667810440063, 0.01615208387374878, 0.31416910886764526, 0.05136454105377197, 0.25962814688682556, 0.14025813341140747, 0.1841173768043518, 0.1841173768043518, 0.1316853165626526, 0.2538999915122986, 0.09841039776802063, 0.3336561322212219, -0.012230806052684784, 0.3981109857559204, 0.005573541857302189, 0.5, 0.023188279941678047, 0.5948437452316284, 0.14049051702022552, 0.648913711309433, 0.16158242523670197, 0.7261233925819397, 0.1721455156803131, 0.8278544843196869, 0.2211955487728119, 0.9172603413462639, 0.32808658480644226, 0.915035679936409, 0.40057703852653503, 0.999832996763871, 0.5, 0.9121603518724442, 0.5974078178405762, 0.9897021343931556, 0.7040737271308899, 0.992677500937134, 0.7873432636260986, 0.9300396218895912, 0.8508387207984924, 0.8508387207984924, 0.8333895802497864, 0.7227637767791748, 0.9033504724502563, 0.6670732498168945, 0.9377521872520447, 0.5870743095874786]
            tri (int, 480):  [0, 2, 1, 0, 3, 2, 0, 4, 3, 0, 5, 4, 0, 6, 5, 0, 7, 6, 0, 8, 7, 0, 9, 8, 0, 10, 9, 0, 11, 10, 0, 12, 11, 0, 13, 12, 0, 14, 13, 0, 15, 14, 0, 16, 15, 0, 17, 16, 0, 18, 17, 0, 19, 18, 0, 20, 19, 0, 21, 20, 0, 22, 21, 0, 23, 22, 0, 24, 23, 0, 25, 24, 0, 26, 25, 0, 27, 26, 0, 28, 27, 0, 29, 28, 0, 30, 29, 0, 31, 30, 0, 32, 31, 0, 1, 32, 1, 34, 33, 1, 2, 34, 2, 35, 34, 2, 3, 35, 3, 36, 35, 3, 4, 36, 4, 37, 36, 4, 5, 37, 5, 38, 37, 5, 6, 38, 6, 39, 38, 6, 7, 39, 7, 40, 39, 7, 8, 40, 8, 41, 40, 8, 9, 41, 9, 42, 41, 9, 10, 42, 10, 43, 42, 10, 11, 43, 11, 44, 43, 11, 12, 44, 12, 45, 44, 12, 13, 45, 13, 46, 45, 13, 14, 46, 14, 47, 46, 14, 15, 47, 15, 48, 47, 15, 16, 48, 16, 49, 48, 16, 17, 49, 17, 50, 49, 17, 18, 50, 18, 51, 50, 18, 19, 51, 19, 52, 51, 19, 20, 52, 20, 53, 52, 20, 21, 53, 21, 54, 53, 21, 22, 54, 22, 55, 54, 22, 23, 55, 23, 56, 55, 23, 24, 56, 24, 57, 56, 24, 25, 57, 25, 58, 57, 25, 26, 58, 26, 59, 58, 26, 27, 59, 27, 60, 59, 27, 28, 60, 28, 61, 60, 28, 29, 61, 29, 62, 61, 29, 30, 62, 30, 63, 62, 30, 31, 63, 31, 64, 63, 31, 32, 64, 32, 33, 64, 33, 32, 1, 33, 66, 65, 33, 34, 66, 34, 67, 66, 34, 35, 67, 35, 68, 67, 35, 36, 68, 36, 69, 68, 36, 37, 69, 37, 70, 69, 37, 38, 70, 38, 71, 70, 38, 39, 71, 39, 72, 71, 39, 40, 72, 40, 73, 72, 40, 41, 73, 41, 74, 73, 41, 42, 74, 42, 75, 74, 42, 43, 75, 43, 76, 75, 43, 44, 76, 44, 77, 76, 44, 45, 77, 45, 78, 77, 45, 46, 78, 46, 79, 78, 46, 47, 79, 47, 80, 79, 47, 48, 80, 48, 81, 80, 48, 49, 81, 49, 82, 81, 49, 50, 82, 50, 83, 82, 50, 51, 83, 51, 84, 83, 51, 52, 84, 52, 85, 84, 52, 53, 85, 53, 86, 85, 53, 54, 86, 54, 87, 86, 54, 55, 87, 55, 88, 87, 55, 56, 88, 56, 89, 88, 56, 57, 89, 57, 90, 89, 57, 58, 90, 58, 91, 90, 58, 59, 91, 59, 92, 91, 59, 60, 92, 60, 93, 92, 60, 61, 93, 61, 94, 93, 61, 62, 94, 62, 95, 94, 62, 63, 95, 63, 96, 95, 63, 64, 96, 64, 65, 96, 65, 64, 33]
            boundingsphere (float, 4):  [-0.16194725036621094, 0.25785189867019653, -0.0012598037719726562, 11.253781753352582]
            aabb:
                min (float, 3):  [-10.572443962097168, 0.08370377123355865, -10.316553115844727]
                max (float, 3):  [10.248549461364746, 0.4320000112056732, 10.314033508300781]
            material:
                shader (str, 1):  ['PdxMeshAdvanced']
                diff (str, 1):  ['air_winter_equatorial_rainforest_phase_5_diff.dds']
                spec (str, 1):  ['air_winter_equatorial_rainforest_spec.dds']
                n (str, 1):  ['air_winter_equatorial_rainforest_n.dds']
locator:
