pdxasset (int, 2):  [1, 0]
object:
    air_winter_mediterranean_phase_5:
        mesh:
            p (float, 291):  [0.0, 0.4320000112056732, 0.0, 3.159825086593628, 0.33090317249298096, 0.0, 3.1609270572662354, 0.3736092150211334, 0.6287474632263184, 2.914391279220581, 0.3914033770561218, 1.207180380821228, 2.6827504634857178, 0.3782879114151001, 1.7925565242767334, 2.3239099979400635, 0.338683545589447, 2.3239099979400635, 1.8424663543701172, 0.28593936562538147, 2.757445812225342, 1.215372920036316, 0.23783333599567413, 2.9341697692871094, 0.6266947984695435, 0.21058014035224915, 3.1506073474884033, 1.9278978099276228e-16, 0.21336574852466583, 3.148496150970459, -0.6588173508644104, 0.24525125324726105, 3.312098503112793, -1.2207752466201782, 0.29548928141593933, 2.9472122192382812, -1.8897336721420288, 0.347146600484848, 2.828186273574829, -2.1997714042663574, 0.3828115165233612, 2.1997714042663574, -2.5672237873077393, 0.3904627859592438, 1.7153640985488892, -2.990283489227295, 0.3675214946269989, 1.2386159896850586, -3.1738786697387695, 0.3217202425003052, 0.6313236951828003, -3.3545777797698975, 0.2684968113899231, 4.1081727922588087e-16, -3.3306291103363037, 0.22579076886177063, -0.6625033020973206, -3.0199766159057617, 0.20799662172794342, -1.2509151697158813, -2.6541502475738525, 0.22111208736896515, -1.7734464406967163, -2.3628900051116943, 0.26071643829345703, -2.3628900051116943, -1.8054368495941162, 0.31346064805984497, -2.7020270824432373, -1.2157578468322754, 0.3615666627883911, -2.9350991249084473, -0.6242119669914246, 0.3888198435306549, -3.138125419616699, -5.66644501164156e-16, 0.3860342502593994, -3.0846691131591797, 0.6514082551002502, 0.3541487455368042, -3.274850368499756, 1.1866297721862793, 0.3039107024669647, -2.8647775650024414, 1.7511510848999023, 0.2522534132003784, -2.6207828521728516, 2.338381290435791, 0.21658849716186523, -2.338381290435791, 2.749723434448242, 0.20893721282482147, -1.8373064994812012, 3.054946184158325, 0.23187850415706635, -1.2654000520706177, 3.248316764831543, 0.27767977118492126, -0.646130383014679, 6.9601054191589355, 0.23910318315029144, 0.0, 7.028990268707275, 0.2818092405796051, 1.3981530666351318, 6.65178918838501, 0.2996033728122711, 2.7552614212036133, 5.293446063995361, 0.2864879071712494, 3.5369675159454346, 4.46473503112793, 0.2468835562467575, 4.46473503112793, 3.3362205028533936, 0.19413936138153076, 4.993007183074951, 2.4606127738952637, 0.14603333175182343, 5.940444469451904, 1.181787371635437, 0.11878014355897903, 5.941246032714844, 4.3787479381385383e-16, 0.12156575173139572, 7.15103816986084, -1.3445860147476196, 0.15345124900341034, 6.759690284729004, -2.3527987003326416, 0.20368929207324982, 5.6801581382751465, -3.779723644256592, 0.2553465962409973, 5.6567559242248535, -4.817442417144775, 0.2910115122795105, 4.817442417144775, -4.949182510375977, 0.29866278171539307, 3.3069379329681396, -6.441205024719238, 0.2757214903831482, 2.668034553527832, -6.731117248535156, 0.22992023825645447, 1.338902473449707, -6.488552093505859, 0.17669682204723358, 7.946184425990858e-16, -7.02780294418335, 0.13399076461791992, -1.3979169130325317, -5.484635353088379, 0.11619661748409271, -2.271810293197632, -4.871216297149658, 0.12931208312511444, -3.254842519760132, -4.842723369598389, 0.16891644895076752, -4.842723369598389, -3.7589621543884277, 0.22166064381599426, -5.6256842613220215, -2.2256813049316406, 0.2697666585445404, -5.373270034790039, -1.3031342029571533, 0.2970198690891266, -6.551297664642334, -1.2230580834739148e-15, 0.2942342460155487, -6.658018112182617, 1.2395226955413818, 0.2623487412929535, -6.231501579284668, 2.292947769165039, 0.2121107131242752, -5.535665988922119, 3.880772590637207, 0.1604534089565277, -5.807986736297607, 5.0140700340271, 0.12478849291801453, -5.0140700340271, 5.494149208068848, 0.11713720858097076, -3.6710731983184814, 5.6611199378967285, 0.14007849991321564, -2.3449127674102783, 6.461300849914551, 0.18587975203990936, -1.285232663154602, 10.063363075256348, 0.12711288034915924, 0.0, 9.46721363067627, 0.14218561351299286, 1.883145809173584, 9.755370140075684, 0.14846590161323547, 4.040806770324707, 7.262872695922852, 0.14383691549301147, 4.852896213531494, 7.6469597816467285, 0.12985889613628387, 7.6469597816467285, 5.716988563537598, 0.11124330013990402, 8.55607795715332, 3.2264726161956787, 0.09426470845937729, 7.789393901824951, 1.6190823316574097, 0.08464593440294266, 8.139677047729492, 6.41769706140712e-16, 0.08562909066677094, 10.480894088745117, -1.7683888673782349, 0.09688279777765274, 8.890291213989258, -4.158586502075195, 0.11461386829614639, 10.039715766906738, -6.0926103591918945, 0.13284584879875183, 9.11823558807373, -6.298011302947998, 0.1454334706068039, 6.298011302947998, -8.614874839782715, 0.14813393354415894, 5.756275177001953, -8.042977333068848, 0.14003700017929077, 3.331510305404663, -9.418917655944824, 0.12387184798717499, 1.8735393285751343, -8.616056442260742, 0.10508711636066437, 1.0551626008009564e-15, -10.343321800231934, 0.09001439064741135, -2.0574147701263428, -7.822772026062012, 0.08373410254716873, -3.240298271179199, -9.085400581359863, 0.08836308866739273, -6.0706706047058105, -6.478565692901611, 0.10234110057353973, -6.478565692901611, -4.956218242645264, 0.12095669656991959, -7.417505264282227, -3.115687847137451, 0.13793529570102692, -7.521935939788818, -1.6942589282989502, 0.14755406975746155, -8.51761531829834, -1.509311385690848e-15, 0.14657090604305267, -8.21630859375, 1.701169729232788, 0.13531720638275146, -8.55235767364502, 4.255252838134766, 0.11758613586425781, -10.273089408874512, 5.606919765472412, 0.09935414046049118, -8.391348838806152, 5.927684307098389, 0.08676652610301971, -5.927684307098389, 6.945704936981201, 0.08406607061624527, -4.640971660614014, 8.74927043914795, 0.09216299653053284, -3.6240663528442383, 10.585001945495605, 0.10832814872264862, -2.105487823486328]
            n (float, 291):  [0.00020530536130536348, 1.0, 7.183837442426011e-05, 0.0284299124032259, 0.9976462721824646, -0.06239990144968033, 0.027503998950123787, 0.9990346431732178, -0.034255582839250565, 0.016364511102437973, 0.9998449683189392, 0.006500262767076492, -0.0017510021571069956, 0.9990940690040588, 0.04252013564109802, -0.021732348948717117, 0.997758686542511, 0.06328688561916351, -0.0346057191491127, 0.9971134066581726, 0.06758270412683487, -0.031101129949092865, 0.997536301612854, 0.06288114935159683, -0.004476757254451513, 0.9987542629241943, 0.049698613584041595, 0.03097122721374035, 0.9982981085777283, 0.049413930624723434, 0.03875544294714928, 0.9982147216796875, 0.04544582962989807, 0.04731738194823265, 0.9970909953117371, 0.05975473299622536, 0.03276212140917778, 0.9980732798576355, 0.05269075557589531, 0.0009920202428475022, 0.9995554685592651, 0.029797153547406197, -0.02199964039027691, 0.9997503757476807, 0.0038922119420021772, -0.035441335290670395, 0.9990199208259583, -0.026516051962971687, -0.0416412353515625, 0.9975690245628357, -0.05587512627243996, -0.037517622113227844, 0.9977341890335083, -0.05584637448191643, -0.03250197693705559, 0.9982345104217529, -0.04971455782651901, -0.041632030159235, 0.9986225962638855, -0.031933173537254333, -0.06485104560852051, 0.9978816509246826, 0.005152477417141199, -0.07148327678442001, 0.9972662329673767, 0.01871476136147976, -0.06537884473800659, 0.9978446364402771, 0.00562926335260272, -0.055580880492925644, 0.9984390139579773, -0.005505663342773914, -0.02291259914636612, 0.9996037483215332, -0.016352852806448936, 0.022711241617798805, 0.9995487332344055, -0.019658338278532028, 0.05980100482702255, 0.9980965256690979, -0.015069549903273582, 0.078274667263031, 0.9969121217727661, -0.0062737069092690945, 0.062495313584804535, 0.9980132579803467, -0.00799246784299612, 0.04764823615550995, 0.9987809658050537, -0.01289717759937048, 0.035819146782159805, 0.9988682270050049, -0.03129302337765694, 0.02502768114209175, 0.9979971051216125, -0.058098502457141876, 0.023233091458678246, 0.997322678565979, -0.06933682411909103, 0.02980438619852066, 0.9990614652633667, -0.031431108713150024, 0.03995127975940704, 0.9990773797035217, -0.01575690507888794, 0.030808014795184135, 0.9992137551307678, 0.024954546242952347, 0.016467366367578506, 0.9990915060043335, 0.03930595889687538, 0.0007144950213842094, 0.9991812109947205, 0.04045231640338898, -0.02043512649834156, 0.9986794590950012, 0.04713510721921921, -0.018166813999414444, 0.9992229342460632, 0.03497878089547157, 0.00030102021992206573, 0.999639093875885, 0.026862746104598045, 0.015175899490714073, 0.9997212886810303, 0.018082691356539726, 0.019805897027254105, 0.9994309544563293, 0.027304785326123238, 0.029117193073034286, 0.9987094402313232, 0.04161299020051956, 0.003320741467177868, 0.9993153810501099, 0.036848582327365875, -0.021491175517439842, 0.9992496371269226, 0.03222202882170677, -0.030657226219773293, 0.9994274973869324, 0.014310453087091446, -0.045904263854026794, 0.9989416599273682, -0.0028889814857393503, -0.041833821684122086, 0.9987204074859619, -0.028416533023118973, -0.029384460300207138, 0.9989623427391052, -0.03479602560400963, -0.01517922431230545, 0.9996563196182251, -0.02137467823922634, -0.01920783706009388, 0.9996336102485657, -0.019070450216531754, -0.03694271296262741, 0.9992687106132507, 0.009859160520136356, -0.038321416825056076, 0.9992634654045105, 0.001995003316551447, -0.0357394739985466, 0.9991394281387329, -0.021049942821264267, -0.0453154630959034, 0.9986609816551208, -0.024956516921520233, -0.026909109205007553, 0.9984365105628967, -0.0489933043718338, 0.014621615409851074, 0.9984208345413208, -0.05424049124121666, 0.030619679018855095, 0.9989814162254333, -0.03314468637108803, 0.043000027537345886, 0.9990027546882629, -0.012022155337035656, 0.035517290234565735, 0.9993639588356018, -0.0031990802381187677, 0.03147035837173462, 0.99949711561203, -0.0038884058594703674, 0.019076073542237282, 0.9997039437294006, -0.015106242150068283, 0.01258722972124815, 0.999221920967102, -0.037376221269369125, 0.01596691459417343, 0.998962938785553, -0.04264039546251297, 0.033033519983291626, 0.9993165731430054, -0.0165871549397707, 0.05043063312768936, 0.9986981153488159, -0.007670235820114613, 0.04169243201613426, 0.9988434910774231, 0.023944849148392677, 0.028826698660850525, 0.998677134513855, 0.04257969930768013, 0.007425357587635517, 0.9995395541191101, 0.0294200349599123, -0.009807039983570576, 0.9993340373039246, 0.03514770045876503, -0.014541905373334885, 0.999417781829834, 0.03086393140256405, 0.005591446999460459, 0.9998483061790466, 0.016495568677783012, 0.008334404788911343, 0.9998563528060913, 0.01475747860968113, 0.011981852352619171, 0.9996523261070251, 0.023488663136959076, 0.014440503902733326, 0.9993860721588135, 0.031919367611408234, -0.003901250660419464, 0.9995189905166626, 0.030767448246479034, -0.032712239772081375, 0.9989553093910217, 0.03191009536385536, -0.0391157791018486, 0.998978853225708, 0.022612154483795166, -0.05227413773536682, 0.9986055493354797, 0.007380119990557432, -0.04730907827615738, 0.9988023638725281, -0.012473547831177711, -0.03014691360294819, 0.9993794560432434, -0.01822016015648842, -0.013890299946069717, 0.999813437461853, -0.013423403725028038, -0.011006549932062626, 0.9999045729637146, -0.008356158621609211, -0.01765483245253563, 0.9998366832733154, 0.003862952347844839, -0.02660703845322132, 0.9996302723884583, -0.0055946530774235725, -0.030116157606244087, 0.999100387096405, -0.029858538880944252, -0.038444798439741135, 0.9980332851409912, -0.049513187259435654, -0.0266440249979496, 0.9973779916763306, -0.06728462874889374, 0.01177805382758379, 0.9969882369041443, -0.07665302604436874, 0.012911699712276459, 0.9990637302398682, -0.041290782392024994, 0.021623192355036736, 0.9996581077575684, -0.014702990651130676, 0.029961280524730682, 0.9995352029800415, -0.005628278944641352, 0.030736614018678665, 0.9995181560516357, -0.004324415232986212, 0.014238135889172554, 0.9997807741165161, -0.015347958542406559, 0.007995020598173141, 0.9995629787445068, -0.028458386659622192, 0.016871590167284012, 0.999520480632782, -0.025967171415686607]
            ta (float, 388):  [1.0, -0.00020530575420707464, 3.320369401649259e-08, 1.0, 0.9995944499969482, -0.028476810082793236, 0.0001378969755023718, 1.0, 0.9996212720870972, -0.02752028778195381, -4.0283307498611975e-06, 1.0, 0.9998660087585449, -0.01636493392288685, 1.1961162272200454e-05, 1.0, 0.9999985098838806, 0.0017534906510263681, -2.12255308724707e-05, 1.0, 0.9997624754905701, 0.02179243601858616, -0.0002592421369627118, 1.0, 0.9993958473205566, 0.0347454696893692, -0.0008931743213906884, 1.0, 0.9995136260986328, 0.031182602047920227, -0.0003144782967865467, 1.0, 0.9999898672103882, 0.004498175345361233, -0.00031912114354781806, 1.0, 0.9995190501213074, -0.031012287363409996, 6.439644494093955e-05, 1.0, 0.9992458820343018, -0.03882536292076111, 0.0006564187933690846, 1.0, 0.9988740086555481, -0.04743737727403641, 0.0005904666031710804, 1.0, 0.9994610548019409, -0.03282414376735687, 0.00031194716575555503, 1.0, 0.9999995827674866, -0.0009945566998794675, 7.029114931356162e-05, 1.0, 0.9997579455375671, 0.021999839693307877, -7.717043445154559e-06, 1.0, 0.9993712902069092, 0.035456299781799316, 9.426176256965846e-05, 1.0, 0.9991299510002136, 0.041705116629600525, -2.274877260788344e-05, 1.0, 0.9992936253547668, 0.03757762536406517, 2.430130734865088e-05, 1.0, 0.9994702339172363, 0.032546769827604294, 9.151843551080674e-05, 1.0, 0.9991320371627808, 0.04165477305650711, 4.687947148340754e-05, 1.0, 0.9978948831558228, 0.06485194712877274, -8.084973160293885e-06, 1.0, 0.997440755367279, 0.07149769365787506, -0.00010145943815587088, 1.0, 0.9978604316711426, 0.06538029760122299, -7.30375322746113e-05, 1.0, 0.9984541535377502, 0.05558200553059578, 5.139744098414667e-05, 1.0, 0.9997374415397644, 0.022915439680218697, -1.3744994248554576e-05, 1.0, 0.9997419714927673, -0.02271629311144352, -3.375739834154956e-05, 1.0, 0.9982098937034607, -0.05980919301509857, -9.229510760633275e-05, 1.0, 0.9969316720962524, -0.07827679067850113, -9.311816393164918e-05, 1.0, 0.9980451464653015, -0.062498051673173904, -9.274247713619843e-05, 1.0, 0.9988639950752258, -0.047652747482061386, -4.269244891474955e-05, 1.0, 0.9993577599525452, -0.03583591431379318, 2.5210578314727172e-05, 1.0, 0.9996860027313232, -0.025058895349502563, 0.00019131104636471719, 1.0, 0.9997291564941406, -0.02326979674398899, 0.00027840110124088824, 1.0, 0.9995551109313965, -0.029825203120708466, -0.00019367903587408364, 1.0, 0.9992014169692993, -0.039957642555236816, -8.864002302289009e-05, 1.0, 0.9995250105857849, -0.030817819759249687, 8.450241693935823e-06, 1.0, 0.9998642206192017, -0.016478843986988068, -3.2046860724221915e-05, 1.0, 0.9999998211860657, -0.0007118877838365734, -7.885232480475679e-05, 1.0, 0.9997907280921936, 0.020460134372115135, -4.808978337678127e-05, 1.0, 0.9998348355293274, 0.01817554607987404, 6.82823738316074e-05, 1.0, 0.9999998807907104, -0.00030061189318075776, -1.9213812265661545e-05, 1.0, 0.999884843826294, -0.015178222209215164, -8.800128853181377e-06, 1.0, 0.9998037815093994, -0.019811857491731644, -5.227468864177354e-05, 1.0, 0.9995751976966858, -0.029142683371901512, 5.981235062790802e-06, 1.0, 0.9999944567680359, -0.003328180406242609, 0.0001405305665684864, 1.0, 0.9997681975364685, 0.021521450951695442, -0.0005929091712459922, 1.0, 0.9995298385620117, 0.03066078945994377, -2.9654798709088936e-05, 1.0, 0.9989458918571472, 0.04590453580021858, 2.6288334993296303e-05, 1.0, 0.9991238117218018, 0.04185228422284126, 5.4864154662936926e-05, 1.0, 0.9995676875114441, 0.02940301038324833, 2.13518815144198e-05, 1.0, 0.9998847246170044, 0.015182900242507458, 9.67390133155277e-06, 1.0, 0.9998154640197754, 0.01921088434755802, -2.349350143049378e-05, 1.0, 0.9993172883987427, 0.0369446836411953, -1.7977099560084753e-05, 1.0, 0.9992654919624329, 0.03832155093550682, -3.065133932977915e-05, 1.0, 0.9993607997894287, 0.03574831783771515, 4.3941312469542027e-05, 1.0, 0.9989721179008484, 0.0453290119767189, -2.2726049792254344e-05, 1.0, 0.9996368885040283, 0.02694590575993061, 9.059735020855442e-05, 1.0, 0.9998922944068909, -0.014668175019323826, -0.00046038522850722075, 1.0, 0.9995297193527222, -0.03065754659473896, -0.0006348024471662939, 1.0, 0.9990749359130859, -0.04300324618816376, -9.447669071960263e-06, 1.0, 0.9993690252304077, -0.03551745414733887, 5.914356734137982e-06, 1.0, 0.9995046854019165, -0.03147056698799133, 6.616021437366726e-06, 1.0, 0.9998180270195007, -0.019078440964221954, -1.2669390343944542e-05, 1.0, 0.999920666217804, -0.012594809755682945, 3.2677638955647126e-05, 1.0, 0.9998721480369568, -0.015982970595359802, -3.5679688153322786e-05, 1.0, 0.9994540810585022, -0.03303651139140129, 9.370854240842164e-05, 1.0, 0.998727560043335, -0.050432030111551285, 1.1554122465895489e-05, 1.0, 0.9991300702095032, -0.0417032390832901, -4.820755566470325e-05, 1.0, 0.9995836615562439, -0.02885313704609871, 6.381329512805678e-06, 1.0, 0.9999723434448242, -0.007436131127178669, 0.0002567621413618326, 1.0, 0.9999518394470215, 0.009807427413761616, 0.0001613535569049418, 1.0, 0.9998942017555237, 0.014545253477990627, 0.00011607390479184687, 1.0, 0.9999843835830688, -0.005592451896518469, 1.477586556575261e-05, 1.0, 0.9999653100967407, -0.008334558457136154, -5.111085920361802e-05, 1.0, 0.9999281764030457, -0.011984951794147491, -8.786261787463445e-06, 1.0, 0.9998956918716431, -0.014442112296819687, -0.0001801486505428329, 1.0, 0.9999921917915344, 0.003915567882359028, -0.00040513669955544174, 1.0, 0.9994643330574036, 0.032726630568504333, 7.143657421693206e-05, 1.0, 0.9992344975471497, 0.039120934903621674, 0.00021440569253172725, 1.0, 0.9986326694488525, 0.05227552354335785, 4.918155809718883e-06, 1.0, 0.9988802075386047, 0.04731163755059242, -9.030861110659316e-05, 1.0, 0.9995453953742981, 0.030151957646012306, 2.062231715171947e-06, 1.0, 0.9999035000801086, 0.013891110196709633, -3.2807394745759666e-05, 1.0, 0.9999394416809082, 0.011006945744156837, 1.1933165069422103e-06, 1.0, 0.9998441338539124, 0.01765485294163227, 2.9065326089039445e-05, 1.0, 0.9996459484100342, 0.02660718560218811, -4.872152931056917e-05, 1.0, 0.9995461702346802, 0.03012622892856598, -0.0001126916758948937, 1.0, 0.9992589950561523, 0.0384884774684906, -7.12996261427179e-05, 1.0, 0.9996441602706909, 0.026666957885026932, -0.0005573958624154329, 1.0, 0.9999303221702576, -0.011809254996478558, 4.624389111995697e-05, 1.0, 0.9999165534973145, -0.012903563678264618, 0.00046353801735676825, 1.0, 0.9997662305831909, -0.021623734384775162, 0.00012219233030918986, 1.0, 0.999550998210907, -0.029961735010147095, 2.874969140975736e-06, 1.0, 0.9995275139808655, -0.03073691390454769, -2.5951089810405392e-06, 1.0, 0.9998986124992371, -0.014239796437323093, 1.1054779633923317e-06, 1.0, 0.9999679327011108, -0.007999406196177006, -4.024097870569676e-05, 1.0, 0.9998576045036316, -0.01687665656208992, 2.4011505956877954e-05, 1.0]
            u0 (float, 194):  [0.5, 0.5, 0.6530923247337341, 0.5, 0.6531456708908081, 0.4695374369621277, 0.6412011384963989, 0.4415125846862793, 0.6299782395362854, 0.4131513237953186, 0.6125925183296204, 0.38740748167037964, 0.5892667770385742, 0.366402804851532, 0.55888432264328, 0.3578405976295471, 0.530363142490387, 0.34735429286956787, 0.5, 0.34745657444000244, 0.4680805504322052, 0.3395301103591919, 0.44085392355918884, 0.3572087287902832, 0.4084431231021881, 0.36297547817230225, 0.3934219181537628, 0.3934219479560852, 0.37561899423599243, 0.41689127683639526, 0.355121910572052, 0.43998950719833374, 0.3462268114089966, 0.469412624835968, 0.33747202157974243, 0.5, 0.3386323153972626, 0.5320980250835419, 0.35368332266807556, 0.5606063604354858, 0.3714074492454529, 0.5859228074550629, 0.3855189085006714, 0.6144810914993286, 0.41252729296684265, 0.630912184715271, 0.4410969913005829, 0.6422044038772583, 0.46975716948509216, 0.652040958404541, 0.5, 0.6494510173797607, 0.531560480594635, 0.6586652398109436, 0.5574917793273926, 0.6387973725795746, 0.5848425626754761, 0.6269758939743042, 0.6132936477661133, 0.6132936775684357, 0.6332230567932129, 0.5890167951583862, 0.6480109691619873, 0.5613081455230713, 0.657379686832428, 0.5313047766685486, 0.8372144103050232, 0.5, 0.8405518531799316, 0.43226003646850586, 0.8222765922546387, 0.3665086627006531, 0.7564653754234314, 0.3286352753639221, 0.7163146734237671, 0.2836853265762329, 0.661638617515564, 0.2580907344818115, 0.619215726852417, 0.2121877670288086, 0.5572571158409119, 0.21214890480041504, 0.5, 0.15353494882583618, 0.4348553419113159, 0.17249560356140137, 0.38600781559944153, 0.2247985601425171, 0.31687384843826294, 0.22593235969543457, 0.26659679412841797, 0.26659679412841797, 0.26021403074264526, 0.33978015184402466, 0.18792611360549927, 0.3707347512245178, 0.1738799810409546, 0.4351307153701782, 0.18563216924667358, 0.5, 0.1595056802034378, 0.5677285194396973, 0.23427154123783112, 0.6100683212280273, 0.26399147510528564, 0.657695859670639, 0.2653719186782837, 0.7346280813217163, 0.31787973642349243, 0.7725622355937958, 0.3921666145324707, 0.760332852602005, 0.43686366081237793, 0.8174078464508057, 0.5, 0.8225783854722977, 0.5600544214248657, 0.8019138276576996, 0.6110924482345581, 0.7682008594274521, 0.6880219578742981, 0.7813947051763535, 0.7429297566413879, 0.7429297566413879, 0.7661893963813782, 0.6778620779514313, 0.7742790579795837, 0.6136101186275482, 0.8130475282669067, 0.5622690320014954, 0.9875659942626953, 0.5, 0.9586828351020813, 0.4087623357772827, 0.9726439118385315, 0.30422449111938477, 0.8518833518028259, 0.264879047870636, 0.8704922199249268, 0.12950778007507324, 0.7769858837127686, 0.0854613184928894, 0.6563213467597961, 0.12260687351226807, 0.5784438848495483, 0.10563582181930542, 0.5, -0.007795214653015137, 0.41432225704193115, 0.06926882266998291, 0.2985180914402008, 0.01357966661453247, 0.20481538772583008, 0.058225035667419434, 0.19486381113529205, 0.19486379623413086, 0.08261266350746155, 0.22111070156097412, 0.11032085865736008, 0.338589608669281, 0.04365707188844681, 0.40922772884368896, 0.08255540579557419, 0.5, -0.0011299540055915713, 0.5996809601783752, 0.12098973244428635, 0.656991183757782, 0.05981587618589401, 0.7941216230392456, 0.18611600995063782, 0.8138839900493622, 0.2598731517791748, 0.8593752384185791, 0.34904614090919495, 0.8644348829984665, 0.4179138243198395, 0.912675142288208, 0.5, 0.8980769738554955, 0.5824210047721863, 0.9143584221601486, 0.7061653733253479, 0.9977271922398359, 0.7716531157493591, 0.9065575748682022, 0.787194013595581, 0.787194013595581, 0.8365167379379272, 0.7248532772064209, 0.9238987565040588, 0.675584614276886, 1.0128391981124878, 0.6020100712776184]
            tri (int, 480):  [0, 2, 1, 0, 3, 2, 0, 4, 3, 0, 5, 4, 0, 6, 5, 0, 7, 6, 0, 8, 7, 0, 9, 8, 0, 10, 9, 0, 11, 10, 0, 12, 11, 0, 13, 12, 0, 14, 13, 0, 15, 14, 0, 16, 15, 0, 17, 16, 0, 18, 17, 0, 19, 18, 0, 20, 19, 0, 21, 20, 0, 22, 21, 0, 23, 22, 0, 24, 23, 0, 25, 24, 0, 26, 25, 0, 27, 26, 0, 28, 27, 0, 29, 28, 0, 30, 29, 0, 31, 30, 0, 32, 31, 0, 1, 32, 1, 34, 33, 1, 2, 34, 2, 35, 34, 2, 3, 35, 3, 36, 35, 3, 4, 36, 4, 37, 36, 4, 5, 37, 5, 38, 37, 5, 6, 38, 6, 39, 38, 6, 7, 39, 7, 40, 39, 7, 8, 40, 8, 41, 40, 8, 9, 41, 9, 42, 41, 9, 10, 42, 10, 43, 42, 10, 11, 43, 11, 44, 43, 11, 12, 44, 12, 45, 44, 12, 13, 45, 13, 46, 45, 13, 14, 46, 14, 47, 46, 14, 15, 47, 15, 48, 47, 15, 16, 48, 16, 49, 48, 16, 17, 49, 17, 50, 49, 17, 18, 50, 18, 51, 50, 18, 19, 51, 19, 52, 51, 19, 20, 52, 20, 53, 52, 20, 21, 53, 21, 54, 53, 21, 22, 54, 22, 55, 54, 22, 23, 55, 23, 56, 55, 23, 24, 56, 24, 57, 56, 24, 25, 57, 25, 58, 57, 25, 26, 58, 26, 59, 58, 26, 27, 59, 27, 60, 59, 27, 28, 60, 28, 61, 60, 28, 29, 61, 29, 62, 61, 29, 30, 62, 30, 63, 62, 30, 31, 63, 31, 64, 63, 31, 32, 64, 32, 33, 64, 33, 32, 1, 33, 66, 65, 33, 34, 66, 34, 67, 66, 34, 35, 67, 35, 68, 67, 35, 36, 68, 36, 69, 68, 36, 37, 69, 37, 70, 69, 37, 38, 70, 38, 71, 70, 38, 39, 71, 39, 72, 71, 39, 40, 72, 40, 73, 72, 40, 41, 73, 41, 74, 73, 41, 42, 74, 42, 75, 74, 42, 43, 75, 43, 76, 75, 43, 44, 76, 44, 77, 76, 44, 45, 77, 45, 78, 77, 45, 46, 78, 46, 79, 78, 46, 47, 79, 47, 80, 79, 47, 48, 80, 48, 81, 80, 48, 49, 81, 49, 82, 81, 49, 50, 82, 50, 83, 82, 50, 51, 83, 51, 84, 83, 51, 52, 84, 52, 85, 84, 52, 53, 85, 53, 86, 85, 53, 54, 86, 54, 87, 86, 54, 55, 87, 55, 88, 87, 55, 56, 88, 56, 89, 88, 56, 57, 89, 57, 90, 89, 57, 58, 90, 58, 91, 90, 58, 59, 91, 59, 92, 91, 59, 60, 92, 60, 93, 92, 60, 61, 93, 61, 94, 93, 61, 62, 94, 62, 95, 94, 62, 63, 95, 63, 96, 95, 63, 64, 96, 64, 65, 96, 65, 64, 33]
            boundingsphere (float, 4):  [0.12084007263183594, 0.25786706805229187, 0.10390233993530273, 11.171167936741687]
            aabb:
                min (float, 3):  [-10.343321800231934, 0.08373410254716873, -10.273089408874512]
                max (float, 3):  [10.585001945495605, 0.4320000112056732, 10.480894088745117]
            material:
                shader (str, 1):  ['PdxMeshAdvanced']
                diff (str, 1):  ['air_winter_mediterranean_phase_5_diff.dds']
                spec (str, 1):  ['air_winter_mediterranean_spec.dds']
                n (str, 1):  ['air_winter_mediterranean_n.dds']
locator:
