pdxasset (int, 2):  [1, 0]
object:
    air_winter_mountain_highland_phase_2:
        mesh:
            p (float, 291):  [0.0, 0.3456000089645386, 0.0, 3.4291443824768066, 0.1721528023481369, 0.0, 3.3322317600250244, 0.19948196411132812, 0.6628220677375793, 3.092468023300171, 0.24038726091384888, 1.2809422016143799, 2.632603645324707, 0.2810811400413513, 1.7590495347976685, 2.265000104904175, 0.3078472912311554, 2.265000104904175, 1.8560304641723633, 0.3116638660430908, 2.7777459621429443, 1.2912201881408691, 0.2912444770336151, 3.117281198501587, 0.602923572063446, 0.253471702337265, 3.0311014652252197, 1.9253466525696113e-16, 0.2110772281885147, 3.144329786300659, -0.6644710302352905, 0.17835061252117157, 3.3405215740203857, -1.1966084241867065, 0.16632267832756042, 2.8888683319091797, -1.8443650007247925, 0.1790475845336914, 2.760287284851074, -2.2647619247436523, 0.21223627030849457, 2.2647619247436523, -2.7573537826538086, 0.2547021210193634, 1.842404842376709, -3.1357126235961914, 0.29213157296180725, 1.2988547086715698, -3.229989767074585, 0.3119086027145386, 0.6424849033355713, -3.2249157428741455, 0.307367205619812, 3.949382702010597e-16, -3.138716220855713, 0.2800380289554596, -0.6243294477462769, -3.055821180343628, 0.23913273215293884, -1.2657625675201416, -2.7522222995758057, 0.1984388530254364, -1.8389761447906494, -2.2850406169891357, 0.17167271673679352, -2.2850406169891357, -1.806668758392334, 0.1678561270236969, -2.7038707733154297, -1.2540704011917114, 0.1882755160331726, -3.0275936126708984, -0.6198480129241943, 0.2260483056306839, -3.1161861419677734, -5.78462569542044e-16, 0.2684427797794342, -3.149003505706787, 0.6415785551071167, 0.30116939544677734, -3.225433111190796, 1.1941574811935425, 0.3131973147392273, -2.882951259613037, 1.8328843116760254, 0.3004724085330963, -2.743105173110962, 2.3846163749694824, 0.26728373765945435, -2.3846163749694824, 2.8118550777435303, 0.22481787204742432, -1.8788214921951294, 2.9333689212799072, 0.18738842010498047, -1.215041160583496, 3.171278476715088, 0.16761137545108795, -0.6308065056800842, 7.1360673904418945, 0.09871280938386917, 0.0, 6.191130638122559, 0.1260419636964798, 1.231492519378662, 6.683303356170654, 0.16694726049900055, 2.768314838409424, 5.069552898406982, 0.207641139626503, 3.387366771697998, 4.9620232582092285, 0.23440727591514587, 4.9620232582092285, 3.260504722595215, 0.2382238656282425, 4.879690170288086, 2.590257167816162, 0.21780447661876678, 6.253434181213379, 1.3591580390930176, 0.1800317019224167, 6.832949161529541, 4.0390980495036085e-16, 0.13763722777366638, 6.596347808837891, -1.3107316493988037, 0.10491060465574265, 6.589493274688721, -2.7255685329437256, 0.0928826779127121, 6.580104351043701, -4.022770881652832, 0.10560759156942368, 6.020502090454102, -4.290340423583984, 0.13879626989364624, 4.290340423583984, -5.45491886138916, 0.18126212060451508, 3.64486026763916, -5.42056131362915, 0.21869157254695892, 2.245270013809204, -6.231471538543701, 0.23846861720085144, 1.2395168542861938, -6.018295764923096, 0.2339271903038025, 7.370286725152659e-16, -5.924010753631592, 0.20659804344177246, -1.178359031677246, -6.196723461151123, 0.16569273173809052, -2.5667669773101807, -4.931657314300537, 0.12499886006116867, -3.2952282428741455, -4.2646307945251465, 0.09823271632194519, -4.2646307945251465, -3.2356340885162354, 0.09441612660884857, -4.842468738555908, -2.6704766750335693, 0.11483551561832428, -6.44710111618042, -1.2017384767532349, 0.15260830521583557, -6.0415472984313965, -1.0863357426005196e-15, 0.19500276446342468, -5.913736343383789, 1.3074575662612915, 0.22772939503192902, -6.573033332824707, 2.6177334785461426, 0.23975731432437897, -6.319767475128174, 3.730919361114502, 0.22703240811824799, -5.583715438842773, 4.6641459465026855, 0.19384372234344482, -4.6641459465026855, 5.469131946563721, 0.151377871632576, -3.6543571949005127, 6.322432041168213, 0.11394842714071274, -2.6188371181488037, 6.135309219360352, 0.09417138248682022, -1.2203888893127441, 10.68543815612793, 0.0690186396241188, 0.0, 10.01790714263916, 0.07866422086954117, 1.9926855564117432, 9.9176025390625, 0.0931013897061348, 4.108005523681641, 9.010896682739258, 0.10746393352746964, 6.020888328552246, 7.549057960510254, 0.11691080778837204, 7.549057960510254, 5.36720609664917, 0.11825783550739288, 8.032591819763184, 3.7008469104766846, 0.11105099320411682, 8.9346342086792, 2.017296552658081, 0.09771942347288132, 10.141634941101074, 6.031689324266759e-16, 0.08275666832923889, 9.850496292114258, -1.581099510192871, 0.07120610028505325, 7.948723793029785, -4.179210662841797, 0.06696094572544098, 10.089506149291992, -4.803854465484619, 0.07145208865404129, 7.189476490020752, -6.753320217132568, 0.083165742456913, 6.753320217132568, -7.856674671173096, 0.09815368801355362, 5.249661922454834, -7.678864002227783, 0.11136408150196075, 3.180689573287964, -9.658700942993164, 0.11834421753883362, 1.9212350845336914, -9.886133193969727, 0.1167413592338562, 1.2107020962349611e-15, -10.388381004333496, 0.10709577798843384, -2.066377639770508, -9.197538375854492, 0.09265860915184021, -3.8097450733184814, -7.472601890563965, 0.07829606533050537, -4.993032932281494, -6.933647155761719, 0.06884919106960297, -6.933647155761719, -6.14164924621582, 0.06750216335058212, -9.191627502441406, -3.8394358158111572, 0.07470900565385818, -9.269218444824219, -2.0853521823883057, 0.08804057538509369, -10.483773231506348, -1.4791007909567208e-15, 0.10300333052873611, -8.051849365234375, 1.9900429248809814, 0.11455390602350235, -10.004621505737305, 3.3236632347106934, 0.11879905313253403, -8.024032592773438, 4.739993572235107, 0.11430791020393372, -7.093901634216309, 6.410094738006592, 0.10259425640106201, -6.410094738006592, 7.133530616760254, 0.08760631084442139, -4.766472816467285, 7.656678199768066, 0.07439591735601425, -3.1714999675750732, 8.51772689819336, 0.06741578131914139, -1.6942812204360962]
            n (float, 291):  [-0.0002461430267430842, 1.0, 2.468286947987508e-05, 0.03378751873970032, 0.9991629719734192, -0.023057520389556885, 0.04012593254446983, 0.9986133575439453, -0.03407570719718933, 0.04142364487051964, 0.9985820651054382, -0.033437520265579224, 0.04139889404177666, 0.9988678693771362, -0.023432957008481026, 0.026188448071479797, 0.9996511936187744, -0.003423461224883795, 0.001098987995646894, 0.9997847676277161, 0.020717468112707138, -0.02425992488861084, 0.9992468953132629, 0.030285092070698738, -0.05101296305656433, 0.9980617165565491, 0.03564408794045448, -0.04339753836393356, 0.9985175728797913, 0.03285282477736473, -0.03132414445281029, 0.9991845488548279, 0.02547651156783104, -0.01695464737713337, 0.999123752117157, 0.038265444338321686, 0.004182364791631699, 0.9991454482078552, 0.04112057015299797, 0.010118245147168636, 0.9983001947402954, 0.05739624798297882, 0.008687707595527172, 0.9982593059539795, 0.05833417922258377, -0.006322674918919802, 0.9991388320922852, 0.041006915271282196, -0.015419872477650642, 0.999805748462677, 0.012275530956685543, -0.018456825986504555, 0.9995657205581665, -0.02297031693160534, -0.013913357630372047, 0.9988630414009094, -0.04559607431292534, -0.00558360293507576, 0.9983204007148743, -0.0576641671359539, -0.002640677150338888, 0.9982692003250122, -0.05875062197446823, -0.013193960301578045, 0.9989225268363953, -0.04449212923645973, -0.034729305654764175, 0.9990743398666382, -0.025384537875652313, -0.04728417471051216, 0.9987396001815796, -0.016835998743772507, -0.052703727036714554, 0.998389720916748, -0.020984623581171036, -0.05326809361577034, 0.998276948928833, -0.02461058460175991, -0.028043484315276146, 0.9993229508399963, -0.023817799985408783, 0.005837371572852135, 0.9998959302902222, -0.01319123338907957, 0.032862719148397446, 0.9994595050811768, 0.0009350312175229192, 0.04913463443517685, 0.9986458420753479, 0.017096878960728645, 0.05155584588646889, 0.9982933402061462, 0.027429673820734024, 0.049955639988183975, 0.9984493851661682, 0.024560218676924706, 0.039554793387651443, 0.9992080330848694, -0.004310154356062412, 0.013331796042621136, 0.9998489022254944, -0.01115904189646244, 0.025372467935085297, 0.9994121789932251, -0.023054422810673714, 0.025800757110118866, 0.9995785355567932, -0.013309717178344727, 0.03368806093931198, 0.9993877410888672, -0.009447932243347168, 0.01975066401064396, 0.9996750354766846, 0.016115965321660042, 0.007660065311938524, 0.9995945692062378, 0.027422301471233368, -0.0011012570466846228, 0.9995579123497009, 0.029712187126278877, -0.021116478368639946, 0.9994050860404968, 0.027269093319773674, -0.031538497656583786, 0.9992790222167969, 0.021137645468115807, -0.018292538821697235, 0.9996961951255798, 0.01652289368212223, -0.0028604131657630205, 0.9998779296875, 0.015358715318143368, -0.0016577568603679538, 0.9997990131378174, 0.01997624896466732, 0.004003467969596386, 0.9993253946304321, 0.03650712966918945, -0.011464611627161503, 0.9994810223579407, 0.030104145407676697, -0.019465912133455276, 0.9992300868034363, 0.034061793237924576, -0.02706139348447323, 0.9994621872901917, 0.018521662801504135, -0.02660495415329933, 0.9995680451393127, -0.012480786070227623, -0.019127268344163895, 0.9994737505912781, -0.026200057938694954, -0.008478721603751183, 0.9993666410446167, -0.03456120938062668, -0.0010477924952283502, 0.9992625713348389, -0.038382261991500854, -0.005143056157976389, 0.999800980091095, -0.019276879727840424, -0.02119087427854538, 0.9997281432151794, -0.009720354340970516, -0.02080726996064186, 0.999761164188385, -0.006682299077510834, -0.023032119497656822, 0.9995891451835632, -0.017065396532416344, -0.034529004245996475, 0.9990097284317017, -0.028058700263500214, -0.017976200208067894, 0.999235212802887, -0.03472749516367912, 0.022114861756563187, 0.9992121458053589, -0.03295468911528587, 0.0345284678041935, 0.9991222023963928, -0.023719241842627525, 0.04136374592781067, 0.9991390705108643, -0.003180866129696369, 0.039898671209812164, 0.9991528391838074, 0.010078443214297295, 0.02902032807469368, 0.999531090259552, 0.009766800329089165, 0.020753569900989532, 0.9997836351394653, -0.0013650909531861544, 0.010206318460404873, 0.9999170899391174, -0.007852599024772644, 0.01675826869904995, 0.9997901916503906, -0.011779846623539925, 0.022941190749406815, 0.9997124671936035, -0.006976500153541565, 0.026846183463931084, 0.999636173248291, 0.002609807765111327, 0.0204628873616457, 0.9996487498283386, 0.01684284396469593, 0.010246265679597855, 0.9993751049041748, 0.03382936865091324, 0.00844492856413126, 0.9995026588439941, 0.03038298897445202, -0.009918410331010818, 0.9995894432067871, 0.02688049152493477, -0.022400833666324615, 0.9995195865631104, 0.02141735516488552, -0.01130582019686699, 0.999817967414856, 0.01537215057760477, -0.002861144719645381, 0.9999349117279053, 0.011041627265512943, -0.005106533877551556, 0.9998685121536255, 0.015390788204967976, -0.0027798463124781847, 0.9996278285980225, 0.027138307690620422, -0.014646381139755249, 0.9996131658554077, 0.023645875975489616, -0.030455293133854866, 0.9991047978401184, 0.029360804706811905, -0.030798789113759995, 0.999426007270813, 0.014110521413385868, -0.028487592935562134, 0.999579668045044, -0.0053658089600503445, -0.02083452232182026, 0.9996629357337952, -0.015491952188313007, -0.011926194652915001, 0.999571681022644, -0.02672486938536167, -0.0032785788644105196, 0.9997036457061768, -0.024121901020407677, -0.003897769609466195, 0.9999624490737915, -0.007730076089501381, -0.007988372817635536, 0.9999611973762512, -0.003710155375301838, -0.01462516002357006, 0.9998752474784851, -0.005963133182376623, -0.012247049249708652, 0.9998302459716797, -0.013765807263553143, -0.02251536212861538, 0.999198853969574, -0.03308454155921936, -0.005373889580368996, 0.9991762042045593, -0.04022502899169922, 0.03181663528084755, 0.9985535740852356, -0.04334079474210739, 0.038407355546951294, 0.99843430519104, -0.04066832736134529, 0.03979680314660072, 0.9990607500076294, -0.01714443787932396, 0.039486631751060486, 0.9992191791534424, -0.0013464860385283828, 0.026923932135105133, 0.9996331930160522, 0.002912823809310794, 0.012319721281528473, 0.9999077320098877, -0.005731141660362482]
            ta (float, 388):  [0.9999999403953552, 0.0002461431722622365, 3.282337246446332e-08, 1.0, 0.9994286894798279, -0.03379751369357109, -4.379284291644581e-05, 1.0, 0.9991936087608337, -0.04015195369720459, -7.930598076200113e-05, 1.0, 0.9991405010223389, -0.04145186021924019, -0.00015074710245244205, 1.0, 0.9991421103477478, -0.041413113474845886, -0.00012170120317023247, 1.0, 0.9996569752693176, -0.02618863433599472, -1.0928466508630663e-05, 1.0, 0.9999994039535522, -0.0011002998799085617, 5.191787931835279e-05, 1.0, 0.9997051954269409, 0.024279268458485603, -0.0002711470879148692, 1.0, 0.9986956715583801, 0.05105689540505409, -0.00032292402465827763, 1.0, 0.9990564584732056, 0.04343002662062645, -0.00027540529845282435, 1.0, 0.9995086789131165, 0.03134022653102875, -0.00023234059335663915, 1.0, 0.999856173992157, 0.016967426985502243, -9.227223927155137e-06, 1.0, 0.9999911785125732, -0.004194655921310186, 0.00021264032693579793, 1.0, 0.9999483227729797, -0.010158197022974491, 0.0004043209191877395, 1.0, 0.9999619722366333, -0.008714703842997551, 0.00020837220654357225, 1.0, 0.9999799728393555, 0.006326030008494854, 4.7941633965820074e-05, 1.0, 0.9998810887336731, 0.015421049669384956, -1.3080998542136513e-06, 1.0, 0.9998296499252319, 0.018461186438798904, -2.23412844206905e-05, 1.0, 0.9999029636383057, 0.013925053179264069, -6.111150287324563e-05, 1.0, 0.9999843835830688, 0.005589441396296024, -6.004839451634325e-05, 1.0, 0.9999964833259583, 0.0026325336657464504, -0.00021600854233838618, 1.0, 0.9999128580093384, 0.013205873779952526, -2.621733074192889e-05, 1.0, 0.9993963241577148, 0.03474040701985359, -3.48337493960571e-06, 1.0, 0.9988810420036316, 0.04729226976633072, 8.297964814119041e-05, 1.0, 0.9986092448234558, 0.0527200773358345, 0.00022640787938144058, 1.0, 0.9985790848731995, 0.05328936129808426, 0.00020888721337541938, 1.0, 0.9996064901351929, 0.02805270627140999, 5.302402496454306e-05, 1.0, 0.9999829530715942, -0.0058378963731229305, -1.263456965716614e-06, 1.0, 0.9994598627090454, -0.03286273777484894, 1.48975414049346e-06, 1.0, 0.9987917542457581, -0.049142904579639435, 6.39025165583007e-05, 1.0, 0.9986687302589417, -0.051582008600234985, 0.00024663639487698674, 1.0, 0.9987505674362183, -0.04997244477272034, 7.054019079077989e-05, 1.0, 0.9992173910140991, -0.03955516964197159, -1.2450656186047127e-06, 1.0, 0.9999111294746399, -0.013332633301615715, -6.120116609054094e-07, 1.0, 0.9996778964996338, -0.025378810241818428, 1.7459247828810476e-05, 1.0, 0.9996671080589294, -0.025802813470363617, 1.7270682292291895e-05, 1.0, 0.9994323253631592, -0.0336894765496254, 9.771809345693327e-06, 1.0, 0.9998049139976501, -0.0197529848664999, -1.5232747500704136e-05, 1.0, 0.9999706149101257, -0.007662508171051741, -1.5979070667526685e-05, 1.0, 0.9999994039535522, 0.001099561806768179, 7.341185846598819e-05, 1.0, 0.9997768998146057, 0.021124068647623062, 9.749825949256774e-06, 1.0, 0.9995023012161255, 0.03154565021395683, -4.8524329940846656e-06, 1.0, 0.9998326301574707, 0.018294835463166237, 1.193715252156835e-05, 1.0, 0.9999958872795105, 0.002860737033188343, 8.550794632355974e-07, 1.0, 0.9999986886978149, 0.0016581834061071277, -4.781659754371503e-06, 1.0, 0.9999920129776001, -0.004007564391940832, 3.902416938217357e-05, 1.0, 0.999934196472168, 0.01146894134581089, 2.881133150367532e-05, 1.0, 0.9998102784156799, 0.019478758797049522, -4.529033321887255e-05, 1.0, 0.9996336698532104, 0.027066001668572426, 1.8680343600863125e-06, 1.0, 0.9996459484100342, 0.026607273146510124, 1.9561959561542608e-05, 1.0, 0.9998169541358948, 0.019134432077407837, 2.270972981932573e-05, 1.0, 0.9999641180038452, 0.008480412885546684, -9.769884491106495e-05, 1.0, 0.999999463558197, 0.0010457733878865838, -7.267764885909855e-05, 1.0, 0.9999868273735046, 0.005143734160810709, -1.4429893781198189e-05, 1.0, 0.9997754096984863, 0.021191949024796486, 7.485114110750146e-06, 1.0, 0.999783456325531, 0.020807774737477303, 5.735860213462729e-06, 1.0, 0.9997346997261047, 0.023035580292344093, 6.265992396947695e-06, 1.0, 0.9994031190872192, 0.0345461405813694, 0.00012592048733495176, 1.0, 0.9998381733894348, 0.017988169565796852, 3.231570735806599e-05, 1.0, 0.999755322933197, -0.022120151668787003, 0.00020423550449777395, 1.0, 0.9994032382965088, -0.03454236313700676, -0.00017634565301705152, 1.0, 0.9991441369056702, -0.04136395826935768, -9.766142738953931e-07, 1.0, 0.9992036819458008, -0.039900485426187515, -2.1088759240228683e-05, 1.0, 0.9995787739753723, -0.02902146801352501, -2.502460847608745e-05, 1.0, 0.9997845888137817, -0.020753588527441025, 1.332181000179844e-06, 1.0, 0.9999479651451111, -0.01020651962608099, 1.4455958080361597e-05, 1.0, 0.9998595714569092, -0.01675943285226822, -2.2172663705077866e-07, 1.0, 0.9997368454933167, -0.022941764444112778, -2.0118880001973594e-06, 1.0, 0.999639630317688, -0.0268462672829628, -3.5304326502227923e-06, 1.0, 0.9997905492782593, -0.020465495064854622, -1.7385504179401323e-05, 1.0, 0.9999474883079529, -0.010252588428556919, 1.3406734069576487e-05, 1.0, 0.9999643564224243, -0.008448922075331211, 3.049045062653022e-06, 1.0, 0.9999507665634155, 0.009916048496961594, 0.00022114987950772047, 1.0, 0.9997490048408508, 0.022404879331588745, 5.109358244226314e-05, 1.0, 0.9999361038208008, 0.011307376436889172, -1.4341822861752007e-05, 1.0, 0.9999959468841553, 0.0028612276073545218, 8.319619155372493e-06, 1.0, 0.999987006187439, 0.005106904078274965, 1.5273841199814342e-05, 1.0, 0.9999961853027344, 0.0027833920903503895, -9.287665307056159e-05, 1.0, 0.9998925924301147, 0.014655536971986294, -0.00021404825383797288, 1.0, 0.9995357394218445, 0.030468052253127098, 1.280731703445781e-05, 1.0, 0.9995255470275879, 0.03080199658870697, -9.936889000528026e-06, 1.0, 0.9995941519737244, 0.02848799340426922, -2.4299079086631536e-06, 1.0, 0.999782919883728, 0.02083689160645008, -8.719874131202232e-06, 1.0, 0.9999287128448486, 0.0119329784065485, 9.441369184060022e-05, 1.0, 0.9999946355819702, 0.0032807234674692154, 4.9315858632326126e-05, 1.0, 0.9999923706054688, 0.003897947259247303, 7.860037840146106e-06, 1.0, 0.9999680519104004, 0.007988411001861095, -4.156374870945001e-06, 1.0, 0.9998930096626282, 0.01462519634515047, -3.7388319469755515e-05, 1.0, 0.9999250173568726, 0.0122472969815135, -6.633812154177576e-05, 1.0, 0.9997461438179016, 0.022526640444993973, -3.185109017067589e-05, 1.0, 0.9999855756759644, 0.005370137747377157, -0.00020137093088123947, 1.0, 0.9994928240776062, -0.031846724450588226, -3.847554580715951e-06, 1.0, 0.9992609620094299, -0.03843715414404869, 4.9278747610514984e-05, 1.0, 0.9992075562477112, -0.039800211787223816, 0.00014230923261493444, 1.0, 0.9992201328277588, -0.03948666900396347, -6.82155814502039e-07, 1.0, 0.9996375441551208, -0.026924073696136475, 9.141579539573286e-06, 1.0, 0.9999241232872009, -0.012319933623075485, -1.8438421420796658e-06, 1.0]
            u0 (float, 194):  [0.5, 0.5, 0.6661407351493835, 0.5, 0.6614453196525574, 0.4678865075111389, 0.6498288512229919, 0.4379388689994812, 0.6275486350059509, 0.41477471590042114, 0.6097383499145508, 0.3902616500854492, 0.5899239778518677, 0.36541926860809326, 0.5625591278076172, 0.3489689230918884, 0.5292114019393921, 0.3531442880630493, 0.5, 0.3476584553718567, 0.4678066372871399, 0.33815300464630127, 0.4420247972011566, 0.36003541946411133, 0.41064122319221497, 0.3662651777267456, 0.39027315378189087, 0.39027315378189087, 0.36640727519989014, 0.41073620319366455, 0.3480759263038635, 0.43707096576690674, 0.343508243560791, 0.4688718318939209, 0.3437540829181671, 0.5, 0.3479304313659668, 0.5302485227584839, 0.3519466519355774, 0.5613256990909576, 0.3666558861732483, 0.5890976786613464, 0.3892906606197357, 0.6107093393802643, 0.4124675989151001, 0.6310015022754669, 0.43924078345298767, 0.6466857492923737, 0.46996861696243286, 0.6509780287742615, 0.5, 0.6525680124759674, 0.5310842394828796, 0.6562709808349609, 0.5578564405441284, 0.639677882194519, 0.5888025164604187, 0.6329023838043213, 0.6155337691307068, 0.6155337393283844, 0.6362332701683044, 0.5910281836986542, 0.6421205997467041, 0.5588682889938354, 0.6536471843719482, 0.5305623412132263, 0.8457397222518921, 0.5, 0.7999578714370728, 0.440334677696228, 0.8238034248352051, 0.3658761978149414, 0.7456178665161133, 0.33588337898254395, 0.7404081225395203, 0.25959187746047974, 0.6579701900482178, 0.26358091831207275, 0.6254969835281372, 0.19702357053756714, 0.5658506751060486, 0.1689462661743164, 0.5, 0.1804094910621643, 0.4364955425262451, 0.18074160814285278, 0.3679472506046295, 0.18119651079177856, 0.305098295211792, 0.20830899477005005, 0.29213467240333557, 0.2921346426010132, 0.23571130633354187, 0.32340794801712036, 0.2373759001493454, 0.39121752977371216, 0.19808760285377502, 0.43994587659835815, 0.2084159106016159, 0.5, 0.21298398077487946, 0.5570910274982452, 0.19977115094661713, 0.6243588626384735, 0.2610630989074707, 0.6596525311470032, 0.2933802902698517, 0.7066197097301483, 0.3432347774505615, 0.7346157431602478, 0.37061643600463867, 0.8123595416545868, 0.44177624583244324, 0.792710617184639, 0.5, 0.7865182459354401, 0.5633457899093628, 0.8184609115123749, 0.6268281936645508, 0.8061902821063995, 0.6807615756988525, 0.7705288529396057, 0.7259760499000549, 0.7259760797023773, 0.7649773359298706, 0.6770521998405457, 0.8063194155693054, 0.6268816590309143, 0.7972533702850342, 0.5591273605823517, 1.0177053213119507, 0.5, 0.9853637218475342, 0.40345513820648193, 0.9805039763450623, 0.3009687066078186, 0.9365744590759277, 0.20829027891159058, 0.865748941898346, 0.13425105810165405, 0.7600390911102295, 0.11082404851913452, 0.6793045997619629, 0.06712043285369873, 0.5977372527122498, 0.008641719818115234, 0.5, 0.022747278213500977, 0.42339634895324707, 0.11488741636276245, 0.29751887917518616, 0.011167347431182861, 0.26725509762763977, 0.15167266130447388, 0.17280426621437073, 0.17280423641204834, 0.11934716254472733, 0.24565589427947998, 0.12796202301979065, 0.34589684009552, 0.032039690762758255, 0.40691691637039185, 0.021020688116550446, 0.5, -0.003313053399324417, 0.600115180015564, 0.054382845759391785, 0.6845806539058685, 0.13795532286167145, 0.7419105172157288, 0.16406747698783875, 0.8359325230121613, 0.20243947207927704, 0.9453308060765266, 0.3139808177947998, 0.9490900300443172, 0.3989655077457428, 1.0079347426071763, 0.5, 0.8901089802384377, 0.5964168310165405, 0.9847200149670243, 0.6610301733016968, 0.8887612894177437, 0.7296508550643921, 0.8436967730522156, 0.8105666041374207, 0.8105665892362595, 0.8456168174743652, 0.7309337556362152, 0.8709630966186523, 0.6536579430103302, 0.9126805663108826, 0.5820872783660889]
            tri (int, 480):  [0, 2, 1, 0, 3, 2, 0, 4, 3, 0, 5, 4, 0, 6, 5, 0, 7, 6, 0, 8, 7, 0, 9, 8, 0, 10, 9, 0, 11, 10, 0, 12, 11, 0, 13, 12, 0, 14, 13, 0, 15, 14, 0, 16, 15, 0, 17, 16, 0, 18, 17, 0, 19, 18, 0, 20, 19, 0, 21, 20, 0, 22, 21, 0, 23, 22, 0, 24, 23, 0, 25, 24, 0, 26, 25, 0, 27, 26, 0, 28, 27, 0, 29, 28, 0, 30, 29, 0, 31, 30, 0, 32, 31, 0, 1, 32, 1, 34, 33, 1, 2, 34, 2, 35, 34, 2, 3, 35, 3, 36, 35, 3, 4, 36, 4, 37, 36, 4, 5, 37, 5, 38, 37, 5, 6, 38, 6, 39, 38, 6, 7, 39, 7, 40, 39, 7, 8, 40, 8, 41, 40, 8, 9, 41, 9, 42, 41, 9, 10, 42, 10, 43, 42, 10, 11, 43, 11, 44, 43, 11, 12, 44, 12, 45, 44, 12, 13, 45, 13, 46, 45, 13, 14, 46, 14, 47, 46, 14, 15, 47, 15, 48, 47, 15, 16, 48, 16, 49, 48, 16, 17, 49, 17, 50, 49, 17, 18, 50, 18, 51, 50, 18, 19, 51, 19, 52, 51, 19, 20, 52, 20, 53, 52, 20, 21, 53, 21, 54, 53, 21, 22, 54, 22, 55, 54, 22, 23, 55, 23, 56, 55, 23, 24, 56, 24, 57, 56, 24, 25, 57, 25, 58, 57, 25, 26, 58, 26, 59, 58, 26, 27, 59, 27, 60, 59, 27, 28, 60, 28, 61, 60, 28, 29, 61, 29, 62, 61, 29, 30, 62, 30, 63, 62, 30, 31, 63, 31, 64, 63, 31, 32, 64, 32, 33, 64, 33, 32, 1, 33, 66, 65, 33, 34, 66, 34, 67, 66, 34, 35, 67, 35, 68, 67, 35, 36, 68, 36, 69, 68, 36, 37, 69, 37, 70, 69, 37, 38, 70, 38, 71, 70, 38, 39, 71, 39, 72, 71, 39, 40, 72, 40, 73, 72, 40, 41, 73, 41, 74, 73, 41, 42, 74, 42, 75, 74, 42, 43, 75, 43, 76, 75, 43, 44, 76, 44, 77, 76, 44, 45, 77, 45, 78, 77, 45, 46, 78, 46, 79, 78, 46, 47, 79, 47, 80, 79, 47, 48, 80, 48, 81, 80, 48, 49, 81, 49, 82, 81, 49, 50, 82, 50, 83, 82, 50, 51, 83, 51, 84, 83, 51, 52, 84, 52, 85, 84, 52, 53, 85, 53, 86, 85, 53, 54, 86, 54, 87, 86, 54, 55, 87, 55, 88, 87, 55, 56, 88, 56, 89, 88, 56, 57, 89, 57, 90, 89, 57, 58, 90, 58, 91, 90, 58, 59, 91, 59, 92, 91, 59, 60, 92, 60, 93, 92, 60, 61, 93, 61, 94, 93, 61, 62, 94, 62, 95, 94, 62, 63, 95, 63, 96, 95, 63, 64, 96, 64, 65, 96, 65, 64, 33]
            boundingsphere (float, 4):  [0.1485285758972168, 0.20628046989440918, -0.17106914520263672, 11.136792171223538]
            aabb:
                min (float, 3):  [-10.388381004333496, 0.06696094572544098, -10.483773231506348]
                max (float, 3):  [10.68543815612793, 0.3456000089645386, 10.141634941101074]
            material:
                shader (str, 1):  ['PdxMeshAdvanced']
                diff (str, 1):  ['air_winter_mountain_highland_phase_2_diff.dds']
                spec (str, 1):  ['air_winter_mountain_highland_spec.dds']
                n (str, 1):  ['air_winter_mountain_highland_n.dds']
locator:
