pdxasset (int, 2):  [1, 0]
object:
    air_winter_tropical_coast_monsoon_phase_4:
        mesh:
            p (float, 291):  [0.0, 0.4032000005245209, 0.0, 3.1108431816101074, 0.2522503733634949, 0.0, 3.2345118522644043, 0.3019683361053467, 0.6433843970298767, 3.1778972148895264, 0.34418725967407227, 1.3163280487060547, 2.6673412322998047, 0.3646768033504486, 1.7822604179382324, 2.3191606998443604, 0.35653072595596313, 2.3191606998443604, 1.7883156538009644, 0.322494775056839, 2.676403522491455, 1.2819998264312744, 0.27404114603996277, 3.0950212478637695, 0.64976567029953, 0.22750161588191986, 3.266592502593994, 2.0203286921099723e-16, 0.1985628604888916, 3.2994470596313477, -0.6701220273971558, 0.19697898626327515, 3.3689310550689697, -1.2769590616226196, 0.22328387200832367, 3.0828518867492676, -1.7820301055908203, 0.2686111629009247, 2.666996717453003, -2.2775180339813232, 0.31768280267715454, 2.2775180339813232, -2.753811836242676, 0.3539586663246155, 1.8400382995605469, -3.0792362689971924, 0.3652116060256958, 1.2754614353179932, -3.103386640548706, 0.34764865040779114, 0.6173020005226135, -3.3749523162841797, 0.3071896433830261, 4.1331245300003483e-16, -3.1826272010803223, 0.2574716806411743, -0.6330639123916626, -3.105901002883911, 0.21525275707244873, -1.2865062952041626, -2.59183931350708, 0.1947632133960724, -1.7318116426467896, -2.261688470840454, 0.20290927588939667, -2.261688470840454, -1.7171937227249146, 0.23694521188735962, -2.5699620246887207, -1.2376666069030762, 0.2853988707065582, -2.9879913330078125, -0.6195449829101562, 0.33193838596343994, -3.1146631240844727, -5.894903032405846e-16, 0.360877126455307, -3.209035634994507, 0.6172063946723938, 0.36246100068092346, -3.1029062271118164, 1.2973964214324951, 0.33615612983703613, -3.1321918964385986, 1.8403503894805908, 0.2908288538455963, -2.7542788982391357, 2.269862174987793, 0.24175719916820526, -2.269862174987793, 2.713156223297119, 0.20548133552074432, -1.812873125076294, 2.9109742641448975, 0.1942284107208252, -1.2057650089263916, 3.3570327758789062, 0.21179133653640747, -0.6677553653717041, 7.110288143157959, 0.16657036542892456, 0.0, 6.503087997436523, 0.21628832817077637, 1.2935446500778198, 5.571195125579834, 0.25850725173950195, 2.307664632797241, 5.968921184539795, 0.2789967954158783, 3.9883058071136475, 4.328251361846924, 0.2708507180213928, 4.328251361846924, 3.271667957305908, 0.23681478202342987, 4.896397113800049, 2.453356981277466, 0.18836113810539246, 5.922927379608154, 1.2391979694366455, 0.14182162284851074, 6.2298688888549805, 4.3051976850482833e-16, 0.11288286000490189, 7.030921459197998, -1.1745156049728394, 0.11129899322986603, 5.904688358306885, -2.2568538188934326, 0.13760386407375336, 5.4485273361206055, -3.5800962448120117, 0.18293115496635437, 5.357992649078369, -4.1502556800842285, 0.23200279474258423, 4.1502556800842285, -5.6224284172058105, 0.26827865839004517, 3.756786584854126, -6.015121936798096, 0.2795315980911255, 2.4915452003479004, -6.929622173309326, 0.2619686722755432, 1.3783875703811646, -7.153243541717529, 0.2215096354484558, 8.760196852587634e-16, -6.028248310089111, 0.171791672706604, -1.1990931034088135, -6.411776065826416, 0.12957274913787842, -2.6558446884155273, -5.427136421203613, 0.10908321291208267, -3.6262965202331543, -5.073433876037598, 0.11722926795482635, -5.073433876037598, -3.291196346282959, 0.1512652039527893, -4.925623416900635, -2.4742367267608643, 0.19971886277198792, -5.9733357429504395, -1.4081206321716309, 0.24625837802886963, -7.079100131988525, -1.0820007338555905e-15, 0.2751971483230591, -5.890137672424316, 1.2187672853469849, 0.27678102254867554, -6.127156734466553, 2.3935487270355225, 0.2504761219024658, -5.778537750244141, 3.5165297985076904, 0.205148845911026, -5.262858867645264, 5.116236209869385, 0.15607720613479614, -5.116236209869385, 5.058806896209717, 0.11980133503675461, -3.3801867961883545, 6.460601806640625, 0.10854840278625488, -2.6760690212249756, 6.074106216430664, 0.12611134350299835, -1.2082148790359497, 10.78642463684082, 0.09866483509540558, 0.0, 8.31797981262207, 0.11621234565973282, 1.6545490026474, 7.699916362762451, 0.13111314177513123, 3.1894097328186035, 9.262408256530762, 0.13834474980831146, 6.188943862915039, 5.697826385498047, 0.13546967506408691, 5.697826385498047, 5.583588123321533, 0.12345698475837708, 8.356430053710938, 3.3146114349365234, 0.1063556969165802, 8.002180099487305, 1.9214625358581543, 0.0899299830198288, 9.659844398498535, 5.524703047643618e-16, 0.07971630245447159, 9.0225248336792, -1.94962739944458, 0.07915729284286499, 9.80143928527832, -3.8893754482269287, 0.08844136446714401, 9.389782905578613, -5.773066997528076, 0.10443922877311707, 8.640005111694336, -5.940880298614502, 0.12175863236188889, 5.940880298614502, -8.849336624145508, 0.13456188142299652, 5.912937641143799, -8.104604721069336, 0.13853350281715393, 3.35703706741333, -9.705657958984375, 0.13233482837677002, 1.9305753707885742, -10.580745697021484, 0.11805516481399536, 1.2957677093035792e-15, -10.260022163391113, 0.10050765424966812, -2.0408453941345215, -8.958930015563965, 0.08560685813426971, -3.7109105587005615, -7.975852966308594, 0.07837525010108948, -5.329294681549072, -6.013508319854736, 0.08125033229589462, -6.013508319854736, -6.001213073730469, 0.09326301515102386, -8.981450080871582, -3.7886087894439697, 0.11036430299282074, -9.14651107788086, -2.0407073497772217, 0.12679001688957214, -10.259328842163086, -2.0348420722655827e-15, 0.13700369000434875, -11.077163696289062, 1.9966694116592407, 0.13756270706653595, -10.037935256958008, 3.431511402130127, 0.12827862799167633, -8.284400939941406, 5.299186706542969, 0.11228077113628387, -7.930793762207031, 6.054911136627197, 0.09496136754751205, -6.054911136627197, 7.395496845245361, 0.08215811848640442, -4.9415130615234375, 9.915077209472656, 0.07818649709224701, -4.106959342956543, 9.938465118408203, 0.08438517898321152, -1.9768836498260498]
            n (float, 291):  [-0.00014148744230624288, 0.9999997019767761, -0.0007377201109193265, 0.03853446990251541, 0.9976289868354797, -0.05702194571495056, 0.03807031735777855, 0.9979053735733032, -0.052301425486803055, 0.03729072958230972, 0.9988988041877747, -0.02846982702612877, 0.01798313297331333, 0.9998296499252319, 0.0041548688896000385, -0.007842911407351494, 0.9992321729660034, 0.03838708996772766, -0.028244460001587868, 0.9982368350028992, 0.052205897867679596, -0.0395389124751091, 0.9978631138801575, 0.05201860889792442, -0.03811020404100418, 0.9981303811073303, 0.04778509587049484, -0.017583735287189484, 0.9988521337509155, 0.04455618932843208, 0.002688506618142128, 0.9989822506904602, 0.04502516984939575, 0.023413853719830513, 0.9981535077095032, 0.05604744702577591, 0.029860369861125946, 0.9975887537002563, 0.0626506507396698, 0.02173835225403309, 0.9979049563407898, 0.06093595176935196, 0.0022547701373696327, 0.9991923570632935, 0.04011883959174156, -0.018584560602903366, 0.9998207092285156, 0.0036456857342272997, -0.026065140962600708, 0.9991866946220398, -0.030767034739255905, -0.02510252594947815, 0.9979722499847412, -0.058491289615631104, -0.024430857971310616, 0.9975225925445557, -0.06596848368644714, -0.01883157715201378, 0.9985206723213196, -0.051008112728595734, -0.03321931138634682, 0.998752236366272, -0.037288911640644073, -0.04549480602145195, 0.9988987445831299, -0.011470749974250793, -0.06859508901834488, 0.9976334571838379, -0.0047011906281113625, -0.07434485107660294, 0.9972307682037354, -0.0019160880474373698, -0.05006292834877968, 0.9986613988876343, -0.013007315807044506, -0.016427211463451385, 0.9996464252471924, -0.02090633288025856, 0.016763990744948387, 0.9997161030769348, -0.0169327761977911, 0.04947851225733757, 0.9987555742263794, -0.006259586662054062, 0.06557244062423706, 0.9978150129318237, 0.008080021478235722, 0.0669679045677185, 0.997654139995575, 0.01419163215905428, 0.05290999636054039, 0.9985928535461426, 0.003593246918171644, 0.041086845099925995, 0.9987683892250061, -0.027815723791718483, 0.02953292801976204, 0.9986736178398132, -0.04217655211687088, 0.021860143169760704, 0.999535322189331, -0.021241920068860054, 0.03881794959306717, 0.999174952507019, -0.011943085119128227, 0.04648080840706825, 0.9987646341323853, -0.017573991790413857, 0.030185528099536896, 0.9993465542793274, 0.019882656633853912, 0.00857320986688137, 0.999058723449707, 0.04252192750573158, -0.004953291267156601, 0.9991071224212646, 0.0419580340385437, -0.018165066838264465, 0.9991065859794617, 0.038158249109983444, -0.018761083483695984, 0.9994214773178101, 0.028369182720780373, -0.009711535647511482, 0.9997991323471069, 0.01753304712474346, -0.0006431267247535288, 0.9997413754463196, 0.022732140496373177, 0.018530510365962982, 0.9992554783821106, 0.033839475363492966, 0.005748149007558823, 0.9994617700576782, 0.03229686990380287, 0.005574865732342005, 0.9986989498138428, 0.05069038271903992, -0.015986211597919464, 0.9992040395736694, 0.036546360701322556, -0.03443918749690056, 0.9993508458137512, 0.010572242550551891, -0.03550225868821144, 0.9993687272071838, 0.0013411849504336715, -0.026100676506757736, 0.9992513060569763, -0.028559427708387375, -0.01701948046684265, 0.9988908767700195, -0.04390109330415726, -0.009685554541647434, 0.9996420741081238, -0.02493772841989994, -0.014907793141901493, 0.999758780002594, -0.01612856797873974, -0.022273385897278786, 0.9997437000274658, -0.004058177582919598, -0.04004889726638794, 0.9991937875747681, -0.002808203687891364, -0.04596050828695297, 0.9989144802093506, -0.007586164865642786, -0.027582639828324318, 0.9993606209754944, -0.02275068499147892, -0.006371018476784229, 0.999589741230011, -0.02792462892830372, 0.018893983215093613, 0.9994335174560547, -0.027850978076457977, 0.03838503360748291, 0.9990572333335876, -0.020278189331293106, 0.04222594201564789, 0.9990774393081665, -0.007824785076081753, 0.039222411811351776, 0.9992305040359497, 0.00016313271771650761, 0.03234511613845825, 0.9994707107543945, 0.003491695038974285, 0.011841462925076485, 0.9998858571052551, -0.00937974639236927, 0.01746404357254505, 0.9994490742683411, -0.028220700100064278, 0.018098298460245132, 0.9997479915618896, -0.013276259414851665, 0.038993000984191895, 0.9991962909698486, 0.009289565496146679, 0.06332114338874817, 0.9978463649749756, -0.017118683084845543, 0.034269481897354126, 0.9991905689239502, 0.021064987406134605, 0.01358115579932928, 0.9983558654785156, 0.05568815767765045, 0.007498057093471289, 0.99934983253479, 0.03526442497968674, -0.008487175218760967, 0.9993849992752075, 0.03402367979288101, -0.008429944515228271, 0.9997430443763733, 0.021041959524154663, -0.006619402207434177, 0.9998809099197388, 0.013938074931502342, 0.00419757841154933, 0.9999183416366577, 0.01207066047936678, 0.010556426830589771, 0.9997634887695312, 0.0190126895904541, 0.0018907696940004826, 0.9997273087501526, 0.02327328734099865, -0.007893940433859825, 0.9989766478538513, 0.04453425109386444, -0.02588661015033722, 0.9991897344589233, 0.03081759437918663, -0.04882615804672241, 0.9986733198165894, 0.016355061903595924, -0.04038499295711517, 0.9991397261619568, 0.00942079909145832, -0.02776503562927246, 0.9994512796401978, -0.018060550093650818, -0.01596355438232422, 0.9995312690734863, -0.026125404983758926, -0.008935004472732544, 0.9997819662094116, -0.018870458006858826, -0.00867184903472662, 0.9998796582221985, -0.012866901233792305, -0.019659871235489845, 0.9997988939285278, -0.003969938028603792, -0.02484176866710186, 0.999681830406189, -0.0043748654425144196, -0.03132087364792824, 0.9994169473648071, -0.013593003153800964, -0.020595429465174675, 0.9994387626647949, -0.02641763724386692, -0.0009765834547579288, 0.9995481967926025, -0.030038489028811455, 0.016791969537734985, 0.9994108080863953, -0.029933150857686996, 0.0333092026412487, 0.9990458488464355, -0.028247423470020294, 0.03320159763097763, 0.9992443323135376, -0.02020839974284172, 0.03606552258133888, 0.99933260679245, -0.00580750172957778, 0.016370443627238274, 0.9998558759689331, -0.004503475036472082, 0.007797317113727331, 0.999946117401123, -0.006857451982796192, 0.010096470825374126, 0.9998348355293274, -0.015110108070075512]
            ta (float, 388):  [1.0, 0.00014148795162327588, -4.953583143674223e-08, 1.0, 0.9992546439170837, -0.03860427811741829, -0.00012279984366614372, 1.0, 0.9992722272872925, -0.03814380243420601, -0.000407129293307662, 1.0, 0.9993036985397339, -0.03731038048863411, -0.00015912859817035496, 1.0, 0.9998382329940796, -0.017983313649892807, 5.554384188144468e-06, 1.0, 0.9999691843986511, 0.007847803644835949, 2.322935324627906e-05, 1.0, 0.999599277973175, 0.02830364555120468, -0.0003945956123061478, 1.0, 0.9992150068283081, 0.03961246833205223, -0.0003835020470432937, 1.0, 0.9992706179618835, 0.038182325661182404, -0.0005970397614873946, 1.0, 0.9998449683189392, 0.0176042839884758, -6.882055458845571e-05, 1.0, 0.9999962449073792, -0.0027048359625041485, 0.0003017593116965145, 1.0, 0.9997245669364929, -0.02346598170697689, 0.0002720124030020088, 1.0, 0.9995517134666443, -0.029936838895082474, 0.0002820309018716216, 1.0, 0.9997621774673462, -0.021803345531225204, 0.0004017997707705945, 1.0, 0.9999974370002747, -0.0022589669097214937, 5.92713950027246e-05, 1.0, 0.9998272657394409, 0.0185847245156765, -1.2018273082503583e-05, 1.0, 0.9996598958969116, 0.026080531999468803, 9.900426812237129e-05, 1.0, 0.9996837377548218, 0.025146396830677986, 1.3982143173052464e-05, 1.0, 0.9997003078460693, 0.024478625506162643, -8.420183439739048e-05, 1.0, 0.9998222589492798, 0.01885163225233555, -8.797954797046259e-05, 1.0, 0.9994473457336426, 0.03323992341756821, -6.71448142384179e-05, 1.0, 0.9989643692970276, 0.04549858719110489, 6.957877485547215e-05, 1.0, 0.9976444840431213, 0.06859607994556427, 4.94122359668836e-05, 1.0, 0.9972325563430786, 0.07434500008821487, 1.3080907592666335e-05, 1.0, 0.9987457990646362, 0.050068579614162445, 0.00010940108040813357, 1.0, 0.999864935874939, 0.016434280201792717, 0.00016623079136479646, 1.0, 0.9998594522476196, -0.01676705852150917, -3.9183014450827613e-05, 1.0, 0.9987751841545105, -0.04947982728481293, -5.422641334007494e-05, 1.0, 0.9978476166725159, -0.06557561457157135, 0.00012695851910393685, 1.0, 0.9977545142173767, -0.06697595864534378, 9.216601029038429e-05, 1.0, 0.9985992908477783, -0.05291040614247322, 1.8979186279466376e-05, 1.0, 0.9991548657417297, -0.04110470786690712, -7.039630872895941e-05, 1.0, 0.9995630383491516, -0.029559042304754257, 4.451082986633992e-06, 1.0, 0.9997608661651611, -0.02186516858637333, -4.35165929957293e-06, 1.0, 0.9992461800575256, -0.038821179419755936, -3.871394437737763e-05, 1.0, 0.9989188313484192, -0.046487729996442795, 1.4251900211093016e-05, 1.0, 0.999544084072113, -0.030192255973815918, 3.826627289527096e-05, 1.0, 0.9999631643295288, -0.008576489053666592, -0.00010533657768974081, 1.0, 0.9999876618385315, 0.004955347627401352, 5.4989533964544535e-05, 1.0, 0.9998347759246826, 0.01817771978676319, 1.5357152733486146e-05, 1.0, 0.9998238682746887, 0.01876738667488098, 4.403227285365574e-05, 1.0, 0.9999527931213379, 0.009714680723845959, -9.424820746062323e-05, 1.0, 0.9999998807907104, 0.0006432560039684176, 1.600865289219655e-06, 1.0, 0.999828040599823, -0.018545713275671005, 0.00013541884254664183, 1.0, 0.9999834299087524, -0.005754082929342985, 9.078608127310872e-05, 1.0, 0.9999844431877136, -0.005580558441579342, -2.922428939200472e-05, 1.0, 0.9998720288276672, 0.01599794812500477, -2.871085234801285e-05, 1.0, 0.9994066953659058, 0.03444135934114456, -2.3296315703191794e-05, 1.0, 0.9993695616722107, 0.03550229221582413, -4.056101261085132e-06, 1.0, 0.9996590614318848, 0.026110192760825157, -3.958327943109907e-05, 1.0, 0.9998549222946167, 0.01703241467475891, -7.948808342916891e-05, 1.0, 0.9999530911445618, 0.009687293320894241, -5.112117651151493e-05, 1.0, 0.9998888373374939, 0.014909726567566395, -2.691162421797344e-07, 1.0, 0.9997518658638, 0.02227361872792244, 1.2523276382125914e-05, 1.0, 0.9991976022720337, 0.04004904255270958, -1.9660067209770204e-06, 1.0, 0.9989431500434875, 0.04596254602074623, 9.453840175410733e-05, 1.0, 0.9996193051338196, 0.027588479220867157, -5.7194185501430184e-05, 1.0, 0.9999796748161316, 0.006371947005391121, -5.573426096816547e-05, 1.0, 0.9998214244842529, -0.018896285444498062, 0.0001805502688512206, 1.0, 0.9992627501487732, -0.038393858820199966, -4.588384763337672e-05, 1.0, 0.9991079568862915, -0.04222700744867325, 2.8081160053261556e-05, 1.0, 0.9992304444313049, -0.03922240808606148, -6.88190482378559e-07, 1.0, 0.9994767904281616, -0.03234529867768288, -3.454420721027418e-06, 1.0, 0.9999299049377441, -0.011841981671750546, 3.2640494396218855e-07, 1.0, 0.999847412109375, -0.017469990998506546, 3.5956014471594244e-05, 1.0, 0.9998362064361572, -0.018099961802363396, -4.898477982351324e-06, 1.0, 0.9992393255233765, -0.038994673639535904, -1.133606360781414e-06, 1.0, 0.9979925751686096, -0.06333038955926895, 1.6540398064535111e-06, 1.0, 0.9994124174118042, -0.03427516669034958, -9.122466872213408e-05, 1.0, 0.9999074339866638, -0.013607186265289783, 8.829303260426968e-05, 1.0, 0.999971866607666, -0.007504808716475964, 5.910151230636984e-05, 1.0, 0.9999639987945557, 0.00849091075360775, 3.4686236176639795e-05, 1.0, 0.9999645352363586, 0.008429711684584618, 9.97630413621664e-05, 1.0, 0.9999780654907227, 0.0066199032589793205, 1.0225101505056955e-05, 1.0, 0.999991238117218, -0.004197896458208561, 9.970798373615253e-07, 1.0, 0.9999443292617798, -0.010555976070463657, -0.0001240888814209029, 1.0, 0.9999982118606567, -0.0018857649993151426, -0.0002369497815379873, 1.0, 0.9999687671661377, 0.007902842946350574, -2.38351640291512e-05, 1.0, 0.9996645450592041, 0.0258982814848423, 2.050461625913158e-05, 1.0, 0.9988070130348206, 0.0488324798643589, 1.2976833204447757e-05, 1.0, 0.9991841316223145, 0.04038644954562187, 3.616061803768389e-05, 1.0, 0.9996142983436584, 0.027770351618528366, 4.3362459109630436e-05, 1.0, 0.9998724460601807, 0.015971509739756584, 9.590859554009512e-05, 1.0, 0.9999600052833557, 0.008937699720263481, 5.851665264344774e-05, 1.0, 0.9999625086784363, 0.008672306314110756, -2.0269997548894025e-05, 1.0, 0.9998067617416382, 0.01966002769768238, 7.919891231722431e-07, 1.0, 0.999691367149353, 0.02484181709587574, -4.2468214815016836e-05, 1.0, 0.9995093941688538, 0.0313226692378521, -8.124754822347313e-05, 1.0, 0.9997876882553101, 0.020604321733117104, 6.445412873290479e-05, 1.0, 0.9999995827674866, 0.0009762787376530468, -2.4833261704770848e-05, 1.0, 0.9998587965965271, -0.016802474856376648, -9.938402217812836e-05, 1.0, 0.9994447231292725, -0.03332090750336647, 5.636497735395096e-05, 1.0, 0.9994485378265381, -0.03320544213056564, 0.00014553118671756238, 1.0, 0.9993494153022766, -0.03606616333127022, -6.421882062568329e-06, 1.0, 0.9998659491539001, -0.016370601952075958, 1.368459948025702e-06, 1.0, 0.9999696016311646, -0.007797439582645893, 8.8838096417021e-06, 1.0, 0.999949038028717, -0.010097932070493698, -2.036820114881266e-05, 1.0]
            u0 (float, 194):  [0.5, 0.5, 0.650719165802002, 0.5, 0.6567108631134033, 0.4688282608985901, 0.6539678573608398, 0.43622440099716187, 0.6292316317558289, 0.41365015506744385, 0.6123624444007874, 0.38763755559921265, 0.5866432189941406, 0.37032926082611084, 0.5621123909950256, 0.35004740953445435, 0.5314809083938599, 0.3417348265647888, 0.5, 0.340143084526062, 0.46753284335136414, 0.33677661418914795, 0.43813183903694153, 0.3506370186805725, 0.41366133093833923, 0.37078505754470825, 0.38965514302253723, 0.38965511322021484, 0.3665788769721985, 0.4108508825302124, 0.3508121967315674, 0.43820440769195557, 0.3496421277523041, 0.47009193897247314, 0.3364848792552948, 0.5, 0.3458029329776764, 0.5306716859340668, 0.3495202958583832, 0.5623307228088379, 0.37442639470100403, 0.5839056074619293, 0.3904220759868622, 0.6095779240131378, 0.41680261492729187, 0.6245136559009552, 0.44003552198410034, 0.6447670161724091, 0.4699832797050476, 0.6509042084217072, 0.5, 0.6554765403270721, 0.5299034118652344, 0.6503345966339111, 0.5628583431243896, 0.6517534852027893, 0.5891642570495605, 0.6334437429904938, 0.6099739670753479, 0.6099739372730255, 0.6314513683319092, 0.5878329873085022, 0.6410355567932129, 0.5584188401699066, 0.6626469492912292, 0.532352477312088, 0.8444907069206238, 0.5, 0.8150721192359924, 0.4373282790184021, 0.7699222564697266, 0.38819456100463867, 0.7891919016838074, 0.30676811933517456, 0.7097021341323853, 0.29029786586761475, 0.6585110425949097, 0.26277148723602295, 0.6188641786575317, 0.21303647756576538, 0.560038685798645, 0.19816523790359497, 0.5, 0.159354567527771, 0.4430951774120331, 0.21392011642456055, 0.3906562924385071, 0.2360209822654724, 0.32654571533203125, 0.24040734767913818, 0.29892173409461975, 0.29892170429229736, 0.2275955229997635, 0.3179851770401001, 0.20856967568397522, 0.37928563356399536, 0.16426248848438263, 0.4332176446914673, 0.15342813730239868, 0.5, 0.207933709025383, 0.5580956041812897, 0.18935193121433258, 0.6286746561527252, 0.23705734312534332, 0.6756926476955414, 0.25419411063194275, 0.7458058893680573, 0.34054282307624817, 0.738644540309906, 0.38012418150901794, 0.7894058078527451, 0.43177708983421326, 0.8429796546697617, 0.5, 0.7853748798370361, 0.5590487718582153, 0.7968583703041077, 0.6159664988517761, 0.7799679040908813, 0.6703745126724243, 0.7549834698438644, 0.747879683971405, 0.7478796541690826, 0.7450972199440002, 0.6637687385082245, 0.8130136728286743, 0.6296544969081879, 0.7942880988121033, 0.5585375428199768, 1.022598147392273, 0.5, 0.903002917766571, 0.41983771324157715, 0.8730579614639282, 0.3454743027687073, 0.9487600922584534, 0.2001481056213379, 0.7760574817657471, 0.22394251823425293, 0.7705226540565491, 0.0951341986656189, 0.6605916619300842, 0.11229747533798218, 0.5930941104888916, 0.03198426961898804, 0.5, 0.06286221742630005, 0.4055413007736206, 0.025124073028564453, 0.31156125664711, 0.04506868124008179, 0.22029714286327362, 0.08139508962631226, 0.2121666669845581, 0.2121666669845581, 0.07125305384397507, 0.21352046728134155, 0.10733506083488464, 0.3373528718948364, 0.02976464107632637, 0.4064643979072571, -0.012633047997951508, 0.5, 0.0029058861546218395, 0.5988781750202179, 0.06594329327344894, 0.6797921657562256, 0.11357301473617554, 0.7582022547721863, 0.20864784717559814, 0.7913521528244019, 0.2092435508966446, 0.9351477846503258, 0.31644338369369507, 0.9431449063122272, 0.40112853050231934, 0.9970605112612247, 0.5, 1.0366843082010746, 0.5967378616333008, 0.9863340640440583, 0.6662554144859314, 0.9013760313391685, 0.7567435503005981, 0.8842438831925392, 0.7933580875396729, 0.793358102440834, 0.8583089709281921, 0.739414393901825, 0.9803816676139832, 0.6989805996417999, 0.9815148115158081, 0.5957792401313782]
            tri (int, 480):  [0, 2, 1, 0, 3, 2, 0, 4, 3, 0, 5, 4, 0, 6, 5, 0, 7, 6, 0, 8, 7, 0, 9, 8, 0, 10, 9, 0, 11, 10, 0, 12, 11, 0, 13, 12, 0, 14, 13, 0, 15, 14, 0, 16, 15, 0, 17, 16, 0, 18, 17, 0, 19, 18, 0, 20, 19, 0, 21, 20, 0, 22, 21, 0, 23, 22, 0, 24, 23, 0, 25, 24, 0, 26, 25, 0, 27, 26, 0, 28, 27, 0, 29, 28, 0, 30, 29, 0, 31, 30, 0, 32, 31, 0, 1, 32, 1, 34, 33, 1, 2, 34, 2, 35, 34, 2, 3, 35, 3, 36, 35, 3, 4, 36, 4, 37, 36, 4, 5, 37, 5, 38, 37, 5, 6, 38, 6, 39, 38, 6, 7, 39, 7, 40, 39, 7, 8, 40, 8, 41, 40, 8, 9, 41, 9, 42, 41, 9, 10, 42, 10, 43, 42, 10, 11, 43, 11, 44, 43, 11, 12, 44, 12, 45, 44, 12, 13, 45, 13, 46, 45, 13, 14, 46, 14, 47, 46, 14, 15, 47, 15, 48, 47, 15, 16, 48, 16, 49, 48, 16, 17, 49, 17, 50, 49, 17, 18, 50, 18, 51, 50, 18, 19, 51, 19, 52, 51, 19, 20, 52, 20, 53, 52, 20, 21, 53, 21, 54, 53, 21, 22, 54, 22, 55, 54, 22, 23, 55, 23, 56, 55, 23, 24, 56, 24, 57, 56, 24, 25, 57, 25, 58, 57, 25, 26, 58, 26, 59, 58, 26, 27, 59, 27, 60, 59, 27, 28, 60, 28, 61, 60, 28, 29, 61, 29, 62, 61, 29, 30, 62, 30, 63, 62, 30, 31, 63, 31, 64, 63, 31, 32, 64, 32, 33, 64, 33, 32, 1, 33, 66, 65, 33, 34, 66, 34, 67, 66, 34, 35, 67, 35, 68, 67, 35, 36, 68, 36, 69, 68, 36, 37, 69, 37, 70, 69, 37, 38, 70, 38, 71, 70, 38, 39, 71, 39, 72, 71, 39, 40, 72, 40, 73, 72, 40, 41, 73, 41, 74, 73, 41, 42, 74, 42, 75, 74, 42, 43, 75, 43, 76, 75, 43, 44, 76, 44, 77, 76, 44, 45, 77, 45, 78, 77, 45, 46, 78, 46, 79, 78, 46, 47, 79, 47, 80, 79, 47, 48, 80, 48, 81, 80, 48, 49, 81, 49, 82, 81, 49, 50, 82, 50, 83, 82, 50, 51, 83, 51, 84, 83, 51, 52, 84, 52, 85, 84, 52, 53, 85, 53, 86, 85, 53, 54, 86, 54, 87, 86, 54, 55, 87, 55, 88, 87, 55, 56, 88, 56, 89, 88, 56, 57, 89, 57, 90, 89, 57, 58, 90, 58, 91, 90, 58, 59, 91, 59, 92, 91, 59, 60, 92, 60, 93, 92, 60, 61, 93, 61, 94, 93, 61, 62, 94, 62, 95, 94, 62, 63, 95, 63, 96, 95, 63, 64, 96, 64, 65, 96, 65, 64, 33]
            boundingsphere (float, 4):  [0.10283946990966797, 0.24069324135780334, -0.6378622055053711, 11.424248530743888]
            aabb:
                min (float, 3):  [-10.580745697021484, 0.07818649709224701, -11.077163696289062]
                max (float, 3):  [10.78642463684082, 0.4032000005245209, 9.80143928527832]
            material:
                shader (str, 1):  ['PdxMeshAdvanced']
                diff (str, 1):  ['air_winter_tropical_coast_monsoon_phase_4_diff.dds']
                spec (str, 1):  ['air_winter_tropical_coast_monsoon_spec.dds']
                n (str, 1):  ['air_winter_tropical_coast_monsoon_n.dds']
locator:
