pdxasset (int, 2):  [1, 0]
object:
    air_winter_desert_arid_plateau_dead_vegetation:
        mesh:
            p (float, 36):  [-5.711171627044678, 0.10000000149011612, -5.887488842010498, 5.887488842010498, 0.10000000149011612, -5.711171627044678, 5.711171627044678, 0.10000000149011612, 5.887488842010498, -5.887488842010498, 0.10000000149011612, 5.711171627044678, 1.6903204917907715, -1.203147292137146, -7.9027838706970215, 7.84823751449585, -1.203147292137146, 1.927783489227295, -1.6903204917907715, 1.6031473875045776, 7.9027838706970215, -7.84823751449585, 1.6031473875045776, -1.927783489227295, 7.397987365722656, 1.995755910873413, -3.1103360652923584, 2.7769219875335693, 1.995755910873413, 7.529482841491699, -7.397987365722656, -1.3957557678222656, 3.1103360652923584, -2.7769219875335693, -1.3957557678222656, -7.529482841491699]
            n (float, 36):  [-3.4606215115751127e-10, 1.0, 0.0, -3.4606215115751127e-10, 1.0, 0.0, -3.4606215115751127e-10, 1.0, 0.0, -3.4606215115751127e-10, 1.0, 0.0, 0.20501981675624847, 0.9702956676483154, -0.1284254491329193, 0.20501981675624847, 0.9702956676483154, -0.1284254491329193, 0.20501981675624847, 0.9702956676483154, -0.1284254491329193, 0.20501981675624847, 0.9702956676483154, -0.1284254491329193, -0.26817089319229126, 0.9563047885894775, -0.11647144705057144, -0.26817089319229126, 0.9563047885894775, -0.11647144705057144, -0.26817089319229126, 0.9563047885894775, -0.11647144705057144, -0.26817089319229126, 0.9563047885894775, -0.11647144705057144]
            ta (float, 48):  [0.9998844861984253, 3.4602215537304915e-10, 0.015199759043753147, 1.0, 0.9998844861984253, 3.4602215537304915e-10, 0.015199759975075722, 1.0, 0.9998844861984253, 3.4602215537304915e-10, 0.015199759043753147, 1.0, 0.9998844861984253, 3.4602215537304915e-10, 0.015199759975075722, 1.0, 0.5308548808097839, 0.0, 0.8474626541137695, 1.0, 0.5308549404144287, 0.0, 0.8474627733230591, 1.0, 0.5308548808097839, 0.0, 0.8474626541137695, 1.0, 0.5308549404144287, 0.0, 0.8474627733230591, 1.0, -0.3983677923679352, -1.0687540630271997e-08, 0.9172258377075195, 1.0, -0.3983677327632904, -7.125026346699315e-09, 0.9172258377075195, 1.0, -0.3983677923679352, -1.0687540630271997e-08, 0.9172258377075195, 1.0, -0.3983677327632904, -1.425005269339863e-08, 0.9172257781028748, 1.0]
            u0 (float, 24):  [0.0, 1.0, 1.0, 1.0, 1.0, 0.0, 0.0, 0.0, 0.0, 1.0, 1.0, 1.0, 1.0, 0.0, 0.0, 0.0, 0.0, 1.0, 1.0, 1.0, 1.0, 0.0, 0.0, 0.0]
            tri (int, 18):  [0, 2, 1, 0, 3, 2, 4, 6, 5, 4, 7, 6, 8, 10, 9, 8, 11, 10]
            boundingsphere (float, 4):  [0.0, 0.30000007152557373, 0.0, 8.220135923663328]
            aabb:
                min (float, 3):  [-7.84823751449585, -1.3957557678222656, -7.9027838706970215]
                max (float, 3):  [7.84823751449585, 1.995755910873413, 7.9027838706970215]
            material:
                shader (str, 1):  ['PdxMeshAlphaBlend']
                diff (str, 1):  ['air_winter_desert_arid_plateau_dead_vegetation_diff.dds']
                spec (str, 1):  ['air_winter_desert_arid_plateau_dead_vegetation_spec.dds']
                n (str, 1):  ['air_winter_desert_arid_plateau_dead_vegetation_n.dds']
locator:
