pdxasset (int, 2):  [1, 0]
object:
    air_winter_desert_arid_plateau_phase_5:
        mesh:
            p (float, 291):  [0.0, 0.4320000112056732, 0.0, 3.431283712387085, 0.2909718155860901, 0.0, 3.222325563430786, 0.24167248606681824, 0.6409604549407959, 3.0068094730377197, 0.21193194389343262, 1.2454612255096436, 2.7208664417266846, 0.2117745727300644, 1.8180248737335205, 2.3759498596191406, 0.24125342071056366, 2.3759498596191406, 1.9108444452285767, 0.29043230414390564, 2.859780788421631, 1.2381645441055298, 0.3427349925041199, 2.9891936779022217, 0.617928147315979, 0.38053223490715027, 3.106534719467163, 1.9710738585760327e-16, 0.39108413457870483, 3.219007730484009, -0.6064940690994263, 0.37083402276039124, 3.0490517616271973, -1.2687569856643677, 0.3266074061393738, 3.0630502700805664, -1.9116405248641968, 0.2733113765716553, 2.8609721660614014, -2.2336647510528564, 0.2289099097251892, 2.2336647510528564, -2.791250228881836, 0.20836900174617767, 1.8650537729263306, -2.9196488857269287, 0.2186122089624405, 1.2093582153320312, -3.352583646774292, 0.25618690252304077, 0.6668703556060791, -3.2844600677490234, 0.30842816829681396, 4.022303503741924e-16, -3.1606640815734863, 0.3577275276184082, -0.6286951899528503, -2.8597538471221924, 0.3874680697917938, -1.1845488548278809, -2.611112356185913, 0.38762542605400085, -1.7446894645690918, -2.4100377559661865, 0.3581465780735016, -2.4100377559661865, -1.7508589029312134, 0.3089676797389984, -2.6203455924987793, -1.2648675441741943, 0.25666502118110657, -3.0536603927612305, -0.6408839225769043, 0.21886776387691498, -3.2219409942626953, -5.959021308930628e-16, 0.2083158791065216, -3.2439401149749756, 0.6517337560653687, 0.2285659909248352, -3.276486873626709, 1.1976464986801147, 0.27279260754585266, -2.891374349594116, 1.847434163093567, 0.32608863711357117, -2.764880657196045, 2.1971449851989746, 0.37049010396003723, -2.1971449851989746, 2.6286895275115967, 0.3910309970378876, -1.7564342021942139, 3.0736422538757324, 0.38078778982162476, -1.2731443643569946, 3.0921473503112793, 0.3432130813598633, -0.6150663495063782, 6.003898620605469, 0.19917182624340057, 0.0, 6.398109436035156, 0.14987248182296753, 1.2726631164550781, 6.216872692108154, 0.1201319471001625, 2.575112819671631, 4.837038516998291, 0.11997457593679428, 3.2320058345794678, 4.793330669403076, 0.14945341646671295, 4.793330669403076, 3.6932756900787354, 0.19863231480121613, 5.527377605438232, 2.2237865924835205, 0.25093498826026917, 5.3686957359313965, 1.2925798892974854, 0.28873223066329956, 6.4982380867004395, 3.5584007638874847e-16, 0.2992841303348541, 5.811309337615967, -1.2888075113296509, 0.2790340185165405, 6.479272842407227, -2.5586562156677246, 0.23480740189552307, 6.177142143249512, -3.5350892543792725, 0.18151137232780457, 5.290635108947754, -4.473374843597412, 0.1371099054813385, 4.473374843597412, -5.7777886390686035, 0.11656901240348816, 3.8605947494506836, -5.624821662902832, 0.12681220471858978, 2.3298773765563965, -6.352769374847412, 0.16438691318035126, 1.2636444568634033, -6.526878356933594, 0.21662817895412445, 7.993121168576179e-16, -5.760343074798584, 0.2659275233745575, -1.145803451538086, -6.560405731201172, 0.2956680655479431, -2.7174088954925537, -5.046525001525879, 0.29582542181015015, -3.3719801902770996, -4.911524772644043, 0.2663465738296509, -4.911524772644043, -3.600863456726074, 0.2171676903963089, -5.389072895050049, -2.2286574840545654, 0.16486501693725586, -5.380455017089844, -1.2182416915893555, 0.12706775963306427, -6.124514579772949, -1.221011016598638e-15, 0.1165158748626709, -6.64687442779541, 1.2626506090164185, 0.1367659866809845, -6.347773551940918, 2.7244222164154053, 0.18099258840084076, -6.577337265014648, 3.251626491546631, 0.23428863286972046, -4.866403102874756, 4.950435638427734, 0.2786900997161865, -4.950435638427734, 5.861135959625244, 0.29923099279403687, -3.916285991668701, 5.583709239959717, 0.28898778557777405, -2.3128480911254883, 6.415015697479248, 0.2514130771160126, -1.2760260105133057, 8.172285079956055, 0.11301946640014648, 0.0, 9.66163158416748, 0.09561970084905624, 1.9218178987503052, 9.437333106994629, 0.08512303978204727, 3.909071207046509, 7.426422119140625, 0.0850674957036972, 4.962176322937012, 7.429138660430908, 0.09547179192304611, 7.429138660430908, 4.881988525390625, 0.1128290519118309, 7.306412696838379, 3.1366915702819824, 0.1312888115644455, 7.572643280029297, 1.8623404502868652, 0.14462903141975403, 9.362617492675781, 6.354041476629776e-16, 0.1483532190322876, 10.376936912536621, -1.749942421913147, 0.14120611548423767, 8.797554016113281, -3.330437660217285, 0.12559673190116882, 8.040388107299805, -5.605834484100342, 0.10678636282682419, 8.389723777770996, -7.166707515716553, 0.09111525863409042, 7.166707515716553, -7.015051364898682, 0.08386553078889847, 4.687307357788086, -7.887284755706787, 0.08748077601194382, 3.2670204639434814, -9.79269027709961, 0.10074243694543839, 1.9478871822357178, -10.520296096801758, 0.11918053030967712, 1.288364747223695e-15, -8.307917594909668, 0.13658030331134796, -1.6525475978851318, -9.277579307556152, 0.14707696437835693, -3.8428990840911865, -8.403154373168945, 0.1471325010061264, -5.614808082580566, -5.760561943054199, 0.1367282122373581, -5.760561943054199, -5.652970314025879, 0.1193709522485733, -8.460268020629883, -3.6570491790771484, 0.10091118514537811, -8.828897476196289, -1.6298757791519165, 0.08757097274065018, -8.193939208984375, -1.5508243645566628e-15, 0.08384677767753601, -8.442294120788574, 1.722312092781067, 0.09099388122558594, -8.658647537231445, 3.9227707386016846, 0.10660327225923538, -9.470406532287598, 4.7160563468933105, 0.12541362643241882, -7.058076858520508, 6.970995903015137, 0.14108474552631378, -6.970995903015137, 8.950409889221191, 0.14833447337150574, -5.980472564697266, 9.064127922058105, 0.1447192281484604, -3.7544848918914795, 10.01270580291748, 0.13145755231380463, -1.9916510581970215]
            n (float, 291):  [-0.00011203321628272533, 0.9999999403953552, -0.00028663157718256116, 0.03545840457081795, 0.997453510761261, 0.06188147887587547, 0.03245793282985687, 0.9976808428764343, 0.05982973799109459, 0.03545361012220383, 0.9985974431037903, 0.03932086378335953, 0.053840745240449905, 0.998502790927887, 0.009656528010964394, 0.0703689306974411, 0.9974605441093445, -0.010986202396452427, 0.06528734415769577, 0.9978626370429993, -0.0027866417076438665, 0.06278472393751144, 0.9980059266090393, 0.0064997742883861065, 0.035748306661844254, 0.9992405772209167, 0.015502778813242912, -0.006850705947726965, 0.9997254610061646, 0.022408222779631615, -0.04217148944735527, 0.9989966154098511, 0.01507758442312479, -0.06448393315076828, 0.9979045987129211, 0.0053160786628723145, -0.0736943781375885, 0.9972615242004395, -0.006212332285940647, -0.06604376435279846, 0.9978060126304626, 0.004619099199771881, -0.039433471858501434, 0.9990754127502441, 0.01712624728679657, -0.03613195940852165, 0.9981127381324768, 0.04965318366885185, -0.025382444262504578, 0.9974416494369507, 0.06682713329792023, -0.03359366953372955, 0.9976983070373535, 0.058901842683553696, -0.036603447049856186, 0.998277485370636, 0.04585014283657074, -0.02549230121076107, 0.9996151924133301, 0.010938179679214954, -0.0072715734131634235, 0.9996320009231567, -0.026135606691241264, 0.015551558695733547, 0.9986505508422852, -0.049550872296094894, 0.04128769040107727, 0.9967449307441711, -0.0692446380853653, 0.03645419329404831, 0.9974767565727234, -0.06091912090778351, 0.019538432359695435, 0.9984496235847473, -0.052121032029390335, -0.00884140096604824, 0.9987446069717407, -0.04930518567562103, -0.031084241345524788, 0.9983447194099426, -0.048389650881290436, -0.04153210669755936, 0.9972949028015137, -0.06064675375819206, -0.03419031202793121, 0.9976481199264526, -0.05940769612789154, -0.0161927230656147, 0.9987410306930542, -0.04747876524925232, 0.012307921424508095, 0.9998200535774231, -0.014435873366892338, 0.034089818596839905, 0.9991908669471741, 0.021342381834983826, 0.039420466870069504, 0.9979232549667358, 0.05094292014837265, 0.03259541839361191, 0.9985495209693909, 0.042853545397520065, 0.01979386992752552, 0.9995477795600891, 0.02263469062745571, 0.011417326517403126, 0.999750554561615, 0.01919598877429962, 0.030549954622983932, 0.9995265603065491, 0.003675884334370494, 0.0343262255191803, 0.9994024038314819, -0.004060227423906326, 0.03415173664689064, 0.9992793798446655, 0.016563791781663895, 0.05115854740142822, 0.9984861612319946, 0.020204290747642517, 0.0356057770550251, 0.998852550983429, 0.03202594444155693, -0.0060719093307852745, 0.9994311332702637, 0.03317316621541977, -0.031070543453097343, 0.9989356398582458, 0.034091901034116745, -0.04194232448935509, 0.9988613128662109, 0.02273663319647312, -0.04386148601770401, 0.99903404712677, 0.00268195616081357, -0.03295665979385376, 0.9994565844535828, 0.0006024286267347634, -0.02119230292737484, 0.9997597932815552, 0.0055960980243980885, -0.017932184040546417, 0.9994610548019409, 0.027497095987200737, -0.016385704278945923, 0.9990273714065552, 0.04093670845031738, -0.027725091204047203, 0.9993763566017151, 0.02187158539891243, -0.04134247824549675, 0.9987236857414246, 0.02901308611035347, -0.04403867572546005, 0.9990142583847046, 0.005576410796493292, -0.01897595264017582, 0.9992742538452148, -0.03302742540836334, -0.014431441202759743, 0.9987710118293762, -0.047415830194950104, 0.01440858282148838, 0.9988673329353333, -0.045348312705755234, 0.026548350229859352, 0.9987590312957764, -0.0421365387737751, 0.00999545119702816, 0.9995693564414978, -0.027590785175561905, -0.005591002758592367, 0.9997093081474304, -0.023452259600162506, -0.02383882738649845, 0.9992396831512451, -0.030850550159811974, -0.009096344001591206, 0.9994674324989319, -0.03133945167064667, -0.017392802983522415, 0.9985274076461792, -0.05138625204563141, -0.002534286119043827, 0.9985637068748474, -0.05351821333169937, 0.02917478419840336, 0.9994423389434814, -0.01624349318444729, 0.03862046077847481, 0.9992072582244873, 0.009655042551457882, 0.03864308074116707, 0.9988300800323486, 0.029072219505906105, 0.0336918868124485, 0.9990200996398926, 0.02869732491672039, 0.014324351213872433, 0.9998345971107483, 0.011200787499547005, 0.008120177313685417, 0.9998859167098999, 0.012734852731227875, 0.015663528814911842, 0.9998770356178284, 0.0008119031554087996, 0.02288152277469635, 0.9997367262840271, 0.0017363294027745724, 0.02148982509970665, 0.9995169043540955, 0.022456375882029533, 0.046478886157274246, 0.9982839226722717, 0.03562306985259056, 0.026076072826981544, 0.9989725947380066, 0.03706348314881325, -0.004460201598703861, 0.9992030262947083, 0.03966696187853813, -0.027888836339116096, 0.9986762404441833, 0.0432203970849514, -0.03139769658446312, 0.9989537596702576, 0.033250592648983, -0.02501201070845127, 0.9996522068977356, 0.008349030278623104, -0.02338252030313015, 0.9997265338897705, 4.682660801336169e-05, -0.019072353839874268, 0.999813973903656, 0.0028560333885252476, -0.011946330778300762, 0.999678909778595, 0.022348111495375633, -0.015970222651958466, 0.9994622468948364, 0.028638673946261406, -0.02418634667992592, 0.9996132254600525, 0.013730418868362904, -0.049201492220163345, 0.9986909031867981, 0.013990136794745922, -0.04307368025183678, 0.9990495443344116, -0.006675902754068375, -0.02867884561419487, 0.9987881183624268, -0.03999689966440201, -0.02662901021540165, 0.9985243082046509, -0.04733020067214966, 0.0003222324012313038, 0.9994100332260132, -0.03434368222951889, 0.016896046698093414, 0.999383807182312, -0.03076438046991825, 0.009174466133117676, 0.9997208118438721, -0.021774010732769966, -0.004709848202764988, 0.9998002648353577, -0.019426127895712852, -0.019031284376978874, 0.9994542002677917, -0.02700228989124298, -0.003357061417773366, 0.9996006488800049, -0.02805601805448532, 0.00392467575147748, 0.998882532119751, -0.047098223119974136, 0.010187281295657158, 0.9985862970352173, -0.05217007175087929, 0.034442752599716187, 0.9992180466651917, -0.01941777765750885, 0.042294420301914215, 0.9991048574447632, 0.0008441853569820523, 0.03789753094315529, 0.9991893172264099, 0.013583125546574593]
            ta (float, 388):  [1.0, 0.00011203344911336899, -9.743843953913256e-09, 1.0, 0.99936842918396, -0.03553466126322746, 0.00013193000631872565, 1.0, 0.9994710087776184, -0.032520465552806854, 7.159375672927126e-05, 1.0, 0.999370276927948, -0.03548409789800644, 7.742966408841312e-05, 1.0, 0.9985494017601013, -0.05384356901049614, 3.211991861462593e-05, 1.0, 0.9975207448005676, -0.07037371397018433, -4.839823304791935e-05, 1.0, 0.9978664517402649, -0.06528770178556442, -3.93173068005126e-05, 1.0, 0.998026967048645, -0.06278635561466217, 4.806086144526489e-05, 1.0, 0.9993606209754944, -0.0357535295188427, 5.9804824559250847e-05, 1.0, 0.9999765157699585, 0.006853773258626461, -6.006600960972719e-05, 1.0, 0.9991101026535034, 0.04217818006873131, -0.00012551809777505696, 1.0, 0.9979186058044434, 0.06448500603437424, -3.163647488690913e-05, 1.0, 0.9972806572914124, 0.073696069419384, 4.480428106035106e-05, 1.0, 0.9978166818618774, 0.06604458391666412, -2.4803566702757962e-05, 1.0, 0.9992219805717468, 0.039439864456653595, -3.554284921847284e-05, 1.0, 0.9993456602096558, 0.03616999834775925, 0.0001325843040831387, 1.0, 0.9996765851974487, 0.025432350113987923, 0.00010404036584077403, 1.0, 0.9994332194328308, 0.033664386719465256, -0.0002083268918795511, 1.0, 0.9993281364440918, 0.03664947673678398, -0.00016342956223525107, 1.0, 0.999674916267395, 0.02549406886100769, -2.231195685453713e-05, 1.0, 0.9999735355377197, 0.00727543979883194, 5.286895975586958e-05, 1.0, 0.9998785257339478, -0.015587478876113892, -0.00033853636705316603, 1.0, 0.9991418123245239, -0.04141668230295181, -0.00042771981679834425, 1.0, 0.9993314743041992, -0.036555591970682144, -0.0005504495347850025, 1.0, 0.9998082518577576, -0.019583862274885178, -0.00036097600241191685, 1.0, 0.9999608397483826, 0.008853095583617687, 1.879021874628961e-05, 1.0, 0.9995149970054626, 0.03114004246890545, 0.00039949826896190643, 1.0, 0.9991328120231628, 0.04163457825779915, 0.00042643703636713326, 1.0, 0.9994115233421326, 0.03429523482918739, 0.0007471525459550321, 1.0, 0.9998684525489807, 0.016216883435845375, 0.000123753328807652, 1.0, 0.9999242424964905, -0.012308655306696892, 3.7992169382050633e-05, 1.0, 0.9994184374809265, -0.03410007432103157, 0.00011652997636701912, 1.0, 0.9992204308509827, -0.03947834670543671, 0.0001299898576689884, 1.0, 0.9994676113128662, -0.032628901302814484, 8.188278297893703e-05, 1.0, 0.9998040199279785, -0.019799843430519104, 3.9702776120975614e-05, 1.0, 0.999934732913971, -0.011419277638196945, -7.894502232375089e-06, 1.0, 0.9995332360267639, -0.030550144612789154, -3.8310449781420175e-06, 1.0, 0.9994105696678162, -0.034326519817113876, -2.866972636184073e-06, 1.0, 0.9994165301322937, -0.034157756716012955, 8.0576901382301e-05, 1.0, 0.9986900687217712, -0.051168590784072876, -1.9762674128287472e-05, 1.0, 0.9993656277656555, -0.03561238944530487, -0.00036413324414752424, 1.0, 0.9999815225601196, 0.006074144504964352, 3.3399021049262956e-05, 1.0, 0.9995171427726746, 0.031069539487361908, 0.000559410487767309, 1.0, 0.9991192817687988, 0.041960492730140686, -0.0003219847858417779, 1.0, 0.9990376830101013, 0.04386168718338013, -1.6755249816924334e-05, 1.0, 0.9994567632675171, 0.03295666351914406, -1.9108186677385675e-07, 1.0, 0.9997754693031311, 0.021192602813243866, 5.996686923026573e-06, 1.0, 0.9998391270637512, 0.017938604578375816, 1.3253078577690758e-05, 1.0, 0.9998655915260315, 0.016394754871726036, 0.00011457683285698295, 1.0, 0.9996153712272644, 0.02773195691406727, -1.0747724445536733e-05, 1.0, 0.9991441965103149, 0.04136115685105324, -4.3750787881435826e-05, 1.0, 0.999029815196991, 0.04403923824429512, 2.1091816961416043e-05, 1.0, 0.9998196959495544, 0.018987344577908516, 3.132449637632817e-05, 1.0, 0.999893307685852, 0.014522111043334007, 0.00156830542255193, 1.0, 0.9998959302902222, -0.014427676796913147, -9.374477667734027e-05, 1.0, 0.9996468424797058, -0.026574894785881042, -6.984343781368807e-05, 1.0, 0.9999499320983887, -0.00999818742275238, 3.875533730024472e-05, 1.0, 0.9999843835830688, 0.005592735018581152, 8.230487765104044e-06, 1.0, 0.9997156262397766, 0.02385009080171585, -2.9070395157759776e-06, 1.0, 0.9999585747718811, 0.00910007394850254, -2.3567175958305597e-05, 1.0, 0.9998484253883362, 0.017414584755897522, -2.3832486476749182e-05, 1.0, 0.9999968409538269, 0.0025380058214068413, 1.5368232197943144e-06, 1.0, 0.9995741248130798, -0.029179083183407784, -2.7964035325567238e-05, 1.0, 0.9992538690567017, -0.03862225264310837, -1.1460580253697117e-06, 1.0, 0.9992524981498718, -0.03865895792841911, -1.6028867321438156e-05, 1.0, 0.9994317889213562, -0.03370527923107147, -1.7133848814410158e-05, 1.0, 0.9998974204063416, -0.01432491559535265, -2.9927636205684394e-05, 1.0, 0.9999669790267944, -0.008120719343423843, -9.147795026365202e-06, 1.0, 0.9998772740364075, -0.01566353440284729, 3.811316418023125e-08, 1.0, 0.9997381567955017, -0.022881535813212395, -1.2245380275999196e-05, 1.0, 0.9997690320014954, -0.02149316295981407, -9.277751087211072e-05, 1.0, 0.9989179372787476, -0.04650695621967316, -4.068768976139836e-05, 1.0, 0.9996594190597534, -0.026097748428583145, 0.00010094866593135521, 1.0, 0.9999899864196777, 0.00446239672601223, 3.320786345284432e-05, 1.0, 0.9996102452278137, 0.027917686849832535, -6.400447455234826e-05, 1.0, 0.9995065331459045, 0.031411878764629364, 9.603147918824106e-05, 1.0, 0.9996871948242188, 0.02501213364303112, 8.991940558189526e-05, 1.0, 0.9997265338897705, 0.02338252030313015, 1.1878561423372958e-07, 1.0, 0.9998181462287903, 0.019072437658905983, -1.578378601152508e-06, 1.0, 0.9999286532402039, 0.011949689127504826, -1.676511237747036e-05, 1.0, 0.9998722672462463, 0.015979085117578506, -8.063548739301041e-05, 1.0, 0.9997074604034424, 0.024188663810491562, -2.8315248528087977e-06, 1.0, 0.998788595199585, 0.04920611158013344, 1.4041748727322556e-05, 1.0, 0.9990718364715576, 0.04307510703802109, 6.911891978234053e-05, 1.0, 0.9995880722999573, 0.02869701385498047, -0.00011980097769992426, 1.0, 0.9996444582939148, 0.026661822572350502, 6.20258433627896e-05, 1.0, 0.9999998807907104, -0.0003095022402703762, 0.0003760008548852056, 1.0, 0.9998571872711182, -0.01689912937581539, 0.00015978794544935226, 1.0, 0.9999579191207886, -0.00917647872120142, 7.4538834269333165e-06, 1.0, 0.9999889135360718, 0.004710765555500984, 1.4941745121177519e-06, 1.0, 0.999818742275238, 0.01903722994029522, -3.685759293148294e-05, 1.0, 0.9999944567680359, 0.003355239052325487, -0.00011200855806237087, 1.0, 0.9999922513961792, -0.00393226882442832, -6.856843538116664e-05, 1.0, 0.9999478459358215, -0.010208618827164173, -0.0001425455993739888, 1.0, 0.9994063973426819, -0.03444884344935417, 2.0695015336968936e-05, 1.0, 0.9991052746772766, -0.04229443147778511, -7.778368740218866e-07, 1.0, 0.9992814660072327, -0.037900540977716446, -3.5419103369349614e-05, 1.0]
            u0 (float, 194):  [0.5, 0.5, 0.666244387626648, 0.5, 0.6561204195022583, 0.4689457416534424, 0.6456787586212158, 0.43965786695480347, 0.6318249106407166, 0.41191738843917847, 0.6151138544082642, 0.38488614559173584, 0.5925796627998352, 0.36144471168518066, 0.5599886178970337, 0.355174720287323, 0.5299383997917175, 0.34948956966400146, 0.5, 0.3440403342247009, 0.47061559557914734, 0.35227465629577637, 0.43852922320365906, 0.3515964150428772, 0.4073817729949951, 0.3613870143890381, 0.3917798101902008, 0.3917797803878784, 0.3647650182247162, 0.4096388816833496, 0.35854414105415344, 0.44140708446502686, 0.33756861090660095, 0.4676904082298279, 0.3408691883087158, 0.5, 0.34686705470085144, 0.5304600298404694, 0.3614460229873657, 0.5573909282684326, 0.37349262833595276, 0.5845295190811157, 0.3832346200942993, 0.6167653799057007, 0.4151715636253357, 0.6269547343254089, 0.43871766328811646, 0.6479486525058746, 0.46894943714141846, 0.656101793050766, 0.5, 0.6571676433086395, 0.5315762758255005, 0.6587445139884949, 0.5580254793167114, 0.6400859653949738, 0.5895074605941772, 0.6339573860168457, 0.6064507961273193, 0.6064508259296417, 0.6273589730262756, 0.5850985646247864, 0.6489167809486389, 0.5616833567619324, 0.6498133540153503, 0.5297997295856476, 0.7908865809440613, 0.5, 0.8099859356880188, 0.4383399486541748, 0.801205039024353, 0.37523674964904785, 0.7343526482582092, 0.34341055154800415, 0.7322350144386292, 0.26776498556137085, 0.6789377927780151, 0.23220068216323853, 0.6077415943145752, 0.23988878726959229, 0.562624990940094, 0.18516290187835693, 0.5, 0.2184443473815918, 0.43755778670310974, 0.18608170747756958, 0.37603411078453064, 0.20071983337402344, 0.32872629165649414, 0.2436707615852356, 0.28326672315597534, 0.28326672315597534, 0.22006839513778687, 0.31295567750930786, 0.22747957706451416, 0.3871183395385742, 0.19221077859401703, 0.4387769103050232, 0.18377526104450226, 0.5, 0.2209136039018631, 0.5555137395858765, 0.18215090036392212, 0.6316574215888977, 0.25549784302711487, 0.6633711159229279, 0.26203852891921997, 0.73796147108078, 0.32553955912590027, 0.7610984891653061, 0.39202240109443665, 0.7606809586286545, 0.44097664952278137, 0.7967303544282913, 0.5, 0.8220384865999222, 0.5611749291419983, 0.8075471669435501, 0.6319972276687622, 0.8186694234609604, 0.6575400233268738, 0.7357753217220306, 0.7398467063903809, 0.7398467063903809, 0.7839697599411011, 0.6897425353527069, 0.7705285549163818, 0.6120565831661224, 0.8108050227165222, 0.5618229508399963, 0.8959440588951111, 0.5, 0.9681022763252258, 0.4068886637687683, 0.9572350978851318, 0.31060701608657837, 0.8598072528839111, 0.2595844864845276, 0.8599388599395752, 0.1400611400604248, 0.7365304827690125, 0.14600712060928345, 0.6519714593887329, 0.13310837745666504, 0.5902296900749207, 0.04638481140136719, 0.5, -0.002758622169494629, 0.41521596908569336, 0.07376188039779663, 0.33864158391952515, 0.11044633388519287, 0.22839950025081635, 0.0935211181640625, 0.1527758091688156, 0.1527758240699768, 0.16012349724769592, 0.2729017734527588, 0.11786410957574844, 0.34171414375305176, 0.02554795704782009, 0.4056256413459778, -0.009704277850687504, 0.5, 0.09748460352420807, 0.5800652801990509, 0.050504881888628006, 0.6861869692802429, 0.09287045150995255, 0.7720352709293365, 0.22090300917625427, 0.7790969908237457, 0.22611576318740845, 0.9098967164754868, 0.3228173851966858, 0.9277566596865654, 0.4210331439971924, 0.8969931676983833, 0.5, 0.9090258926153183, 0.5834453701972961, 0.9195081144571304, 0.6900567412376404, 0.9588375091552734, 0.7284910678863525, 0.8419611006975174, 0.837742030620575, 0.8377420455217361, 0.9336438775062561, 0.7897515743970871, 0.9391534924507141, 0.6819033324718475, 0.9851117134094238, 0.5964947044849396]
            tri (int, 480):  [0, 2, 1, 0, 3, 2, 0, 4, 3, 0, 5, 4, 0, 6, 5, 0, 7, 6, 0, 8, 7, 0, 9, 8, 0, 10, 9, 0, 11, 10, 0, 12, 11, 0, 13, 12, 0, 14, 13, 0, 15, 14, 0, 16, 15, 0, 17, 16, 0, 18, 17, 0, 19, 18, 0, 20, 19, 0, 21, 20, 0, 22, 21, 0, 23, 22, 0, 24, 23, 0, 25, 24, 0, 26, 25, 0, 27, 26, 0, 28, 27, 0, 29, 28, 0, 30, 29, 0, 31, 30, 0, 32, 31, 0, 1, 32, 1, 34, 33, 1, 2, 34, 2, 35, 34, 2, 3, 35, 3, 36, 35, 3, 4, 36, 4, 37, 36, 4, 5, 37, 5, 38, 37, 5, 6, 38, 6, 39, 38, 6, 7, 39, 7, 40, 39, 7, 8, 40, 8, 41, 40, 8, 9, 41, 9, 42, 41, 9, 10, 42, 10, 43, 42, 10, 11, 43, 11, 44, 43, 11, 12, 44, 12, 45, 44, 12, 13, 45, 13, 46, 45, 13, 14, 46, 14, 47, 46, 14, 15, 47, 15, 48, 47, 15, 16, 48, 16, 49, 48, 16, 17, 49, 17, 50, 49, 17, 18, 50, 18, 51, 50, 18, 19, 51, 19, 52, 51, 19, 20, 52, 20, 53, 52, 20, 21, 53, 21, 54, 53, 21, 22, 54, 22, 55, 54, 22, 23, 55, 23, 56, 55, 23, 24, 56, 24, 57, 56, 24, 25, 57, 25, 58, 57, 25, 26, 58, 26, 59, 58, 26, 27, 59, 27, 60, 59, 27, 28, 60, 28, 61, 60, 28, 29, 61, 29, 62, 61, 29, 30, 62, 30, 63, 62, 30, 31, 63, 31, 64, 63, 31, 32, 64, 32, 33, 64, 33, 32, 1, 33, 66, 65, 33, 34, 66, 34, 67, 66, 34, 35, 67, 35, 68, 67, 35, 36, 68, 36, 69, 68, 36, 37, 69, 37, 70, 69, 37, 38, 70, 38, 71, 70, 38, 39, 71, 39, 72, 71, 39, 40, 72, 40, 73, 72, 40, 41, 73, 41, 74, 73, 41, 42, 74, 42, 75, 74, 42, 43, 75, 43, 76, 75, 43, 44, 76, 44, 77, 76, 44, 45, 77, 45, 78, 77, 45, 46, 78, 46, 79, 78, 46, 47, 79, 47, 80, 79, 47, 48, 80, 48, 81, 80, 48, 49, 81, 49, 82, 81, 49, 50, 82, 50, 83, 82, 50, 51, 83, 51, 84, 83, 51, 52, 84, 52, 85, 84, 52, 53, 85, 53, 86, 85, 53, 54, 86, 54, 87, 86, 54, 55, 87, 55, 88, 87, 55, 56, 88, 56, 89, 88, 56, 57, 89, 57, 90, 89, 57, 58, 90, 58, 91, 90, 58, 59, 91, 59, 92, 91, 59, 60, 92, 60, 93, 92, 60, 61, 93, 61, 94, 93, 61, 62, 94, 62, 95, 94, 62, 63, 95, 63, 96, 95, 63, 64, 96, 64, 65, 96, 65, 64, 33]
            boundingsphere (float, 4):  [-0.25379514694213867, 0.2579233944416046, 0.4532651901245117, 11.230421922295838]
            aabb:
                min (float, 3):  [-10.520296096801758, 0.08384677767753601, -9.470406532287598]
                max (float, 3):  [10.01270580291748, 0.4320000112056732, 10.376936912536621]
            material:
                shader (str, 1):  ['PdxMeshAdvanced']
                diff (str, 1):  ['air_winter_desert_arid_plateau_phase_5_diff.dds']
                spec (str, 1):  ['air_winter_desert_arid_plateau_spec.dds']
                n (str, 1):  ['air_winter_desert_arid_plateau_n.dds']
locator:
