pdxasset (int, 2):  [1, 0]
object:
    air_winter_desert_arid_plateau_thaw_flood:
        mesh:
            p (float, 291):  [0.0, 0.19200000166893005, 0.0, 2.4000625610351562, 0.15548981726169586, 0.0, 2.4966466426849365, 0.13274772465229034, 0.49661386013031006, 2.4517464637756348, 0.11015807837247849, 1.0155465602874756, 2.009270191192627, 0.09533495455980301, 1.3425514698028564, 1.848022699356079, 0.09327465295791626, 1.848022699356079, 1.34393310546875, 0.10467161983251572, 2.011337995529175, 0.9539372324943542, 0.12568438053131104, 2.3030080795288086, 0.512223482131958, 0.14923037588596344, 2.5751214027404785, 1.5066607813708728e-16, 0.1673731505870819, 2.460563898086548, -0.5006381273269653, 0.17399749159812927, 2.5168778896331787, -0.9179847240447998, 0.1668706089258194, 2.2162113189697266, -1.4532356262207031, 0.14839467406272888, 2.1749207973480225, -1.7727564573287964, 0.12479721754789352, 1.7727564573287964, -1.9777638912200928, 0.1040320098400116, 1.3214995861053467, -2.2337799072265625, 0.09309818595647812, 0.925261914730072, -2.4571714401245117, 0.09568110853433609, 0.4887617826461792, -2.5950517654418945, 0.11091017723083496, 3.17802209007722e-16, -2.483520746231079, 0.13365226984024048, -0.4940029978752136, -2.4457461833953857, 0.15624192357063293, -1.0130611658096313, -1.9978538751602173, 0.1710650473833084, -1.334923267364502, -1.7619391679763794, 0.17312534153461456, -1.7619391679763794, -1.3336498737335205, 0.1617283821105957, -1.9959479570388794, -0.998535692691803, 0.1407156139612198, -2.4106783866882324, -0.5037118792533875, 0.11716962605714798, -2.5323307514190674, -4.871565471136483e-16, 0.09902685135602951, -2.651956558227539, 0.46416977047920227, 0.09240251034498215, -2.3335390090942383, 1.0036240816116333, 0.09952939301729202, -2.4229629039764404, 1.3431925773620605, 0.11800532042980194, -2.0102295875549316, 1.7252037525177002, 0.1416027843952179, -1.7252037525177002, 1.9982863664627075, 0.16236798465251923, -1.335212230682373, 2.2842037677764893, 0.1733018159866333, -0.946148157119751, 2.5459115505218506, 0.17071889340877533, -0.5064133405685425, 4.864736557006836, 0.11468981951475143, 0.0, 5.002804756164551, 0.09194772690534592, 0.9951197504997253, 4.874500751495361, 0.06935807317495346, 2.0190842151641846, 4.495115280151367, 0.05453495308756828, 3.0035400390625, 3.6036949157714844, 0.052474651485681534, 3.6036949157714844, 2.8194735050201416, 0.06387162208557129, 4.219640254974365, 1.8825955390930176, 0.0848843902349472, 4.544987678527832, 1.0360732078552246, 0.10843037068843842, 5.2086920738220215, 3.0615394426597887e-16, 0.12657314538955688, 4.999873161315918, -1.0831310749053955, 0.13319748640060425, 5.445267677307129, -2.1058027744293213, 0.12607060372829437, 5.083857536315918, -2.665255546569824, 0.10759467631578445, 3.9888365268707275, -3.937760591506958, 0.0839972198009491, 3.937760591506958, -4.573421955108643, 0.06323201209306717, 3.0558626651763916, -4.708842754364014, 0.05229818448424339, 1.950466513633728, -5.3712944984436035, 0.054881107062101364, 1.0684168338775635, -4.824180603027344, 0.07011017948389053, 5.907917164244816e-16, -4.949846267700195, 0.09285227209329605, -0.9845855832099915, -4.761342525482178, 0.11544192582368851, -1.972212553024292, -3.943624496459961, 0.1302650421857834, -2.6350457668304443, -3.7957942485809326, 0.13232535123825073, -3.7957942485809326, -2.9560916423797607, 0.12092837691307068, -4.424103736877441, -1.8650916814804077, 0.09991561621427536, -4.502729892730713, -0.9310016632080078, 0.07636962831020355, -4.680461406707764, -9.860194071957063e-16, 0.05822685360908508, -5.367639541625977, 0.9391486644744873, 0.05160250514745712, -4.721419334411621, 1.816401481628418, 0.058729395270347595, -4.385181427001953, 2.824474811553955, 0.07720532268285751, -4.22712516784668, 3.2025034427642822, 0.10080277919769287, -3.2025034427642822, 3.8468406200408936, 0.1215679869055748, -2.5703766345977783, 4.454417705535889, 0.13250181078910828, -1.8450802564620972, 5.023797512054443, 0.1299188882112503, -0.9992954730987549, 8.315058708190918, 0.05946699529886246, 0.0, 6.227251052856445, 0.05144037306308746, 1.2386772632598877, 7.735782623291016, 0.043467555195093155, 3.20426607131958, 6.007019996643066, 0.0382358655333519, 4.013762474060059, 4.693737983703613, 0.03750870004296303, 4.693737983703613, 4.2447509765625, 0.04153116047382355, 6.352718830108643, 3.0385334491729736, 0.04894743114709854, 7.335669040679932, 1.533520221710205, 0.05725777894258499, 7.709526538848877, 3.854257725660387e-16, 0.0636611133813858, 6.294480800628662, -1.6143498420715332, 0.0659991130232811, 8.115884780883789, -2.4824705123901367, 0.06348374485969543, 5.993214130401611, -3.754939556121826, 0.05696282908320427, 5.619664192199707, -4.907216548919678, 0.04863431304693222, 4.907216548919678, -7.067251682281494, 0.04130541533231735, 4.72218656539917, -7.570976734161377, 0.03744641691446304, 3.1360013484954834, -7.3156867027282715, 0.038358040153980255, 1.4551805257797241, -6.329326629638672, 0.04373300448060036, 7.75119002999463e-16, -6.575644016265869, 0.05175962671637535, -1.3079769611358643, -6.278946399688721, 0.05973244458436966, -2.6008245944976807, -5.910843372344971, 0.06496413052082062, -3.9494993686676025, -5.841335773468018, 0.06569129973649979, -5.841335773468018, -3.517235517501831, 0.06166883930563927, -5.263915061950684, -3.0643110275268555, 0.05425256863236427, -7.39790153503418, -1.5957354307174683, 0.04594222083687782, -8.022303581237793, -1.188151326321973e-15, 0.03953889012336731, -6.467994213104248, 1.2082918882369995, 0.03720088303089142, -6.074493408203125, 3.2170417308807373, 0.03971625491976738, -7.766625881195068, 4.714785575866699, 0.046237170696258545, -7.056175231933594, 5.90434455871582, 0.054565686732530594, -5.90434455871582, 6.607624053955078, 0.06189458444714546, -4.415073394775391, 6.556053638458252, 0.06575357913970947, -2.715606451034546, 6.266881942749023, 0.06484196335077286, -1.2465603351593018]
            n (float, 291):  [-2.978380689455662e-05, 1.0, 0.00011935553629882634, 0.015601495280861855, 0.999323308467865, 0.03330833092331886, 0.01276520173996687, 0.9992752075195312, 0.03586350381374359, 0.007804871071130037, 0.9993294477462769, 0.035771895200014114, 0.016387246549129486, 0.9994234442710876, 0.029736045747995377, 0.021336115896701813, 0.9996971487998962, 0.012259067967534065, 0.035625919699668884, 0.9993228316307068, 0.009200685657560825, 0.045945364981889725, 0.9989364743232727, 0.0038721745368093252, 0.0358012355864048, 0.9993213415145874, 0.008672797121107578, 0.020864900201559067, 0.9997069835662842, 0.012273258529603481, -0.001165982917882502, 0.9999433159828186, 0.010586448013782501, -0.025684041902422905, 0.9996677041053772, 0.0021644183434545994, -0.03632689639925957, 0.99932861328125, -0.004766509868204594, -0.0407831035554409, 0.999082624912262, -0.013059849850833416, -0.03836848586797714, 0.9992079734802246, -0.010548625141382217, -0.02739754319190979, 0.9996026754379272, 0.006621571257710457, -0.02206088975071907, 0.9995023012161255, 0.022548336535692215, -0.023150550201535225, 0.9992793798446655, 0.030080903321504593, -0.027289435267448425, 0.9990272521972656, 0.03463678061962128, -0.024344880133867264, 0.9995070099830627, 0.019826065748929977, -0.01768730953335762, 0.9998311400413513, 0.004987222608178854, -0.003815717063844204, 0.9999216794967651, -0.01192246749997139, 0.01548259798437357, 0.999529242515564, -0.026487192139029503, 0.026641221717000008, 0.9991723299026489, -0.03073955327272415, 0.02707480825483799, 0.9991986155509949, -0.029478946700692177, 0.022771436721086502, 0.9994769096374512, -0.02296498231589794, 0.007914536632597446, 0.999455988407135, -0.03201588615775108, -0.011581090278923512, 0.9994618892669678, -0.030689066275954247, -0.012868406251072884, 0.999193549156189, -0.03803393617272377, -0.012463186867535114, 0.9991333484649658, -0.039713386446237564, -0.003737030318006873, 0.999458909034729, -0.03267735615372658, 0.00733139319345355, 0.999875545501709, -0.013968707993626595, 0.01525577250868082, 0.9998101592063904, 0.012122023850679398, 0.018820621073246002, 0.9996505975723267, 0.018557049334049225, 0.013932203873991966, 0.9996291399002075, 0.023395834490656853, 0.007402508053928614, 0.9998292326927185, 0.01692969538271427, 0.004487895406782627, 0.9998824596405029, 0.014660376124083996, 0.011915541253983974, 0.9999061822891235, 0.006753551308065653, 0.019673623144626617, 0.9998034238815308, 0.0024562503676861525, 0.027579473331570625, 0.9996081590652466, 0.0047735716216266155, 0.013586336746811867, 0.9997679591178894, 0.016716893762350082, 0.014315618202090263, 0.9996363520622253, 0.02285335399210453, 2.1167827071622014e-05, 0.9996930956840515, 0.02477361261844635, -0.03055494837462902, 0.9993672966957092, 0.01820054091513157, -0.029603078961372375, 0.9995440244674683, 0.005946565419435501, -0.020386723801493645, 0.9997809529304504, 0.004743759520351887, -0.01650700718164444, 0.9998535513877869, -0.004531145095825195, -0.012553132139146328, 0.9999211430549622, 0.0005136150284670293, -0.010365310125052929, 0.9999319911003113, 0.005338062532246113, -0.017663583159446716, 0.9996893405914307, 0.01758429780602455, -0.025542493909597397, 0.9994832873344421, 0.019512904807925224, -0.02822480909526348, 0.9995866417884827, 0.00547859026119113, -0.024044686928391457, 0.9997097849845886, -0.001495946547947824, -0.012072856537997723, 0.9997562170028687, -0.018484516069293022, 0.0008656863356009126, 0.9995653629302979, -0.02946855127811432, 0.01154345739632845, 0.9996649622917175, -0.02316674217581749, 0.016300387680530548, 0.9996915459632874, -0.01873514987528324, 0.013721742667257786, 0.9998107552528381, -0.013790614902973175, 0.004274209029972553, 0.999891459941864, -0.014103841036558151, -0.009372456930577755, 0.9997932314872742, -0.018047630786895752, -0.0064223213121294975, 0.9998135566711426, -0.018212271854281425, -0.003189047100022435, 0.9996707439422607, -0.025459375232458115, 0.006981960032135248, 0.9997379779815674, -0.02179792709648609, 0.020167730748653412, 0.9997395873069763, -0.010679342783987522, 0.02625960484147072, 0.9996545910835266, -0.0011014366755262017, 0.021979283541440964, 0.9997180700302124, 0.008984779939055443, 0.01699872314929962, 0.9997157454490662, 0.016715168952941895, 0.007400054018944502, 0.9999232292175293, 0.009940367192029953, 0.003125876421108842, 0.9999154806137085, 0.012620520778000355, 0.009341602213680744, 0.999944269657135, 0.004919625818729401, 0.014963715337216854, 0.9998844265937805, 0.0026971702463924885, 0.01697569526731968, 0.9998285174369812, 0.007406390272080898, 0.009933476336300373, 0.9998098611831665, 0.016782144084572792, 0.012719053775072098, 0.999324381351471, 0.034482017159461975, -0.004225889686495066, 0.9994931817054749, 0.03155249357223511, -0.03710326552391052, 0.9989804029464722, 0.025723814964294434, -0.02542083151638508, 0.9994523525238037, 0.021182313561439514, -0.014684108085930347, 0.999839186668396, 0.01029579620808363, -0.0099037392064929, 0.9999508857727051, -0.00030114513356238604, -0.0075784544460475445, 0.9999704957008362, -0.0012439016718417406, -0.00768172787502408, 0.9999688863754272, 0.0018111566314473748, -0.017268547788262367, 0.9998183846473694, 0.008061785250902176, -0.028630249202251434, 0.9995282292366028, 0.011119460687041283, -0.03140118345618248, 0.9995058178901672, -0.0014105760492384434, -0.03120480291545391, 0.999505877494812, -0.0037732000928372145, -0.01749749295413494, 0.9996544718742371, -0.01961471699178219, -0.0043566483072936535, 0.9993854761123657, -0.034779150038957596, 0.002452229615300894, 0.9998576045036316, -0.016693435609340668, 0.010153421200811863, 0.9998471736907959, -0.014231995679438114, 0.012815330177545547, 0.9998346567153931, -0.01290076319128275, -0.0006055299309082329, 0.9999405741691589, -0.010887270793318748, -0.0065269372425973415, 0.9999189376831055, -0.010930832475423813, -0.0032983198761940002, 0.9999128580093384, -0.012782210484147072, 0.0021570364478975534, 0.9998793005943298, -0.015386964194476604, 0.010657296516001225, 0.9998370409011841, -0.014569969847798347, 0.02607642486691475, 0.9996263980865479, -0.008193154819309711, 0.031000478193163872, 0.9994879364967346, -0.007930833846330643]
            ta (float, 388):  [1.0, 2.9783599529764615e-05, -6.382694550666201e-08, 1.0, 0.9998782277107239, -0.01561034843325615, 5.661263912770664e-06, 1.0, 0.9999184012413025, -0.012774281203746796, 2.4083516109385528e-05, 1.0, 0.9999696016311646, -0.007806639187037945, -9.024816245073453e-05, 1.0, 0.999865710735321, -0.016393255442380905, -4.1817660530796275e-05, 1.0, 0.9997723698616028, -0.02133808843791485, 3.0198603781173006e-05, 1.0, 0.9993651509284973, -0.03562774509191513, 3.410040881135501e-05, 1.0, 0.9989438652992249, -0.045945826917886734, 3.17330050165765e-05, 1.0, 0.9993588328361511, -0.0358029305934906, 4.134123446419835e-05, 1.0, 0.9997822642326355, -0.020866889506578445, 3.399606794118881e-05, 1.0, 0.9999992847442627, 0.0011661816388368607, -1.259989949176088e-05, 1.0, 0.9996700882911682, 0.025684112682938576, -3.7128688745724503e-06, 1.0, 0.9993399381637573, 0.03632748872041702, 3.8971458707237616e-05, 1.0, 0.9991678595542908, 0.04078752547502518, 7.25992867955938e-05, 1.0, 0.9992635846138, 0.038370825350284576, 1.9666997104650363e-05, 1.0, 0.9996245503425598, 0.027398154139518738, -1.5324060314014787e-06, 1.0, 0.9997565150260925, 0.022066818550229073, -1.401459849148523e-05, 1.0, 0.999731719493866, 0.02316155470907688, -1.7536138329887763e-05, 1.0, 0.9996271133422852, 0.027305353432893753, 1.3523126654035877e-05, 1.0, 0.9997035264968872, 0.024350199848413467, -2.671229958650656e-05, 1.0, 0.9998434782028198, 0.01768754981458187, -4.258442004356766e-06, 1.0, 0.9999927878379822, 0.0038156795781105757, -2.59428852587007e-05, 1.0, 0.9998800158500671, -0.015490064397454262, -7.670253398828208e-05, 1.0, 0.9996445775032043, -0.02665790542960167, -0.00013296383258420974, 1.0, 0.9996328949928284, -0.027092808857560158, -0.0002113159280270338, 1.0, 0.9997405409812927, -0.022779401391744614, -8.529683691449463e-05, 1.0, 0.9999686479568481, -0.007917300797998905, 4.042422369820997e-05, 1.0, 0.9999328255653381, 0.011589935049414635, 0.00011033093323931098, 1.0, 0.9999170899391174, 0.012881606817245483, 0.00010197744268225506, 1.0, 0.999921977519989, 0.01248325314372778, 0.00025732125504873693, 1.0, 0.9999930262565613, 0.0037419379223138094, 8.901678666006774e-05, 1.0, 0.9999731183052063, -0.00733199343085289, 8.230431376432534e-06, 1.0, 0.9998835921287537, -0.0152568519115448, -3.282478701294167e-06, 1.0, 0.9998227953910828, -0.018824977800250053, 6.013566962792538e-05, 1.0, 0.9999029040336609, -0.013939260505139828, 0.0001384893257636577, 1.0, 0.9999725818634033, -0.007404302712529898, 4.3343334255041555e-05, 1.0, 0.9999899864196777, -0.004488341044634581, -2.5614481273805723e-06, 1.0, 0.9999290704727173, -0.01191578060388565, -4.985242412658408e-06, 1.0, 0.9998063445091248, -0.019673680886626244, -1.1519209692778531e-06, 1.0, 0.9996196627616882, -0.027579795569181442, 1.1218663757972536e-06, 1.0, 0.9999076724052429, -0.01358862966299057, 2.353667514398694e-05, 1.0, 0.9998974800109863, -0.014319957233965397, 2.6235025870846584e-05, 1.0, 1.0, -2.1548410586547107e-05, 1.5119402632990386e-05, 1.0, 0.9995330572128296, 0.030558783560991287, 6.761095573892817e-05, 1.0, 0.9995617270469666, 0.029603568837046623, 5.500000497704605e-06, 1.0, 0.9997920989990234, 0.02038704603910446, -1.997865183511749e-05, 1.0, 0.9998637437820435, 0.01650720089673996, 5.691227670467924e-06, 1.0, 0.9999212026596069, 0.012553133070468903, 9.070063811122964e-08, 1.0, 0.9999462962150574, 0.010365474037826061, -2.98389181807579e-06, 1.0, 0.9998438358306885, 0.017666127532720566, 1.0546944395173341e-05, 1.0, 0.99967360496521, 0.02554689161479473, 2.3842492737458088e-05, 1.0, 0.9996016025543213, 0.028225192800164223, 6.878380645503057e-06, 1.0, 0.9997107982635498, 0.024044709280133247, -1.7887788317239028e-06, 1.0, 0.9999271035194397, 0.012076024897396564, 5.982277434668504e-05, 1.0, 0.9999996423721313, -0.0008659937302581966, 2.3588411295349943e-06, 1.0, 0.9999332427978516, -0.011548046953976154, -6.435500836232677e-05, 1.0, 0.9998671412467957, -0.01630285382270813, 2.10834332392551e-05, 1.0, 0.9999058842658997, -0.013722318224608898, 5.280867844703607e-05, 1.0, 0.9999908804893494, -0.004275049082934856, -2.945376400020905e-05, 1.0, 0.9999560117721558, 0.009373960085213184, -1.2381094620650401e-06, 1.0, 0.9999793171882629, 0.0064239585772156715, 3.143256253679283e-05, 1.0, 0.9999949336051941, 0.0031898317392915487, -9.796349331736565e-06, 1.0, 0.9999756217002869, -0.006983510218560696, 5.017490821046522e-06, 1.0, 0.9997965693473816, -0.020168941468000412, -5.614258498098934e-06, 1.0, 0.9996552467346191, -0.026259636506438255, -1.3680694792128634e-05, 1.0, 0.9997584819793701, -0.021979685872793198, -5.371115548769012e-05, 1.0, 0.9998555183410645, -0.01700122281908989, 7.361445113929221e-06, 1.0, 0.9999726414680481, -0.007400305941700935, -1.1427709068811964e-05, 1.0, 0.9999951124191284, -0.0031261546537280083, 2.3032714580040192e-06, 1.0, 0.9999563097953796, -0.009341714903712273, 2.1667139549208514e-07, 1.0, 0.999888002872467, -0.014963763765990734, -2.6124482701561647e-06, 1.0, 0.9998558759689331, -0.016975978389382362, -2.4632583517814055e-05, 1.0, 0.9999507069587708, -0.009932607412338257, -0.00013518380001187325, 1.0, 0.9999191164970398, -0.012726465240120888, -4.60626142739784e-06, 1.0, 0.9999911189079285, 0.0042282394133508205, -7.710097634117119e-06, 1.0, 0.9993112087249756, 0.037111829966306686, 0.0001446919923182577, 1.0, 0.9996766448020935, 0.025426190346479416, 1.6393525584135205e-05, 1.0, 0.9998921751976013, 0.014684868976473808, 1.6375569202864426e-06, 1.0, 0.9999509453773499, 0.009903740137815475, -7.619246389367618e-07, 1.0, 0.999971330165863, 0.007578460033982992, -2.743273057603801e-07, 1.0, 0.9999704957008362, 0.007681736256927252, 1.8753902395474142e-06, 1.0, 0.999850869178772, 0.01726912520825863, -2.1239354737190297e-06, 1.0, 0.9995900988578796, 0.028632286936044693, -2.396370291535277e-05, 1.0, 0.9995068907737732, 0.031401220709085464, 4.970404461346334e-06, 1.0, 0.9995129704475403, 0.031205030158162117, 1.6587301843173918e-06, 1.0, 0.999846875667572, 0.017499499022960663, -6.941855826880783e-05, 1.0, 0.9999904632568359, 0.00436083460226655, 4.4501040974864736e-05, 1.0, 0.9999969601631165, -0.002451370470225811, 7.189665484474972e-05, 1.0, 0.9999484419822693, -0.010153613984584808, 5.87137219554279e-05, 1.0, 0.9999178647994995, -0.012816227041184902, 1.3133631000528112e-05, 1.0, 0.9999998807907104, 0.0006055717240087688, 5.457807787934144e-07, 1.0, 0.9999786615371704, 0.006527038756757975, -2.631214192660991e-05, 1.0, 0.9999945163726807, 0.0032978204544633627, -6.011249570292421e-05, 1.0, 0.9999977350234985, -0.0021577777806669474, -3.1586441764375195e-05, 1.0, 0.999943196773529, -0.010658684186637402, -1.7574822777532972e-05, 1.0, 0.9996599555015564, -0.026077233254909515, 8.21527009975398e-06, 1.0, 0.9995192885398865, -0.031001443043351173, 1.1045950714105857e-06, 1.0]
            u0 (float, 194):  [0.5, 0.5, 0.6508524417877197, 0.5, 0.6569231152534485, 0.4687860608100891, 0.6541009545326233, 0.43616926670074463, 0.6262897849082947, 0.41561585664749146, 0.6161547899246216, 0.3838452100753784, 0.5844709873199463, 0.37358027696609497, 0.5599583387374878, 0.35524773597717285, 0.5321950912475586, 0.3381444811820984, 0.5, 0.3453448414802551, 0.46853312849998474, 0.34180527925491333, 0.4423013925552368, 0.3607032299041748, 0.4086589813232422, 0.36329853534698486, 0.3885759711265564, 0.3885759711265564, 0.3756905198097229, 0.4169390797615051, 0.3595989942550659, 0.44184398651123047, 0.3455580472946167, 0.46927958726882935, 0.336891770362854, 0.5, 0.3439019024372101, 0.5310498476028442, 0.3462761640548706, 0.5636745095252991, 0.37442779541015625, 0.5839046835899353, 0.3892558515071869, 0.6107441484928131, 0.41617536544799805, 0.6254524290561676, 0.437238484621048, 0.6515196859836578, 0.4683399200439453, 0.6591659784317017, 0.5, 0.6666848957538605, 0.5291747450828552, 0.6466712057590485, 0.5630813241004944, 0.6522918045520782, 0.5844244360923767, 0.626350075006485, 0.6084352135658264, 0.608435183763504, 0.6255993843078613, 0.5839228332042694, 0.6435703039169312, 0.5594687759876251, 0.66001957654953, 0.5318298637866974, 0.8057659268379211, 0.5, 0.8144440650939941, 0.4374532103538513, 0.8063796758651733, 0.3730933666229248, 0.7825339436531067, 0.3112168312072754, 0.7265050411224365, 0.2734949588775635, 0.6772139072418213, 0.23478060960769653, 0.618327796459198, 0.21433138847351074, 0.5651208758354187, 0.17261523008346558, 0.5, 0.18574023246765137, 0.4319213628768921, 0.1577455997467041, 0.3676428198814392, 0.18046146631240845, 0.33247923851013184, 0.2492874264717102, 0.25249776244163513, 0.2524977922439575, 0.21254420280456543, 0.307928204536438, 0.2040325254201889, 0.3774062395095825, 0.16239507496356964, 0.43284618854522705, 0.1967831254005432, 0.5, 0.18888458609580994, 0.5618847012519836, 0.20073272287845612, 0.623960554599762, 0.2521291971206665, 0.6656219661235809, 0.2614208459854126, 0.7385791540145874, 0.31419914960861206, 0.7780706286430359, 0.3827723562717438, 0.7830125540494919, 0.4414832293987274, 0.7941836267709732, 0.5, 0.837375208735466, 0.5590288043022156, 0.7967579662799835, 0.6141672730445862, 0.7756242156028748, 0.6775282621383667, 0.7656898498535156, 0.7012887001037598, 0.7012887299060822, 0.7417876124382019, 0.6615573167800903, 0.779975950717926, 0.6159698367118835, 0.815763533115387, 0.5628092586994171, 1.022631049156189, 0.5, 0.8914048671722412, 0.42214471101760864, 0.9862213730812073, 0.2986004948616028, 0.8775625228881836, 0.24772077798843384, 0.7950180768966675, 0.20498192310333252, 0.766797661781311, 0.10070902109146118, 0.6909826397895813, 0.03892713785171509, 0.5963872075080872, 0.015428900718688965, 0.5, 0.10436952114105225, 0.3985323905944824, -0.010112166404724121, 0.34396791458129883, 0.12330520153045654, 0.2639887034893036, 0.14678412675857544, 0.19156400859355927, 0.19156402349472046, 0.05579812079668045, 0.2031937837600708, 0.0241372250020504, 0.30289119482040405, 0.040183112025260925, 0.40853673219680786, 0.10217933356761932, 0.5, 0.08669740706682205, 0.5822109878063202, 0.10534593462944031, 0.6634710729122162, 0.12848249077796936, 0.748240053653717, 0.13285131752490997, 0.86714868247509, 0.2789292633533478, 0.8308557569980621, 0.30739715695381165, 0.9649843797087669, 0.39970237016677856, 1.0042302692309022, 0.5, 0.9065364226698875, 0.5759454369544983, 0.881803497672081, 0.7022024989128113, 0.9881600188091397, 0.7963410019874573, 0.9435056783258915, 0.8711090087890625, 0.8711090236902237, 0.915312647819519, 0.777503028512001, 0.9120712876319885, 0.6706854999065399, 0.8938958048820496, 0.5783507525920868]
            tri (int, 480):  [0, 2, 1, 0, 3, 2, 0, 4, 3, 0, 5, 4, 0, 6, 5, 0, 7, 6, 0, 8, 7, 0, 9, 8, 0, 10, 9, 0, 11, 10, 0, 12, 11, 0, 13, 12, 0, 14, 13, 0, 15, 14, 0, 16, 15, 0, 17, 16, 0, 18, 17, 0, 19, 18, 0, 20, 19, 0, 21, 20, 0, 22, 21, 0, 23, 22, 0, 24, 23, 0, 25, 24, 0, 26, 25, 0, 27, 26, 0, 28, 27, 0, 29, 28, 0, 30, 29, 0, 31, 30, 0, 32, 31, 0, 1, 32, 1, 34, 33, 1, 2, 34, 2, 35, 34, 2, 3, 35, 3, 36, 35, 3, 4, 36, 4, 37, 36, 4, 5, 37, 5, 38, 37, 5, 6, 38, 6, 39, 38, 6, 7, 39, 7, 40, 39, 7, 8, 40, 8, 41, 40, 8, 9, 41, 9, 42, 41, 9, 10, 42, 10, 43, 42, 10, 11, 43, 11, 44, 43, 11, 12, 44, 12, 45, 44, 12, 13, 45, 13, 46, 45, 13, 14, 46, 14, 47, 46, 14, 15, 47, 15, 48, 47, 15, 16, 48, 16, 49, 48, 16, 17, 49, 17, 50, 49, 17, 18, 50, 18, 51, 50, 18, 19, 51, 19, 52, 51, 19, 20, 52, 20, 53, 52, 20, 21, 53, 21, 54, 53, 21, 22, 54, 22, 55, 54, 22, 23, 55, 23, 56, 55, 23, 24, 56, 24, 57, 56, 24, 25, 57, 25, 58, 57, 25, 26, 58, 26, 59, 58, 26, 27, 59, 27, 60, 59, 27, 28, 60, 28, 61, 60, 28, 29, 61, 29, 62, 61, 29, 30, 62, 30, 63, 62, 30, 31, 63, 31, 64, 63, 31, 32, 64, 32, 33, 64, 33, 32, 1, 33, 66, 65, 33, 34, 66, 34, 67, 66, 34, 35, 67, 35, 68, 67, 35, 36, 68, 36, 69, 68, 36, 37, 69, 37, 70, 69, 37, 38, 70, 38, 71, 70, 38, 39, 71, 39, 72, 71, 39, 40, 72, 40, 73, 72, 40, 41, 73, 41, 74, 73, 41, 42, 74, 42, 75, 74, 42, 43, 75, 43, 76, 75, 43, 44, 76, 44, 77, 76, 44, 45, 77, 45, 78, 77, 45, 46, 78, 46, 79, 78, 46, 47, 79, 47, 80, 79, 47, 48, 80, 48, 81, 80, 48, 49, 81, 49, 82, 81, 49, 50, 82, 50, 83, 82, 50, 51, 83, 51, 84, 83, 51, 52, 84, 52, 85, 84, 52, 53, 85, 53, 86, 85, 53, 54, 86, 54, 87, 86, 54, 55, 87, 55, 88, 87, 55, 56, 88, 56, 89, 88, 56, 57, 89, 57, 90, 89, 57, 58, 90, 58, 91, 90, 58, 59, 91, 59, 92, 91, 59, 60, 92, 60, 93, 92, 60, 61, 93, 61, 94, 93, 61, 62, 94, 62, 95, 94, 62, 63, 95, 63, 96, 95, 63, 64, 96, 64, 65, 96, 65, 64, 33]
            boundingsphere (float, 4):  [0.3720409870147705, 0.11460044234991074, 0.04679059982299805, 8.786795666829354]
            aabb:
                min (float, 3):  [-7.570976734161377, 0.03720088303089142, -8.022303581237793]
                max (float, 3):  [8.315058708190918, 0.19200000166893005, 8.115884780883789]
            material:
                shader (str, 1):  ['PdxMeshAlphaBlend']
                diff (str, 1):  ['air_winter_desert_arid_plateau_thaw_flood_diff.dds']
                spec (str, 1):  ['air_winter_desert_arid_plateau_thaw_flood_spec.dds']
                n (str, 1):  ['air_winter_desert_arid_plateau_thaw_flood_n.dds']
locator:
