pdxasset (int, 2):  [1, 0]
object:
    air_winter_mediterranean_phase_6:
        mesh:
            p (float, 291):  [0.0, 0.4607999920845032, 0.0, 3.249138116836548, 0.3680635690689087, 0.0, 3.334346055984497, 0.4072059392929077, 0.6632426381111145, 2.8602516651153564, 0.41684675216674805, 1.1847550868988037, 2.6489644050598145, 0.39373645186424255, 1.7699813842773438, 2.4252359867095947, 0.3456646203994751, 2.4252359867095947, 1.8461582660675049, 0.28883442282676697, 2.7629709243774414, 1.1980175971984863, 0.24240101873874664, 2.89227032661438, 0.6261551976203918, 0.2220153510570526, 3.147894859313965, 2.082110878236007e-16, 0.23454859852790833, 3.4003450870513916, -0.6326254606246948, 0.27577629685401917, 3.1804230213165283, -1.184313416481018, 0.33180221915245056, 2.8591854572296143, -1.8924083709716797, 0.38374221324920654, 2.8321893215179443, -2.21402907371521, 0.4140893518924713, 2.21402907371521, -2.756089210510254, 0.4126147925853729, 1.841559886932373, -3.055208683013916, 0.37981557846069336, 1.2655088901519775, -3.187432050704956, 0.32674700021743774, 0.634019672870636, -3.429871082305908, 0.2712964117527008, 4.200380798896912e-16, -3.087383985519409, 0.23215405642986298, -0.6141188740730286, -3.0502877235412598, 0.22251324355602264, -1.2634705305099487, -2.5985655784606934, 0.24562354385852814, -1.736306071281433, -2.4262022972106934, 0.2936953604221344, -2.4262022972106934, -1.742530107498169, 0.3505255877971649, -2.6078805923461914, -1.250872015953064, 0.39695897698402405, -3.0198721885681152, -0.6600729823112488, 0.4173446595668793, -3.318410873413086, -6.248641461233779e-16, 0.40481141209602356, -3.401602029800415, 0.6085862517356873, 0.36358368396759033, -3.0595695972442627, 1.300917387008667, 0.3075577914714813, -3.1406922340393066, 1.8817304372787476, 0.25561779737472534, -2.816208600997925, 2.2612226009368896, 0.22527064383029938, -2.2612226009368896, 2.7904834747314453, 0.22674520313739777, -1.8645414113998413, 2.9250102043151855, 0.2595444321632385, -1.2115788459777832, 3.0793795585632324, 0.31261301040649414, -0.6125267148017883, 6.043444633483887, 0.2701435685157776, 0.0, 6.133172035217285, 0.3092859387397766, 1.219963788986206, 6.463963985443115, 0.31892675161361694, 2.677461624145508, 5.3822431564331055, 0.29581645131111145, 3.5963001251220703, 5.112621307373047, 0.2477446347475052, 5.112621307373047, 3.9410042762756348, 0.19091440737247467, 5.898129940032959, 2.3390283584594727, 0.14448101818561554, 5.646914005279541, 1.254894495010376, 0.12409535050392151, 6.308780670166016, 3.6141815892333246e-16, 0.13662859797477722, 5.902406215667725, -1.2970064878463745, 0.17785629630088806, 6.520492076873779, -2.558215379714966, 0.23388221859931946, 6.1760783195495605, -3.6948397159576416, 0.28582221269607544, 5.529718399047852, -4.198212146759033, 0.3161693513393402, 4.198212146759033, -5.560816287994385, 0.3146947920322418, 3.71561861038208, -5.516623497009277, 0.28189557790756226, 2.285060167312622, -6.882914066314697, 0.22882699966430664, 1.3690967559814453, -6.472488880157471, 0.1733764261007309, 7.926513144582061e-16, -5.838138580322266, 0.13423405587673187, -1.1612780094146729, -6.666049003601074, 0.12459324300289154, -2.7611680030822754, -5.9580559730529785, 0.14770354330539703, -3.981045722961426, -4.445158004760742, 0.1957753598690033, -4.445158004760742, -3.969531536102295, 0.2526055872440338, -5.940823554992676, -2.38000750541687, 0.29903897643089294, -5.745846271514893, -1.2828874588012695, 0.31942465901374817, -6.44951057434082, -1.2183997199013714e-15, 0.30689141154289246, -6.632658958435059, 1.3549383878707886, 0.26566368341445923, -6.8117356300354, 2.26173734664917, 0.20963777601718903, -5.460317134857178, 3.2574477195739746, 0.15769778192043304, -4.875114917755127, 4.259215354919434, 0.12735065817832947, -4.259215354919434, 5.290359973907471, 0.12882520258426666, -3.534905433654785, 6.424312114715576, 0.16162443161010742, -2.6610372066497803, 6.717075347900391, 0.21469300985336304, -1.3361093997955322, 8.357780456542969, 0.14091655611991882, 0.0, 10.143741607666016, 0.15473151206970215, 2.0177156925201416, 7.960902214050293, 0.15813414752483368, 3.297513723373413, 6.715931415557861, 0.14997757971286774, 4.487441539764404, 6.741670608520508, 0.13301104307174683, 6.741670608520508, 6.054821491241455, 0.112953320145607, 9.061680793762207, 4.1659955978393555, 0.09656506776809692, 10.05760383605957, 1.8359742164611816, 0.08937012404203415, 9.23006534576416, 6.457078799498525e-16, 0.09379362314939499, 10.545209884643555, -1.6835576295852661, 0.10834457725286484, 8.463815689086914, -3.261082410812378, 0.12811842560768127, 7.872949600219727, -6.140223026275635, 0.1464501917362213, 9.189493179321289, -7.171586513519287, 0.1571609526872635, 7.171586513519287, -7.120208740234375, 0.15664051473140717, 4.757571220397949, -8.39321231842041, 0.1450643241405487, 3.4765825271606445, -10.263166427612305, 0.12633423507213593, 2.041470766067505, -8.198197364807129, 0.10676344484090805, 1.0039896346881799e-15, -8.441941261291504, 0.09294848889112473, -1.6792064905166626, -9.758075714111328, 0.0895458534359932, -4.041927337646484, -7.287291526794434, 0.09770242869853973, -4.869212627410889, -6.607171535491943, 0.11466895043849945, -6.607171535491943, -5.210839748382568, 0.13472667336463928, -7.798573017120361, -3.6449203491210938, 0.15111492574214935, -8.799616813659668, -1.755284070968628, 0.15830987691879272, -8.824409484863281, -1.6171250214700459e-15, 0.15388637781143188, -8.803218841552734, 2.05887770652771, 0.13933542370796204, -10.350677490234375, 3.9877493381500244, 0.119561567902565, -9.627278327941895, 6.119572639465332, 0.10122980922460556, -9.158587455749512, 5.761894226074219, 0.09051905572414398, -5.761894226074219, 7.080977916717529, 0.09103948622941971, -4.731358528137207, 9.901314735412598, 0.10261568427085876, -4.101258754730225, 8.832792282104492, 0.12134576588869095, -1.7569516897201538]
            n (float, 291):  [4.162720506428741e-05, 1.0, 0.0001555832423036918, 0.029892057180404663, 0.9976061582565308, -0.06235688179731369, 0.031360041350126266, 0.9990860223770142, -0.02904689311981201, 0.01377924159169197, 0.9997566938400269, 0.017223281785845757, -0.0029782212805002928, 0.9988290667533875, 0.048286180943250656, -0.02112581394612789, 0.9978687763214111, 0.06173814460635185, -0.041889600455760956, 0.9964137077331543, 0.07351763546466827, -0.026014376431703568, 0.9973740577697754, 0.0675889179110527, 0.013509831391274929, 0.9985503554344177, 0.0521027036011219, 0.035766489803791046, 0.9982128143310547, 0.047873400151729584, 0.04872963950037956, 0.9973556399345398, 0.05391812324523926, 0.05553772673010826, 0.996551513671875, 0.061649635434150696, 0.024230169132351875, 0.998561680316925, 0.04782727360725403, -0.0025491935666650534, 0.9995830655097961, 0.028758574277162552, -0.03013327158987522, 0.9995400309562683, -0.003436450380831957, -0.046939849853515625, 0.9981200098991394, -0.039409056305885315, -0.04720562696456909, 0.9972810745239258, -0.05658680573105812, -0.04005788639187813, 0.9970008730888367, -0.06621669232845306, -0.04839769005775452, 0.9978306889533997, -0.044627077877521515, -0.04644140601158142, 0.9989103078842163, -0.004623572342097759, -0.06927281618118286, 0.9975302815437317, 0.011602123267948627, -0.07073628157377243, 0.9972984194755554, 0.01980486884713173, -0.07072771340608597, 0.9974545836448669, 0.009048235602676868, -0.04893983528017998, 0.9987822771072388, -0.0062365164048969746, -0.012397835031151772, 0.9997255206108093, -0.01988019235432148, 0.033698759973049164, 0.9991714954376221, -0.022817883640527725, 0.07103783637285233, 0.9973382353782654, -0.016434798017144203, 0.07975808531045914, 0.9967615604400635, -0.010247193276882172, 0.0739981085062027, 0.9972250461578369, -0.008159014396369457, 0.053322043269872665, 0.9981953501701355, -0.027617793530225754, 0.02485589310526848, 0.9985695481300354, -0.04734033718705177, 0.023219704627990723, 0.9976342916488647, -0.06470490992069244, 0.02286498062312603, 0.9968788027763367, -0.07556313276290894, 0.039105355739593506, 0.998431384563446, -0.04006967693567276, 0.04252282902598381, 0.9989003539085388, -0.019744371995329857, 0.044550370424985886, 0.9980728626251221, 0.043195828795433044, 0.028529157862067223, 0.9984927177429199, 0.04688723385334015, 0.02090103179216385, 0.9991480708122253, 0.03558511286973953, -0.01489474531263113, 0.9991570711135864, 0.03825264051556587, -0.020500196143984795, 0.9991444945335388, 0.03591638803482056, 0.0008145234314724803, 0.9998019933700562, 0.019883649423718452, 0.02291066013276577, 0.9993541836738586, 0.02768249437212944, 0.02455764263868332, 0.9990600347518921, 0.03572029992938042, 0.029254844412207603, 0.9981928467750549, 0.05248906835913658, 0.005883213132619858, 0.9990878701210022, 0.04229460284113884, -0.021460624411702156, 0.9993361830711365, 0.029438985511660576, -0.04897633194923401, 0.9987236261367798, 0.012351186946034431, -0.046496327966451645, 0.9988210797309875, -0.013948730193078518, -0.0367392897605896, 0.9990240931510925, -0.024516459554433823, -0.0307215116918087, 0.9985191822052002, -0.04489574208855629, -0.026298174634575844, 0.9994432926177979, -0.020533496513962746, -0.020569732412695885, 0.9997876286506653, 0.0012394026853144169, -0.030285483226180077, 0.9995412826538086, -0.00027828855672851205, -0.05302879959344864, 0.9985531568527222, 0.008921868167817593, -0.04511059448122978, 0.9988734126091003, -0.014732448384165764, -0.03519687429070473, 0.9990371465682983, -0.026190631091594696, -0.011189981363713741, 0.9989141225814819, -0.04522508755326271, 0.01231036800891161, 0.9989640116691589, -0.04380969703197479, 0.030151139944791794, 0.9991809129714966, -0.026988103985786438, 0.05525404214859009, 0.9984330534934998, -0.008859948255121708, 0.04279756918549538, 0.9990783929824829, -0.0032754300627857447, 0.026530934497714043, 0.9995829463005066, -0.011405609548091888, 0.009379724971950054, 0.9994533658027649, -0.03170071542263031, 0.010119562968611717, 0.9992926120758057, -0.03621962293982506, 0.029325474053621292, 0.999197781085968, -0.027272000908851624, 0.05012950301170349, 0.9983528256416321, -0.027902865782380104, 0.0501323938369751, 0.9987227320671082, -0.006293746642768383, 0.054248541593551636, 0.9973801374435425, 0.04785412549972534, 0.06639840453863144, 0.9965444207191467, 0.04990396648645401, 0.02703063189983368, 0.9992197751998901, 0.028793346136808395, -0.003951612859964371, 0.9996436834335327, 0.02639714442193508, -0.011470312252640724, 0.9997333884239197, 0.020041687414050102, -0.0004593144985847175, 0.9999285340309143, 0.011943697929382324, 0.009036878123879433, 0.9998751282691956, 0.01296630036085844, 0.009973992593586445, 0.99948650598526, 0.030450964346528053, 0.0207790769636631, 0.9981170892715454, 0.0577099472284317, -0.0073211644776165485, 0.9992865324020386, 0.0370507575571537, -0.03276604041457176, 0.9991878867149353, 0.02344796434044838, -0.05495595559477806, 0.9983406066894531, 0.01720275543630123, -0.04335559904575348, 0.9989608526229858, 0.014053442515432835, -0.036092277616262436, 0.999283492565155, -0.01139406394213438, -0.03241082280874252, 0.9987305998802185, -0.03855772688984871, -0.017508121207356453, 0.9998365044593811, -0.004517501685768366, -0.015043327584862709, 0.9998849034309387, -0.001970818033441901, -0.023485342040657997, 0.9997032284736633, -0.006468519568443298, -0.043254200369119644, 0.9990484714508057, -0.005574036855250597, -0.03985533490777016, 0.9989347457885742, -0.02325926348567009, -0.0259418785572052, 0.9986956715583801, -0.04397843778133392, -0.011227189563214779, 0.9982319474220276, -0.05836942791938782, -0.004435638431459665, 0.9983090162277222, -0.05796019732952118, 0.02222963236272335, 0.9993723630905151, -0.027577636763453484, 0.030692391097545624, 0.9994810223579407, -0.009778974577784538, 0.025328921154141426, 0.9996780753135681, -0.0014809764688834548, 0.0212827417999506, 0.9997695684432983, -0.0027951616793870926, 0.004630371928215027, 0.9996222257614136, -0.027093054726719856, 0.012971811927855015, 0.9996450543403625, -0.02327086590230465, 0.03147883340716362, 0.9994346499443054, -0.011807166039943695]
            ta (float, 388):  [0.9999999403953552, -4.1626695747254416e-05, -3.5616537275018345e-08, 1.0, 0.9995511770248413, -0.029958009719848633, -0.00012273769243620336, 1.0, 0.9995077252388, -0.031372491270303726, 2.7035861421609297e-05, 1.0, 0.9999050498008728, -0.013781155459582806, -7.647666279808618e-06, 1.0, 0.9999955892562866, 0.002988399239256978, -0.00013858506281394511, 1.0, 0.999775230884552, 0.02119748294353485, -0.0005059668910689652, 1.0, 0.9991148114204407, 0.042058806866407394, -0.0007541955565102398, 1.0, 0.9996591806411743, 0.026101993396878242, -0.00041341682663187385, 1.0, 0.9999085068702698, -0.013530968688428402, 5.296342715155333e-05, 1.0, 0.9993579387664795, -0.03582601994276047, 0.00038564990973100066, 1.0, 0.9988077878952026, -0.04881453514099121, 0.0002580001892056316, 1.0, 0.9984480142593384, -0.05568752437829971, 0.0007130663725547493, 1.0, 0.9997051358222961, -0.02428082749247551, 0.0004784121410921216, 1.0, 0.9999967217445374, 0.00254994397982955, 1.0588471013761591e-05, 1.0, 0.9995458126068115, 0.03013346716761589, 4.340949089964852e-06, 1.0, 0.9988953471183777, 0.04698885604739189, 0.0003176589962095022, 1.0, 0.998880922794342, 0.04729443043470383, 0.00023043880355544388, 1.0, 0.999194324016571, 0.04013435170054436, -0.00017563234723638743, 1.0, 0.9988258481025696, 0.0484432652592659, -6.031895463820547e-05, 1.0, 0.9989209771156311, 0.0464419387280941, 7.2807092692528386e-06, 1.0, 0.9975973963737488, 0.06927838176488876, -7.844087667763233e-05, 1.0, 0.99749356508255, 0.07075702399015427, -0.0003472982789389789, 1.0, 0.9974954128265381, 0.07073123753070831, -6.855423271190375e-05, 1.0, 0.998801589012146, 0.04894137755036354, 9.595164738129824e-05, 1.0, 0.9999231100082397, 0.012400121428072453, -8.21589128463529e-06, 1.0, 0.9994314312934875, -0.033715106546878815, -0.0003318553790450096, 1.0, 0.9974728226661682, -0.0710487812757492, -8.24732196633704e-05, 1.0, 0.9968138337135315, -0.07976256310939789, -2.8194632250233553e-05, 1.0, 0.997258186340332, -0.07400097697973251, -4.957001146976836e-05, 1.0, 0.9985761642456055, -0.05334436893463135, -7.165463466662914e-05, 1.0, 0.9996904730796814, -0.024882230907678604, 3.2962809200398624e-05, 1.0, 0.9997292757034302, -0.023266350850462914, 3.260941230109893e-05, 1.0, 0.9997369050979614, -0.022937774658203125, -9.549775131745264e-05, 1.0, 0.9992337226867676, -0.039139747619628906, -7.401140464935452e-05, 1.0, 0.9990950226783752, -0.04253298044204712, -9.416857938049361e-05, 1.0, 0.9990026950836182, -0.04463827982544899, 0.0010721650905907154, 1.0, 0.9995920062065125, -0.0285617895424366, 2.6028044885606505e-05, 1.0, 0.9997812509536743, -0.02091536484658718, 3.054569606320001e-05, 1.0, 0.9998888969421387, 0.014908873476088047, -8.406772394664586e-05, 1.0, 0.9997895956039429, 0.020514748990535736, -3.66416024917271e-05, 1.0, 0.9999996423721313, -0.0008139825076796114, -3.531115362420678e-05, 1.0, 0.9997373819351196, -0.02291983552277088, 1.4080085747991689e-05, 1.0, 0.9996975064277649, -0.024590447545051575, 0.0004792391846422106, 1.0, 0.9995712637901306, -0.029279522597789764, -0.0002990008797496557, 1.0, 0.9999827146530151, -0.005877033807337284, -0.00027045010938309133, 1.0, 0.9997695088386536, 0.02146892435848713, 3.4125008824048564e-05, 1.0, 0.9987998008728027, 0.04897917062044144, 7.299672870431095e-05, 1.0, 0.998918354511261, 0.04650060459971428, -1.7867083442979492e-05, 1.0, 0.9993244409561157, 0.036750677973032, 1.3944093552709091e-05, 1.0, 0.999527096748352, 0.030751429498195648, -2.4284390747197904e-05, 1.0, 0.9996539354324341, 0.026302887126803398, -4.0441205783281475e-05, 1.0, 0.9997884035110474, 0.02056974545121193, -1.2611191095857066e-06, 1.0, 0.9995413422584534, 0.030285485088825226, 7.418620384669339e-07, 1.0, 0.9985929131507874, 0.053030677139759064, 2.5973014999181032e-05, 1.0, 0.9989818334579468, 0.04511493071913719, -3.786122761084698e-05, 1.0, 0.9993799924850464, 0.03520718589425087, -6.735520582878962e-05, 1.0, 0.9999369382858276, 0.01122275460511446, 0.0004707634507212788, 1.0, 0.9999240040779114, -0.012327395379543304, -0.00011853955948026851, 1.0, 0.9995449781417847, -0.03016532212495804, -0.00011820333747891709, 1.0, 0.9984721541404724, -0.05525689199566841, -7.746302435407415e-05, 1.0, 0.9990838170051575, -0.04279781132936478, -4.356038516561966e-06, 1.0, 0.9996479153633118, -0.02653248980641365, 1.498318033554824e-05, 1.0, 0.9999560117721558, -0.009383782744407654, 2.079694422718603e-05, 1.0, 0.9999487996101379, -0.010127626359462738, -3.913782347808592e-05, 1.0, 0.9995695352554321, -0.02933875098824501, -8.669320232002065e-05, 1.0, 0.9987417459487915, -0.050148386508226395, 2.279313230246771e-05, 1.0, 0.9987425804138184, -0.05013291537761688, 7.509543502237648e-05, 1.0, 0.9985237717628479, -0.05431578308343887, 0.00010512463632039726, 1.0, 0.997787594795227, -0.06648221611976624, 1.956160122063011e-05, 1.0, 0.999634325504303, -0.027041293680667877, -1.91280178114539e-05, 1.0, 0.9999921321868896, 0.003944519441574812, 0.0003207711561117321, 1.0, 0.999934196472168, 0.01147049106657505, 0.0001060624563251622, 1.0, 0.9999998807907104, 0.00045930221676826477, 3.7641934795829e-06, 1.0, 0.9999591708183289, -0.009036806412041187, -6.408924673451111e-05, 1.0, 0.9999502897262573, -0.009973010048270226, -0.00018415212980471551, 1.0, 0.9997833371162415, -0.02081253007054329, -2.1354371710913256e-05, 1.0, 0.9999732375144958, 0.0073250941932201385, 2.968634908029344e-05, 1.0, 0.9994626641273499, 0.032776203006505966, -4.8966347094392404e-05, 1.0, 0.9984882473945618, 0.05496472865343094, -3.7827972846571356e-05, 1.0, 0.9990594983100891, 0.04335961863398552, 1.877315116871614e-05, 1.0, 0.9993483424186707, 0.03609408438205719, -4.776890273205936e-05, 1.0, 0.999473512172699, 0.03244505822658539, 0.00026221314328722656, 1.0, 0.9998467564582825, 0.01750832423567772, 5.385671556723537e-06, 1.0, 0.9998868703842163, 0.015043339692056179, -9.307044820161536e-06, 1.0, 0.9997242093086243, 0.023485876619815826, 6.392739123839419e-06, 1.0, 0.9990640878677368, 0.04325484856963158, -5.846519798069494e-06, 1.0, 0.9992050528526306, 0.03986593708395958, -7.85000611358555e-06, 1.0, 0.9996631145477295, 0.02595374919474125, -0.00030107024940662086, 1.0, 0.9999369978904724, 0.011233455501496792, -0.00022081109636928886, 1.0, 0.9999901056289673, 0.004447211045771837, 7.067283149808645e-05, 1.0, 0.9997528791427612, -0.022226151078939438, 0.0004326796333771199, 1.0, 0.9995288848876953, -0.030693089589476585, 7.875403389334679e-05, 1.0, 0.9996791481971741, -0.025328926742076874, 1.4437495337915607e-05, 1.0, 0.9997735619544983, -0.021282827481627464, -3.645378967576107e-07, 1.0, 0.9999893307685852, -0.004632361698895693, -1.0672854841686785e-05, 1.0, 0.9999157786369324, -0.012974116019904613, 5.191981472307816e-05, 1.0, 0.9995043277740479, -0.03148068115115166, 2.8921425837324932e-05, 1.0]
            u0 (float, 194):  [0.5, 0.5, 0.6574195027351379, 0.5, 0.6615477800369263, 0.46786612272262573, 0.6385781168937683, 0.4425990581512451, 0.6283413171768188, 0.414245069026947, 0.6175017356872559, 0.38249826431274414, 0.5894456505775452, 0.3661351203918457, 0.5580434799194336, 0.3598706126213074, 0.5303369760513306, 0.3474857211112976, 0.5, 0.33525460958480835, 0.46934953331947327, 0.3459097146987915, 0.44262048602104187, 0.36147356033325195, 0.4083135426044464, 0.3627815246582031, 0.3927311599254608, 0.3927311301231384, 0.36646854877471924, 0.41077715158462524, 0.35197633504867554, 0.4386866092681885, 0.3455701470375061, 0.46928197145462036, 0.3338240683078766, 0.5, 0.35041743516921997, 0.5297538340091705, 0.3522147536277771, 0.5612146556377411, 0.3741005063056946, 0.5841233432292938, 0.38245144486427307, 0.6175485551357269, 0.4155750870704651, 0.6263508200645447, 0.4393957257270813, 0.6463116407394409, 0.4680197238922119, 0.6607757210731506, 0.5, 0.6648063063621521, 0.5294857621192932, 0.6482349634170532, 0.5630289316177368, 0.6521653234958649, 0.5911691188812256, 0.6364442110061646, 0.6095553636550903, 0.6095553636550903, 0.6351978182792664, 0.5903363227844238, 0.6417155861854553, 0.5587005317211151, 0.6491947770118713, 0.5296766757965088, 0.7928025722503662, 0.5, 0.7971498370170593, 0.4408932328224182, 0.8131765723228455, 0.370278000831604, 0.7607675790786743, 0.3257606625556946, 0.7477045059204102, 0.25229549407958984, 0.6909401416778564, 0.21423786878585815, 0.6133249998092651, 0.2264091968536377, 0.5607991814613342, 0.1943420171737671, 0.5, 0.2140306830406189, 0.43716052174568176, 0.18408465385437012, 0.37605544924736023, 0.20077139139175415, 0.32098644971847534, 0.23208731412887573, 0.29659825563430786, 0.29659825563430786, 0.23058061301708221, 0.319979727268219, 0.2327217310667038, 0.3892897367477417, 0.1665254831314087, 0.43366777896881104, 0.18641041219234467, 0.5, 0.2171444445848465, 0.5562634766101837, 0.1770325005054474, 0.633777529001236, 0.2113344967365265, 0.6928801238536835, 0.2846338152885437, 0.7153661847114563, 0.3076777458190918, 0.7878306061029434, 0.3846895694732666, 0.7783840298652649, 0.4378446042537689, 0.8124762922525406, 0.5, 0.8213497698307037, 0.565646231174469, 0.8300259411334991, 0.6095802783966064, 0.7645502537488937, 0.6578220725059509, 0.73619744181633, 0.7063573598861694, 0.706357330083847, 0.7563158869743347, 0.6712647974491119, 0.8112554550170898, 0.6289262175559998, 0.8254396915435791, 0.5647339820861816, 0.9049312472343445, 0.5, 0.991460382938385, 0.4022424817085266, 0.8857026100158691, 0.34023672342300415, 0.825384259223938, 0.2825852036476135, 0.8266313076019287, 0.1733686923980713, 0.7933537364006042, 0.06096506118774414, 0.701840877532959, 0.012713015079498291, 0.5889522433280945, 0.05280691385269165, 0.5, -0.010911345481872559, 0.4184322953224182, 0.0899314284324646, 0.3420018255710602, 0.11855864524841309, 0.2025085687637329, 0.05477261543273926, 0.1525394171476364, 0.1525394320487976, 0.15502865612506866, 0.26949751377105713, 0.09335209429264069, 0.3315609097480774, 0.002753576496616006, 0.4010915160179138, 0.10280049592256546, 0.5, 0.09099122881889343, 0.5813569128513336, 0.027225028723478317, 0.6958298087120056, 0.14693355560302734, 0.7359114587306976, 0.17988508939743042, 0.8201149106025696, 0.2475368231534958, 0.8778378441929817, 0.32340502738952637, 0.9263380020856857, 0.4149571657180786, 0.9275392070412636, 0.5, 0.9265125244855881, 0.5997518301010132, 1.0014862944371998, 0.693204939365387, 0.9664379246532917, 0.7964909076690674, 0.9437300190329552, 0.7791615128517151, 0.7791615426540375, 0.8430706262588501, 0.7292324900627136, 0.9797148704528809, 0.6987043917179108, 0.9279453754425049, 0.5851236283779144]
            tri (int, 480):  [0, 2, 1, 0, 3, 2, 0, 4, 3, 0, 5, 4, 0, 6, 5, 0, 7, 6, 0, 8, 7, 0, 9, 8, 0, 10, 9, 0, 11, 10, 0, 12, 11, 0, 13, 12, 0, 14, 13, 0, 15, 14, 0, 16, 15, 0, 17, 16, 0, 18, 17, 0, 19, 18, 0, 20, 19, 0, 21, 20, 0, 22, 21, 0, 23, 22, 0, 24, 23, 0, 25, 24, 0, 26, 25, 0, 27, 26, 0, 28, 27, 0, 29, 28, 0, 30, 29, 0, 31, 30, 0, 32, 31, 0, 1, 32, 1, 34, 33, 1, 2, 34, 2, 35, 34, 2, 3, 35, 3, 36, 35, 3, 4, 36, 4, 37, 36, 4, 5, 37, 5, 38, 37, 5, 6, 38, 6, 39, 38, 6, 7, 39, 7, 40, 39, 7, 8, 40, 8, 41, 40, 8, 9, 41, 9, 42, 41, 9, 10, 42, 10, 43, 42, 10, 11, 43, 11, 44, 43, 11, 12, 44, 12, 45, 44, 12, 13, 45, 13, 46, 45, 13, 14, 46, 14, 47, 46, 14, 15, 47, 15, 48, 47, 15, 16, 48, 16, 49, 48, 16, 17, 49, 17, 50, 49, 17, 18, 50, 18, 51, 50, 18, 19, 51, 19, 52, 51, 19, 20, 52, 20, 53, 52, 20, 21, 53, 21, 54, 53, 21, 22, 54, 22, 55, 54, 22, 23, 55, 23, 56, 55, 23, 24, 56, 24, 57, 56, 24, 25, 57, 25, 58, 57, 25, 26, 58, 26, 59, 58, 26, 27, 59, 27, 60, 59, 27, 28, 60, 28, 61, 60, 28, 29, 61, 29, 62, 61, 29, 30, 62, 30, 63, 62, 30, 31, 63, 31, 64, 63, 31, 32, 64, 32, 33, 64, 33, 32, 1, 33, 66, 65, 33, 34, 66, 34, 67, 66, 34, 35, 67, 35, 68, 67, 35, 36, 68, 36, 69, 68, 36, 37, 69, 37, 70, 69, 37, 38, 70, 38, 71, 70, 38, 39, 71, 39, 72, 71, 39, 40, 72, 40, 73, 72, 40, 41, 73, 41, 74, 73, 41, 42, 74, 42, 75, 74, 42, 43, 75, 43, 76, 75, 43, 44, 76, 44, 77, 76, 44, 45, 77, 45, 78, 77, 45, 46, 78, 46, 79, 78, 46, 47, 79, 47, 80, 79, 47, 48, 80, 48, 81, 80, 48, 49, 81, 49, 82, 81, 49, 50, 82, 50, 83, 82, 50, 51, 83, 51, 84, 83, 51, 52, 84, 52, 85, 84, 52, 53, 85, 53, 86, 85, 53, 54, 86, 54, 87, 86, 54, 55, 87, 55, 88, 87, 55, 56, 88, 56, 89, 88, 56, 57, 89, 57, 90, 89, 57, 58, 90, 58, 91, 90, 58, 59, 91, 59, 92, 91, 59, 60, 92, 60, 93, 92, 60, 61, 93, 61, 94, 93, 61, 62, 94, 62, 95, 94, 62, 63, 95, 63, 96, 95, 63, 64, 96, 64, 65, 96, 65, 64, 33]
            boundingsphere (float, 4):  [-0.05971240997314453, 0.27508506178855896, 0.09726619720458984, 11.130346744424536]
            aabb:
                min (float, 3):  [-10.263166427612305, 0.08937012404203415, -10.350677490234375]
                max (float, 3):  [10.143741607666016, 0.4607999920845032, 10.545209884643555]
            material:
                shader (str, 1):  ['PdxMeshAdvanced']
                diff (str, 1):  ['air_winter_mediterranean_phase_6_diff.dds']
                spec (str, 1):  ['air_winter_mediterranean_spec.dds']
                n (str, 1):  ['air_winter_mediterranean_n.dds']
locator:
