pdxasset (int, 2):  [1, 0]
object:
    air_winter_desert_arid_plateau_phase_4:
        mesh:
            p (float, 291):  [0.0, 0.4032000005245209, 0.0, 3.116915702819824, 0.2861210107803345, 0.0, 3.3599698543548584, 0.2375740110874176, 0.6683395504951477, 2.899434804916382, 0.2032327800989151, 1.2009851932525635, 2.7853763103485107, 0.1946723759174347, 1.8611289262771606, 2.3946309089660645, 0.21477819979190826, 2.3946309089660645, 1.8626781702041626, 0.25677335262298584, 2.7876949310302734, 1.221865177154541, 0.30650293827056885, 2.949843645095825, 0.6263817548751831, 0.3472050130367279, 3.149033784866333, 2.0473997327553217e-16, 0.3651605546474457, 3.3436574935913086, -0.6693910956382751, 0.35431742668151855, 3.3652563095092773, -1.271423578262329, 0.31833043694496155, 3.069488048553467, -1.8214761018753052, 0.26932939887046814, 2.726031541824341, -2.2795369625091553, 0.22383059561252594, 2.2795369625091553, -2.685777187347412, 0.1971699297428131, 1.7945789098739624, -3.088218927383423, 0.19833365082740784, 1.2791821956634521, -3.1762428283691406, 0.22692953050136566, 0.6317939758300781, -3.276278018951416, 0.2733190059661865, 4.0122833686737015e-16, -3.2473955154418945, 0.321865975856781, -0.6459471583366394, -3.0595004558563232, 0.3562072217464447, -1.2672866582870483, -2.5768988132476807, 0.3647676110267639, -1.721828818321228, -2.2396042346954346, 0.34466180205345154, -2.2396042346954346, -1.8544244766235352, 0.30266663432121277, -2.7753422260284424, -1.258744478225708, 0.25293707847595215, -3.0388779640197754, -0.6604435443878174, 0.2122349739074707, -3.3202738761901855, -5.700714905896285e-16, 0.19427943229675293, -3.1033246517181396, 0.6179837584495544, 0.20512256026268005, -3.10681414604187, 1.2493494749069214, 0.24110954999923706, -3.0161964893341064, 1.8626494407653809, 0.29011061787605286, -2.787652015686035, 2.230585813522339, 0.33560940623283386, -2.230585813522339, 2.792914628982544, 0.3622700572013855, -1.8661658763885498, 2.9858217239379883, 0.36110633611679077, -1.2367678880691528, 3.1328494548797607, 0.33251047134399414, -0.6231625080108643, 7.001148700714111, 0.20044100284576416, 0.0, 5.849181175231934, 0.1518940031528473, 1.1634745597839355, 6.606649398803711, 0.11755277216434479, 2.7365636825561523, 5.2015767097473145, 0.10899238288402557, 3.4755823612213135, 4.476149559020996, 0.12909820675849915, 4.476149559020996, 3.3898515701293945, 0.17109335958957672, 5.07327127456665, 2.480562925338745, 0.22082293033599854, 5.9886088371276855, 1.3694485425949097, 0.26152503490448, 6.884683132171631, 3.751954939175585e-16, 0.27948054671287537, 6.127407073974609, -1.2886862754821777, 0.26863744854927063, 6.478662967681885, -2.4653048515319824, 0.23265044391155243, 5.951772212982178, -3.4685726165771484, 0.18364939093589783, 5.1910858154296875, -4.240441799163818, 0.13815058767795563, 4.240441799163818, -5.6641340255737305, 0.1114899292588234, 3.784653425216675, -5.918455600738525, 0.11265365779399872, 2.4515044689178467, -6.359859466552734, 0.14124952256679535, 1.265054702758789, -6.6754631996154785, 0.1876389980316162, 8.175084492074492e-16, -5.848950386047363, 0.23618599772453308, -1.163428544998169, -6.452652931213379, 0.2705272138118744, -2.672776460647583, -5.894530296325684, 0.279087632894516, -3.938599109649658, -4.366488456726074, 0.2589817941188812, -4.366488456726074, -3.87892746925354, 0.21698664128780365, -5.805225372314453, -2.6074397563934326, 0.16725707054138184, -6.29491662979126, -1.2170233726501465, 0.12655498087406158, -6.11838960647583, -1.1384551621527344e-15, 0.10859943926334381, -6.197461128234863, 1.1569688320159912, 0.11944255977869034, -5.816474914550781, 2.4509756565093994, 0.15542955696582794, -5.917178630828857, 3.587820291519165, 0.20443060994148254, -5.3695526123046875, 4.602625846862793, 0.24992939829826355, -4.602625846862793, 5.405778884887695, 0.2765900790691376, -3.612025737762451, 6.095652103424072, 0.27542635798454285, -2.5249016284942627, 5.874061584472656, 0.24683047831058502, -1.1684234142303467, 8.727458000183105, 0.11061917990446091, 0.0, 9.599313735961914, 0.09348494559526443, 1.9094222784042358, 8.788443565368652, 0.08136450499296188, 3.6402924060821533, 7.1244120597839355, 0.07834319025278091, 4.760379791259766, 6.288212776184082, 0.08543936908245087, 6.288212776184082, 6.176727294921875, 0.10026118904352188, 9.244125366210938, 4.0362677574157715, 0.11781279742717743, 9.744412422180176, 2.0131168365478516, 0.13217824697494507, 10.120622634887695, 5.59758229182097e-16, 0.13851548731327057, 9.141545295715332, -1.8225558996200562, 0.13468851149082184, 9.162607192993164, -3.9221785068511963, 0.12198721617460251, 9.468976020812988, -5.442239761352539, 0.1046927273273468, 8.14488697052002, -7.102904319763184, 0.08863432705402374, 7.102904319763184, -6.758698463439941, 0.07922468334436417, 4.516017913818359, -9.491425514221191, 0.07963540405035019, 3.9314773082733154, -8.483549118041992, 0.08972806483507156, 1.6874829530715942, -9.053397178649902, 0.10610082000494003, 1.108721341088793e-15, -9.51130199432373, 0.1232350543141365, -1.8919156789779663, -10.183955192565918, 0.13535548746585846, -4.218332767486572, -7.733382701873779, 0.13837680220603943, -5.167281150817871, -7.115553855895996, 0.13128063082695007, -7.115553855895996, -4.820608615875244, 0.11645881086587906, -7.214550495147705, -4.206589221954346, 0.09890720248222351, -10.155604362487793, -1.7169504165649414, 0.08454176038503647, -8.631692886352539, -1.787261965079676e-15, 0.07820450514554977, -9.729400634765625, 1.984572410583496, 0.0820314884185791, -9.977119445800781, 3.9151158332824707, 0.09473278373479843, -9.451925277709961, 5.237453460693359, 0.11202727258205414, -7.838403224945068, 7.117776870727539, 0.1280856728553772, -7.117776870727539, 6.69204044342041, 0.13749532401561737, -4.471478462219238, 10.289443969726562, 0.13708458840847015, -4.262027263641357, 9.596844673156738, 0.12699192762374878, -1.9089311361312866]
            n (float, 291):  [6.110893536970252e-06, 0.9999999403953552, -0.0003516186261549592, 0.03225734829902649, 0.9978063702583313, 0.05780873820185661, 0.024594899266958237, 0.9981067776679993, 0.056374337524175644, 0.032762814313173294, 0.9984115958213806, 0.04583604261279106, 0.041148170828819275, 0.999025821685791, 0.01594282127916813, 0.05692308023571968, 0.9983762502670288, 0.002157222479581833, 0.06647519767284393, 0.9977877140045166, -0.0008561431895941496, 0.06615448743104935, 0.9978038668632507, 0.003317873924970627, 0.0416145995259285, 0.9990578293800354, 0.012314755469560623, 0.004338271915912628, 0.9997979998588562, 0.019624797627329826, -0.03140770271420479, 0.9993903040885925, 0.015254375524818897, -0.06314515322446823, 0.9980021119117737, 0.002125689061358571, -0.07317493110895157, 0.9972910284996033, -0.007489170879125595, -0.06281423568725586, 0.998021125793457, -0.0028824792243540287, -0.043908022344112396, 0.998914897441864, 0.01552914921194315, -0.03188518434762955, 0.9989672899246216, 0.03236762434244156, -0.030985424295067787, 0.9980171918869019, 0.054787591099739075, -0.03241191431879997, 0.9976581931114197, 0.060230206698179245, -0.03662673383951187, 0.9981599450111389, 0.04832535982131958, -0.029303187504410744, 0.9993657469749451, 0.020235275849699974, -0.0074151805602014065, 0.9997923970222473, -0.018978901207447052, 0.011976945213973522, 0.9989951848983765, -0.043186597526073456, 0.029322123154997826, 0.9982474446296692, -0.05140285938978195, 0.04058517888188362, 0.9976311326026917, -0.055541399866342545, 0.03445753827691078, 0.9983014464378357, -0.04697657749056816, 0.013093588873744011, 0.9986275434494019, -0.05071006342768669, -0.026585327461361885, 0.998288094997406, -0.05209733173251152, -0.04213850200176239, 0.9973846077919006, -0.058721259236335754, -0.0322437658905983, 0.9978483319282532, -0.057087492197752, -0.017227498814463615, 0.998593807220459, -0.05013640969991684, 0.00702642323449254, 0.9996591210365295, -0.0251457542181015, 0.0266560111194849, 0.9995459914207458, 0.01404422428458929, 0.033554527908563614, 0.9985017776489258, 0.04322506859898567, 0.030505361035466194, 0.9991562962532043, 0.027496913447976112, 0.01928458921611309, 0.9990814924240112, 0.03826504573225975, 0.011089195497334003, 0.9997555613517761, 0.019126931205391884, 0.019734518602490425, 0.9997271299362183, 0.012495696544647217, 0.033318717032670975, 0.9994435906410217, -0.0015634836163371801, 0.044234391301870346, 0.999021053314209, -0.0004586389986798167, 0.04138169810175896, 0.9990926384925842, 0.010066687129437923, 0.01408320665359497, 0.9994703531265259, 0.029337218031287193, -0.0005057547241449356, 0.9994141459465027, 0.034221354871988297, -0.01563352532684803, 0.9993194341659546, 0.03341076523065567, -0.039405886083841324, 0.9991127848625183, 0.014857273548841476, -0.04463956505060196, 0.9990031123161316, 0.00021327019203454256, -0.03665030002593994, 0.9993259906768799, -0.0020540948025882244, -0.019911818206310272, 0.9997877478599548, 0.0052964757196605206, -0.015814373269677162, 0.999733030796051, 0.01684553362429142, -0.019046638160943985, 0.9993201494216919, 0.03156829625368118, -0.02890920266509056, 0.9990816712379456, 0.031624238938093185, -0.03709937259554863, 0.99875807762146, 0.0332566574215889, -0.03436856344342232, 0.9993996024131775, 0.004381457809358835, -0.023544853553175926, 0.9992778301239014, -0.02982499822974205, -0.003038854105398059, 0.9991604089736938, -0.04085637256503105, 0.0027598123997449875, 0.9991804361343384, -0.04038391262292862, 0.020794585347175598, 0.9992252588272095, -0.03341224417090416, 0.02254042960703373, 0.9993611574172974, -0.02773418463766575, 0.003557434771209955, 0.9998050928115845, -0.01942048966884613, -0.016240781173110008, 0.9995291233062744, -0.02603292092680931, -0.019780611619353294, 0.9993018507957458, -0.031693555414676666, -0.012835497036576271, 0.9990525841712952, -0.04158183932304382, 0.010830488987267017, 0.9992769360542297, -0.03644780442118645, 0.025697100907564163, 0.9991332292556763, -0.03274571895599365, 0.030316298827528954, 0.9995025396347046, -0.008696447126567364, 0.03565077856183052, 0.9989860653877258, 0.02749217487871647, 0.03229228034615517, 0.9992733001708984, 0.020251937210559845, 0.016914788633584976, 0.9996928572654724, 0.018113918602466583, 0.010053449310362339, 0.9998289942741394, 0.015523888170719147, 0.012467734515666962, 0.9998722672462463, 0.010000256821513176, 0.02721996232867241, 0.9996249079704285, -0.003034532070159912, 0.027761369943618774, 0.9996088743209839, 0.0033691944554448128, 0.02650068886578083, 0.9995332956314087, 0.01519568171352148, 0.011567268520593643, 0.9994201064109802, 0.032024577260017395, -0.00841885432600975, 0.998889684677124, 0.04635145887732506, -0.009558114223182201, 0.9991578459739685, 0.03990212827920914, -0.0269531961530447, 0.9994115829467773, 0.021213075146079063, -0.030584340915083885, 0.9995152950286865, 0.00580391613766551, -0.025140607729554176, 0.999683678150177, -0.0006983370985835791, -0.015710387378931046, 0.9998646378517151, 0.004882081877440214, -0.009989538230001926, 0.9998899698257446, 0.010968473739922047, -0.018306702375411987, 0.9996694326400757, 0.018055012449622154, -0.031216708943247795, 0.9992657899856567, 0.022213121876120567, -0.03890867903828621, 0.9989814758300781, 0.022848181426525116, -0.03671324998140335, 0.9993213415145874, -0.0029856336768716574, -0.029295099899172783, 0.9989029765129089, -0.03653152287006378, -0.018340548500418663, 0.9989664554595947, -0.04158833995461464, -0.009484331123530865, 0.9992705583572388, -0.03698965907096863, 0.007163978647440672, 0.9996376037597656, -0.025949837639927864, 0.015368000604212284, 0.9996905326843262, -0.019556785002350807, -0.0014376622857525945, 0.9999451041221619, -0.010381589643657207, -0.00898832269012928, 0.9998716115951538, -0.01326696015894413, -0.008724960498511791, 0.9997394680976868, -0.021091526374220848, -0.0013097580522298813, 0.9993991255760193, -0.03463757038116455, 0.01965266466140747, 0.9992617964744568, -0.03300776332616806, 0.03669216111302376, 0.9984855651855469, -0.04098973423242569, 0.03250099718570709, 0.9994359612464905, -0.008446881547570229, 0.03943997621536255, 0.9990406036376953, 0.01903443969786167]
            ta (float, 388):  [0.9999999403953552, -6.1105238273739815e-06, 4.7503401212622975e-09, 1.0, 0.9994775652885437, -0.03232058137655258, 0.0001588609884493053, 1.0, 0.9996964931488037, -0.024634340777993202, 4.717951924249064e-06, 1.0, 0.9994619488716125, -0.03280021250247955, 6.374364602379501e-05, 1.0, 0.9991528391838074, -0.041154444217681885, 6.51039372314699e-05, 1.0, 0.998378574848175, -0.05692322924733162, 9.016745025292039e-06, 1.0, 0.9977880716323853, -0.06647522002458572, -7.893414476711769e-06, 1.0, 0.9978093504905701, -0.06615490466356277, 1.7390430002706125e-05, 1.0, 0.9991335868835449, -0.04161876440048218, 8.185457409126684e-05, 1.0, 0.9999906420707703, -0.00434133131057024, 0.00011329012340866029, 1.0, 0.9995064735412598, 0.03141242265701294, -7.002139318501577e-05, 1.0, 0.9980042576789856, 0.06314531713724136, -1.3046255844528787e-05, 1.0, 0.9973189830780029, 0.07317731529474258, 4.444983642315492e-05, 1.0, 0.9980252981185913, 0.06281456351280212, 2.4526774723199196e-05, 1.0, 0.9990352988243103, 0.04391418397426605, -5.579659773502499e-05, 1.0, 0.9994910359382629, 0.03190131112933159, 1.813785820559133e-05, 1.0, 0.9995185732841492, 0.03102518990635872, 0.00012472408707253635, 1.0, 0.9994724988937378, 0.03247401490807533, -5.2265735575929284e-05, 1.0, 0.9993270635604858, 0.036679454147815704, -0.00020438160572666675, 1.0, 0.9995704293251038, 0.029309101402759552, 4.121075107832439e-06, 1.0, 0.9999725222587585, 0.007416558917611837, 2.205384589615278e-06, 1.0, 0.9999280571937561, -0.01199331134557724, -0.0001198450627271086, 1.0, 0.9995681643486023, -0.029382042586803436, -0.00041019683703780174, 1.0, 0.9991723895072937, -0.04067295417189598, -0.00045032580965198576, 1.0, 0.9994043111801147, -0.034509509801864624, -0.00029550897306762636, 1.0, 0.9999140501022339, -0.01311336737126112, -5.730346674681641e-05, 1.0, 0.9996450543403625, 0.026639383286237717, 0.00034333590883761644, 1.0, 0.999107301235199, 0.042241621762514114, 0.0005151807563379407, 1.0, 0.9994774460792542, 0.032318588346242905, 0.0003876938426401466, 1.0, 0.9998509287834167, 0.01726270653307438, 0.00026930871536023915, 1.0, 0.9999752640724182, -0.007026640232652426, 7.972409366630018e-05, 1.0, 0.9996445775032043, -0.026658687740564346, 3.168744115100708e-06, 1.0, 0.999435544013977, -0.03359520807862282, 0.0002148935163859278, 1.0, 0.9995338916778564, -0.030527377501130104, 0.0003811537753790617, 1.0, 0.9998137354850769, -0.019300291314721107, 4.095800977665931e-05, 1.0, 0.9999384880065918, -0.011090943589806557, -1.469817834731657e-05, 1.0, 0.999805212020874, -0.01973583549261093, -1.797681034076959e-05, 1.0, 0.9994447231292725, -0.03331875056028366, 3.3821740998973837e-06, 1.0, 0.9990211725234985, -0.044234391301870346, -6.564068826264702e-07, 1.0, 0.9991433024406433, -0.041384946554899216, 0.00011407052807044238, 1.0, 0.9999006986618042, -0.014089886099100113, 2.0980995032005012e-05, 1.0, 0.9999998211860657, 0.0005062505370005965, -5.830959707964212e-06, 1.0, 0.9998775720596313, 0.01564900577068329, -0.00020190449140500277, 1.0, 0.9992230534553528, 0.03941069170832634, -3.0727424018550664e-05, 1.0, 0.9990032315254211, 0.04463956505060196, -1.8937091681436868e-06, 1.0, 0.999328076839447, 0.03665037080645561, -2.0474924156133056e-07, 1.0, 0.999801754951477, 0.019912205636501312, -2.055701224890072e-05, 1.0, 0.9998749494552612, 0.01581713743507862, -3.0918385164113715e-05, 1.0, 0.9998183846473694, 0.019056016579270363, 3.7235108720778953e-06, 1.0, 0.9995816349983215, 0.028922654688358307, 3.194937016814947e-05, 1.0, 0.9993109107017517, 0.03711792826652527, 5.951346975052729e-05, 1.0, 0.9994091987609863, 0.03436893969774246, -1.0810381354531273e-05, 1.0, 0.999722421169281, 0.02355956844985485, 0.00014195400581229478, 1.0, 0.9999953508377075, 0.0030384387355297804, -7.225306035252288e-05, 1.0, 0.9999961256980896, -0.0027457589749246836, 0.0004034687008243054, 1.0, 0.9997835159301758, -0.02080625295639038, -1.439843799744267e-06, 1.0, 0.9997457265853882, -0.022550055757164955, -3.431728691793978e-05, 1.0, 0.9999936819076538, -0.0035582215059548616, -5.958097972325049e-06, 1.0, 0.9998680949211121, 0.016247285529971123, 3.826223473879509e-05, 1.0, 0.9998041391372681, 0.019792359322309494, 5.6908789701992646e-05, 1.0, 0.9999173879623413, 0.01285178679972887, 0.00012445695756468922, 1.0, 0.9999412298202515, -0.010838779620826244, -2.986411527672317e-05, 1.0, 0.9996688365936279, -0.025729293003678322, -0.0005617818678729236, 1.0, 0.9995402693748474, -0.03031783550977707, -4.54714463558048e-05, 1.0, 0.999363899230957, -0.03566329553723335, -3.517506047501229e-05, 1.0, 0.999478280544281, -0.03229844197630882, -2.275418046338018e-05, 1.0, 0.9998568296432495, -0.016916343942284584, -6.722813850501552e-05, 1.0, 0.9999493956565857, -0.010054830461740494, 1.0977647434629034e-05, 1.0, 0.9999222159385681, -0.012468375265598297, 1.8240541521663545e-06, 1.0, 0.9996294379234314, -0.02722008153796196, 1.1317880534988944e-06, 1.0, 0.9996146559715271, -0.027761412784457207, -3.423890666454099e-05, 1.0, 0.9996487498283386, -0.02650211565196514, -0.00010743108578026295, 1.0, 0.999933123588562, -0.011563610285520554, -0.00029945207643322647, 1.0, 0.9999644160270691, 0.00842969212681055, -3.8361569750122726e-05, 1.0, 0.999954342842102, 0.00956195779144764, 9.449545905226842e-05, 1.0, 0.9996365904808044, 0.026954464614391327, 0.0002262690686620772, 1.0, 0.999532163143158, 0.030584698542952538, 2.681665137060918e-05, 1.0, 0.9996839761734009, 0.025140611454844475, -6.009074695612071e-06, 1.0, 0.9998765587806702, 0.015710584819316864, -2.256033667435986e-06, 1.0, 0.999950110912323, 0.009989704005420208, 3.9704962546238676e-05, 1.0, 0.9998323321342468, 0.018309786915779114, -5.649044851452345e-06, 1.0, 0.9995123147964478, 0.031225914135575294, -6.765772559447214e-05, 1.0, 0.99924236536026, 0.03891915827989578, -1.3895408301323187e-05, 1.0, 0.9993258118629456, 0.0367133729159832, -1.4493467460852116e-05, 1.0, 0.9995695352554321, 0.029333483427762985, 0.000515033258125186, 1.0, 0.99983149766922, 0.018358519300818443, 5.021670222049579e-05, 1.0, 0.9999549984931946, 0.009489640593528748, -3.206945984857157e-05, 1.0, 0.9999743700027466, -0.007163059897720814, 0.0001283611636608839, 1.0, 0.9998818635940552, -0.01537044532597065, 2.5299244953203015e-05, 1.0, 0.999998927116394, 0.0014379076892510056, 1.6185165804927237e-05, 1.0, 0.9999596476554871, 0.008988488465547562, -4.710094799520448e-05, 1.0, 0.9999619126319885, 0.008722463622689247, -0.000210345970117487, 1.0, 0.9999991655349731, 0.0013068743282929063, -0.0001059050700860098, 1.0, 0.9998065829277039, -0.019667575135827065, -0.00012701393279712647, 1.0, 0.9993253350257874, -0.03672653064131737, -8.552803774364293e-05, 1.0, 0.9994717240333557, -0.032501813024282455, 4.0779435948934406e-05, 1.0, 0.999221682548523, -0.039446812123060226, -1.6430014511570334e-05, 1.0]
            u0 (float, 194):  [0.5, 0.5, 0.6510133743286133, 0.5, 0.6627892255783081, 0.4676191806793213, 0.6404764652252197, 0.44181275367736816, 0.6349503993988037, 0.4098290205001831, 0.6160189509391785, 0.38398104906082153, 0.5902460217475891, 0.3649372458457947, 0.5591989159584045, 0.35708123445510864, 0.5303479433059692, 0.3474305272102356, 0.5, 0.3380010724067688, 0.4675682485103607, 0.33695465326309204, 0.4384000301361084, 0.3512845039367676, 0.4117501974105835, 0.3679248094558716, 0.3895573318004608, 0.3895573019981384, 0.36987513303756714, 0.41305333375930786, 0.35037699341773987, 0.43802410364151, 0.34611228108406067, 0.4693898558616638, 0.34126558899879456, 0.5, 0.3426649570465088, 0.531295895576477, 0.3517683744430542, 0.5613995492458344, 0.37515026330947876, 0.5834219455718994, 0.3914920389652252, 0.6085079610347748, 0.410153865814209, 0.6344642639160156, 0.4390143156051636, 0.6472324728965759, 0.46800175309181213, 0.660865992307663, 0.5, 0.6503548920154572, 0.5299410820007324, 0.6505239307880402, 0.5605304837226868, 0.646133542060852, 0.5902446508407593, 0.6350606679916382, 0.6080710291862488, 0.6080710291862488, 0.6353156566619873, 0.5904150009155273, 0.6446619033813477, 0.5599209368228912, 0.6517853140830994, 0.5301919877529144, 0.8392029404640198, 0.5, 0.7833905816078186, 0.4436300992965698, 0.82008957862854, 0.36741453409194946, 0.7520143389701843, 0.3316093683242798, 0.7168676853179932, 0.28313231468200684, 0.6642370223999023, 0.2542019486427307, 0.6201823353767395, 0.20985424518585205, 0.5663492679595947, 0.16643977165222168, 0.5, 0.20312947034835815, 0.4375636577606201, 0.18611127138137817, 0.38055694103240967, 0.2116389274597168, 0.33194899559020996, 0.24849390983581543, 0.2945522367954254, 0.2945522665977478, 0.22557491064071655, 0.31663501262664795, 0.21325312554836273, 0.3812255859375, 0.19186727702617645, 0.4387086033821106, 0.1765764057636261, 0.5, 0.21662062406539917, 0.5563676655292511, 0.18737146258354187, 0.6294949650764465, 0.21441228687763214, 0.6908236145973206, 0.2884453237056732, 0.7115546762943268, 0.312067449092865, 0.7812609225511551, 0.3736705482006073, 0.8049862533807755, 0.4410356879234314, 0.7964335978031158, 0.5, 0.8002645969390869, 0.5560547113418579, 0.7818059623241425, 0.6187488436698914, 0.7866850197315216, 0.6738284826278687, 0.760152742266655, 0.7229954600334167, 0.7229954302310944, 0.7619078755378723, 0.6750012636184692, 0.7953319549560547, 0.622330516576767, 0.7845960259437561, 0.5566096603870392, 0.9228419661521912, 0.5, 0.9650830626487732, 0.40748924016952515, 0.9257966876029968, 0.3236292600631714, 0.8451749682426453, 0.2693614363670349, 0.8046614527702332, 0.19533854722976685, 0.7992600202560425, 0.05212569236755371, 0.6955556273460388, 0.02788698673248291, 0.597534716129303, 0.009659767150878906, 0.5, 0.05709564685821533, 0.4116978645324707, 0.056075215339660645, 0.30997198820114136, 0.041231751441955566, 0.23632560670375824, 0.10538339614868164, 0.15586704015731812, 0.15586704015731812, 0.17254367470741272, 0.28120070695877075, 0.040144097059965134, 0.3095214366912842, 0.08897531032562256, 0.41824209690093994, 0.06136643514037132, 0.5, 0.039181098341941833, 0.591662585735321, 0.006591296289116144, 0.7043765783309937, 0.12532059848308563, 0.7503527700901031, 0.15525418519973755, 0.8447458148002625, 0.2664434015750885, 0.8495421707630157, 0.29619237780570984, 0.9920351039618254, 0.4168144166469574, 0.918202169239521, 0.5, 0.9713856931775808, 0.5961517691612244, 0.983387554064393, 0.6896858215332031, 0.9579421356320381, 0.753752589225769, 0.8797675967216492, 0.8448535203933716, 0.8448535352945328, 0.8242267370223999, 0.7166413962841034, 0.9985195994377136, 0.7064935863018036, 0.964963436126709, 0.5924869775772095]
            tri (int, 480):  [0, 2, 1, 0, 3, 2, 0, 4, 3, 0, 5, 4, 0, 6, 5, 0, 7, 6, 0, 8, 7, 0, 9, 8, 0, 10, 9, 0, 11, 10, 0, 12, 11, 0, 13, 12, 0, 14, 13, 0, 15, 14, 0, 16, 15, 0, 17, 16, 0, 18, 17, 0, 19, 18, 0, 20, 19, 0, 21, 20, 0, 22, 21, 0, 23, 22, 0, 24, 23, 0, 25, 24, 0, 26, 25, 0, 27, 26, 0, 28, 27, 0, 29, 28, 0, 30, 29, 0, 31, 30, 0, 32, 31, 0, 1, 32, 1, 34, 33, 1, 2, 34, 2, 35, 34, 2, 3, 35, 3, 36, 35, 3, 4, 36, 4, 37, 36, 4, 5, 37, 5, 38, 37, 5, 6, 38, 6, 39, 38, 6, 7, 39, 7, 40, 39, 7, 8, 40, 8, 41, 40, 8, 9, 41, 9, 42, 41, 9, 10, 42, 10, 43, 42, 10, 11, 43, 11, 44, 43, 11, 12, 44, 12, 45, 44, 12, 13, 45, 13, 46, 45, 13, 14, 46, 14, 47, 46, 14, 15, 47, 15, 48, 47, 15, 16, 48, 16, 49, 48, 16, 17, 49, 17, 50, 49, 17, 18, 50, 18, 51, 50, 18, 19, 51, 19, 52, 51, 19, 20, 52, 20, 53, 52, 20, 21, 53, 21, 54, 53, 21, 22, 54, 22, 55, 54, 22, 23, 55, 23, 56, 55, 23, 24, 56, 24, 57, 56, 24, 25, 57, 25, 58, 57, 25, 26, 58, 26, 59, 58, 26, 27, 59, 27, 60, 59, 27, 28, 60, 28, 61, 60, 28, 29, 61, 29, 62, 61, 29, 30, 62, 30, 63, 62, 30, 31, 63, 31, 64, 63, 31, 32, 64, 32, 33, 64, 33, 32, 1, 33, 66, 65, 33, 34, 66, 34, 67, 66, 34, 35, 67, 35, 68, 67, 35, 36, 68, 36, 69, 68, 36, 37, 69, 37, 70, 69, 37, 38, 70, 38, 71, 70, 38, 39, 71, 39, 72, 71, 39, 40, 72, 40, 73, 72, 40, 41, 73, 41, 74, 73, 41, 42, 74, 42, 75, 74, 42, 43, 75, 43, 76, 75, 43, 44, 76, 44, 77, 76, 44, 45, 77, 45, 78, 77, 45, 46, 78, 46, 79, 78, 46, 47, 79, 47, 80, 79, 47, 48, 80, 48, 81, 80, 48, 49, 81, 49, 82, 81, 49, 50, 82, 50, 83, 82, 50, 51, 83, 51, 84, 83, 51, 52, 84, 52, 85, 84, 52, 53, 85, 53, 86, 85, 53, 54, 86, 54, 87, 86, 54, 55, 87, 55, 88, 87, 55, 56, 88, 56, 89, 88, 56, 57, 89, 57, 90, 89, 57, 58, 90, 58, 91, 90, 58, 59, 91, 59, 92, 91, 59, 60, 92, 60, 93, 92, 60, 61, 93, 61, 94, 93, 61, 62, 94, 62, 95, 94, 62, 63, 95, 63, 96, 95, 63, 64, 96, 64, 65, 96, 65, 64, 33]
            boundingsphere (float, 4):  [0.052744388580322266, 0.24070225656032562, -0.017490863800048828, 11.104072079433088]
            aabb:
                min (float, 3):  [-10.183955192565918, 0.07820450514554977, -10.155604362487793]
                max (float, 3):  [10.289443969726562, 0.4032000005245209, 10.120622634887695]
            material:
                shader (str, 1):  ['PdxMeshAdvanced']
                diff (str, 1):  ['air_winter_desert_arid_plateau_phase_4_diff.dds']
                spec (str, 1):  ['air_winter_desert_arid_plateau_spec.dds']
                n (str, 1):  ['air_winter_desert_arid_plateau_n.dds']
locator:
