pdxasset (int, 2):  [1, 0]
object:
    air_winter_equatorial_rainforest_frozen_water:
        mesh:
            p (float, 291):  [0.0, 0.41600000858306885, 0.0, 2.4145219326019287, 0.2614021301269531, 0.0, 2.5011303424835205, 0.31271594762802124, 0.497505784034729, 2.394186019897461, 0.35590124130249023, 0.9917043447494507, 1.9919148683547974, 0.3764019012451172, 1.330954909324646, 1.7915529012680054, 0.36730799078941345, 1.7915529012680054, 1.459058165550232, 0.3316847085952759, 2.1836349964141846, 0.9466298222541809, 0.28153926134109497, 2.2853665351867676, 0.4659856855869293, 0.23377370834350586, 2.342668294906616, 1.6210458311037676e-16, 0.20448794960975647, 2.647368907928467, -0.4861888587474823, 0.20355306565761566, 2.4442365169525146, -0.9940349459648132, 0.23128417134284973, 2.399812698364258, -1.4296479225158691, 0.27833420038223267, 2.1396193504333496, -1.764680027961731, 0.3288443982601166, 1.764680027961731, -2.2024457454681396, 0.36578983068466187, 1.4716272354125977, -2.436659097671509, 0.37671756744384766, 1.009297251701355, -2.3520264625549316, 0.3579443395137787, 0.46784713864326477, -2.3881845474243164, 0.3157978653907776, 2.924682476487339e-16, -2.579662322998047, 0.2644840478897095, -0.5131267309188843, -2.3101298809051514, 0.22129876911640167, -0.9568871259689331, -1.9844249486923218, 0.20079810917377472, -1.3259503841400146, -1.8671882152557373, 0.20989200472831726, -1.8671882152557373, -1.4321538209915161, 0.24551530182361603, -2.143369674682617, -0.9919951558113098, 0.29566073417663574, -2.394888162612915, -0.4743373692035675, 0.34342628717422485, -2.384654998779297, -4.662076753225958e-16, 0.37271204590797424, -2.537916421890259, 0.4756697416305542, 0.37364694476127625, -2.3913533687591553, 1.0033382177352905, 0.345915824174881, -2.4222726821899414, 1.3808279037475586, 0.29886579513549805, -2.0665550231933594, 1.8081351518630981, 0.24835558235645294, -1.8081351518630981, 2.0809202194213867, 0.21141017973423004, -1.3904263973236084, 2.451857089996338, 0.20048242807388306, -1.0155924558639526, 2.5720746517181396, 0.21925565600395203, -0.5116174221038818, 5.0251078605651855, 0.17300213873386383, 0.0, 5.393803596496582, 0.22431595623493195, 1.0728943347930908, 4.4860968589782715, 0.26750123500823975, 1.8582022190093994, 4.3307294845581055, 0.2880018949508667, 2.8937010765075684, 3.251357316970825, 0.27890798449516296, 3.251357316970825, 2.592439889907837, 0.2432847023010254, 3.8798606395721436, 1.7875076532363892, 0.19313925504684448, 4.315424919128418, 0.9704540371894836, 0.14537370204925537, 4.8788018226623535, 2.9861021589817286e-16, 0.11608795076608658, 4.876675128936768, -0.9021638035774231, 0.11515306681394577, 4.535483360290527, -2.0827412605285645, 0.14288416504859924, 5.028182506561279, -2.7457051277160645, 0.18993419408798218, 4.109238147735596, -3.1858038902282715, 0.24044440686702728, 3.1858038902282715, -4.437220573425293, 0.2773898243904114, 2.964855909347534, -4.573978424072266, 0.28831756114959717, 1.8946038484573364, -4.471048355102539, 0.2695443332195282, 0.8893468379974365, -4.623053550720215, 0.2273978590965271, 5.661607924117146e-16, -4.867949485778809, 0.17608404159545898, -0.9682953357696533, -4.819493293762207, 0.13289876282215118, -1.9962995052337646, -4.147943496704102, 0.11239810287952423, -2.7715673446655273, -3.928629159927368, 0.12149201333522797, -3.928629159927368, -2.8543622493743896, 0.15711529552936554, -4.271854877471924, -2.0354490280151367, 0.20726074278354645, -4.914008617401123, -0.9466664791107178, 0.25502628087997437, -4.759213924407959, -9.308431516159691e-16, 0.28431203961372375, -5.06727409362793, 0.8999412655830383, 0.28524693846702576, -4.524310111999512, 1.8444823026657104, 0.2575158178806305, -4.452974319458008, 2.544020652770996, 0.21046580374240875, -3.8073956966400146, 3.767120599746704, 0.15995559096336365, -3.767120599746704, 4.467888355255127, 0.12301018089056015, -2.9853477478027344, 4.5612359046936035, 0.11208242923021317, -1.8893258571624756, 4.9207763671875, 0.13085566461086273, -0.978803277015686, 8.263022422790527, 0.10220075398683548, 0.0, 7.276174068450928, 0.12031151354312897, 1.4473210573196411, 6.9041619300842285, 0.13555337488651276, 2.859797477722168, 7.020456314086914, 0.14278890192508698, 4.690918922424316, 5.831988334655762, 0.13957929611206055, 5.831988334655762, 3.7522432804107666, 0.12700636684894562, 5.615628719329834, 2.493006944656372, 0.10930797457695007, 6.018651008605957, 1.412074327468872, 0.09244954586029053, 7.098977088928223, 4.308018834158232e-16, 0.08211339265108109, 7.035528659820557, -1.4932403564453125, 0.08178343623876572, 7.507026195526123, -2.878103256225586, 0.0915708839893341, 6.948355674743652, -4.277309894561768, 0.10817677527666092, 6.401446342468262, -4.7182722091674805, 0.1260039061307907, 4.7182722091674805, -5.5661396980285645, 0.13904346525669098, 3.7191755771636963, -7.232149124145508, 0.14290031790733337, 2.9956541061401367, -8.101401329040527, 0.13627447187900543, 1.6114689111709595, -8.340508460998535, 0.12139924615621567, 1.0214176552152923e-15, -7.289381504058838, 0.10328848659992218, -1.4499481916427612, -6.643635272979736, 0.08804662525653839, -2.7518839836120605, -6.818547248840332, 0.08081109821796417, -4.556007385253906, -4.824647426605225, 0.0840207114815712, -4.824647426605225, -3.7089149951934814, 0.09659363329410553, -5.550783634185791, -2.7359163761138916, 0.11429202556610107, -6.605086326599121, -1.3221089839935303, 0.13115045428276062, -6.646690368652344, -1.2028823939450278e-15, 0.14148660004138947, -6.548186779022217, 1.2714534997940063, 0.14181657135486603, -6.392028331756592, 3.1550047397613525, 0.13202911615371704, -7.616855144500732, 4.420283317565918, 0.11542322486639023, -6.615421772003174, 5.564525127410889, 0.09759608656167984, -5.564525127410889, 5.158684253692627, 0.08455653488636017, -3.446922540664673, 7.922435760498047, 0.08069968223571777, -3.2815804481506348, 7.233005046844482, 0.08732552826404572, -1.4387341737747192]
            n (float, 291):  [-0.00022475491277873516, 1.0, 0.00010423796629766002, 0.05165303498506546, 0.9955931305885315, -0.07827073335647583, 0.04967811703681946, 0.9961657524108887, -0.07201271504163742, 0.045696258544921875, 0.9984192252159119, -0.032724570482969284, 0.023632830008864403, 0.9996951222419739, 0.00715204793959856, -0.005901838652789593, 0.9988198280334473, 0.048209838569164276, -0.03871597722172737, 0.9967557191848755, 0.07056234776973724, -0.06459903717041016, 0.9949803948402405, 0.07642599195241928, -0.043684788048267365, 0.9966063499450684, 0.06976711750030518, -0.024517139419913292, 0.998261570930481, 0.0535975843667984, 0.00956767238676548, 0.9975893497467041, 0.06873089075088501, 0.042143337428569794, 0.9965570569038391, 0.07139972597360611, 0.03398866206407547, 0.9965046644210815, 0.07631079107522964, 0.028613200411200523, 0.9962936043739319, 0.08111928403377533, 0.0024703938979655504, 0.9986011981964111, 0.052816033363342285, -0.0312456376850605, 0.9994997382164001, -0.004897354170680046, -0.04181743413209915, 0.9977191090583801, -0.052989836782217026, -0.04116741567850113, 0.996528148651123, -0.07236669957637787, -0.030030403286218643, 0.9966797232627869, -0.07568123936653137, -0.026187779381871223, 0.9965096712112427, -0.07926382124423981, -0.05557498335838318, 0.9977370500564575, -0.0378427729010582, -0.06498872488737106, 0.9978755116462708, -0.0045678759925067425, -0.08286778628826141, 0.9965492486953735, -0.004743002355098724, -0.0822886973619461, 0.9965785145759583, -0.007733343634754419, -0.06834227591753006, 0.9974783658981323, -0.019134940579533577, -0.023119771853089333, 0.9993680119514465, -0.02699955180287361, 0.02800525538623333, 0.9993743300437927, -0.021603796631097794, 0.0694454237818718, 0.9975523352622986, -0.00816517136991024, 0.09202779084444046, 0.9957131147384644, 0.009290989488363266, 0.0794294998049736, 0.9967583417892456, 0.012800869531929493, 0.06968124210834503, 0.9975660443305969, -0.002544976072385907, 0.04859147593379021, 0.9984006881713867, -0.02889455109834671, 0.044294774532318115, 0.9977129101753235, -0.05105803161859512, 0.030991563573479652, 0.9983482360839844, -0.04837622866034508, 0.04393715783953667, 0.9987903237342834, -0.022077953442931175, 0.0496072955429554, 0.9986611604690552, -0.014661789871752262, 0.03645184263586998, 0.9992163181304932, 0.015427185222506523, 0.0040007964707911015, 0.9986016750335693, 0.052714310586452484, -0.01679399237036705, 0.9977127909660339, 0.06547565013170242, -0.027208635583519936, 0.9980548620223999, 0.056090306490659714, -0.021770190447568893, 0.9991165399551392, 0.035947784781455994, -0.015523137524724007, 0.9995116591453552, 0.027117494493722916, 0.013657636940479279, 0.9992905259132385, 0.035098157823085785, 0.017739111557602882, 0.9992321729660034, 0.034932833164930344, 0.005491554271429777, 0.9989562630653381, 0.04534609615802765, 0.003889881307259202, 0.9976500272750854, 0.0684046521782875, -0.027293043211102486, 0.9976375699043274, 0.06304262578487396, -0.04123558849096298, 0.999055802822113, 0.013675279915332794, -0.043880853801965714, 0.9986857175827026, -0.02647973597049713, -0.034790389239788055, 0.99849933385849, -0.04229457676410675, -0.023308364674448967, 0.9986395835876465, -0.04664359986782074, -0.01462747622281313, 0.9992923140525818, -0.03465266525745392, -0.021616991609334946, 0.9996256232261658, -0.016774512827396393, -0.029517848044633865, 0.9995155334472656, -0.00986675638705492, -0.054671015590429306, 0.9984644055366516, -0.008940725587308407, -0.05028476193547249, 0.9983822703361511, -0.026539258658885956, -0.041482243686914444, 0.9982549548149109, -0.04202521592378616, -0.006113676819950342, 0.9980122447013855, -0.06272280216217041, 0.01829683780670166, 0.9986560940742493, -0.04848887771368027, 0.03506678715348244, 0.9990098476409912, -0.027379421517252922, 0.05958664417266846, 0.9982176423072815, -0.0033190122339874506, 0.0464080385863781, 0.9989116787910461, 0.004665844142436981, 0.03696633130311966, 0.9993117451667786, 0.0030977053102105856, 0.024102455005049706, 0.9996242523193359, -0.013051369227468967, 0.021211326122283936, 0.9992707967758179, -0.03174600377678871, 0.026815736666321754, 0.9993194341659546, -0.025328144431114197, 0.04323192685842514, 0.9990271329879761, -0.00870755035430193, 0.05666511133313179, 0.9983876943588257, -0.0033082810696214437, 0.03631601110100746, 0.9991374611854553, 0.020133906975388527, 0.012306408025324345, 0.998790979385376, 0.047592904418706894, -0.007623764220625162, 0.9978926777839661, 0.06443604081869125, -0.005122125614434481, 0.9988427758216858, 0.0478210374712944, -0.011212928220629692, 0.9995564222335815, 0.027589717879891396, -0.007864916697144508, 0.999823808670044, 0.01704580709338188, 0.008021899498999119, 0.9998103976249695, 0.01774454303085804, 0.010018210858106613, 0.9995531439781189, 0.028163108974695206, -0.004735628608614206, 0.9993962645530701, 0.03441936522722244, -0.022848976776003838, 0.9982911944389343, 0.05378350615501404, -0.03791982680559158, 0.9970645308494568, 0.06651574373245239, -0.044618941843509674, 0.9988059997558594, 0.019896643236279488, -0.0382661446928978, 0.9992333054542542, -0.008274360559880733, -0.031026462092995644, 0.9991958737373352, -0.025394590571522713, -0.02323685772716999, 0.9991264343261719, -0.03473379835486412, -0.013801084831357002, 0.9996920228004456, -0.020624008029699326, -0.010787749662995338, 0.9998767375946045, -0.01140805147588253, -0.0193942803889513, 0.9997196197509766, -0.013585635460913181, -0.04561421275138855, 0.9987488985061646, -0.02049248293042183, -0.0401480533182621, 0.9984768629074097, -0.03784135729074478, -0.02382657676935196, 0.99771648645401, -0.0631994903087616, -0.0008636620477773249, 0.9968681335449219, -0.07907688617706299, 0.004091111943125725, 0.9977668523788452, -0.06666786968708038, 0.02672489918768406, 0.9992712736129761, -0.02725374698638916, 0.03859041631221771, 0.9991939663887024, -0.01105793658643961, 0.037873126566410065, 0.9992794990539551, -0.002491889987140894, 0.030632639303803444, 0.9995301365852356, -0.001087997923605144, 0.010780519805848598, 0.9998929500579834, -0.009894542396068573, 0.01415681280195713, 0.9997077584266663, -0.019593458622694016]
            ta (float, 388):  [0.9999999403953552, 0.00022475516016129404, 5.099043676182191e-08, 1.0, 0.9986570477485657, -0.051807701587677, 5.467726805363782e-05, 1.0, 0.9987579584121704, -0.04982329532504082, -0.00022001631441526115, 1.0, 0.9989538788795471, -0.04572853073477745, -0.0002378636272624135, 1.0, 0.9997206926345825, -0.023633532226085663, 1.3941551515017636e-05, 1.0, 0.9999825358390808, 0.005902281496673822, 0.00013317055709194392, 1.0, 0.9992445111274719, 0.03885621577501297, -0.0006155043374747038, 1.0, 0.997890293598175, 0.06490457057952881, -0.0015181320486590266, 1.0, 0.9990391731262207, 0.04382430389523506, -0.00046963448403403163, 1.0, 0.9996984601020813, 0.024555353447794914, -5.448927913676016e-05, 1.0, 0.9999539852142334, -0.009592654183506966, 3.3418236853322014e-05, 1.0, 0.9991056323051453, -0.04228179156780243, 0.00042819001828320324, 1.0, 0.999416172504425, -0.03415403515100479, 0.0008627489442005754, 1.0, 0.9995865225791931, -0.028750034049153328, 0.000519025488756597, 1.0, 0.9999969005584717, -0.002479472430422902, 0.00010635692888172343, 1.0, 0.9995116591453552, 0.031245987862348557, -4.317035291023785e-06, 1.0, 0.9991224408149719, 0.041885439306497574, 0.00017296860460191965, 1.0, 0.9991470575332642, 0.0412931814789772, 0.0002419677039142698, 1.0, 0.9995461106300354, 0.030124932527542114, 0.00010751061199698597, 1.0, 0.9996551871299744, 0.026256514713168144, -0.00017507541633676738, 1.0, 0.9984524846076965, 0.055611878633499146, -7.782375178067014e-05, 1.0, 0.9978859424591064, 0.06498952955007553, 2.66725110122934e-05, 1.0, 0.9965603947639465, 0.08286900073289871, 5.962552677374333e-05, 1.0, 0.996608316898346, 0.0822918489575386, 8.825326221995056e-05, 1.0, 0.997660756111145, 0.06835899502038956, 0.00022010078828316182, 1.0, 0.999732494354248, 0.023131834343075752, 0.00013431372644845396, 1.0, 0.9996075630187988, -0.028012244030833244, -2.087987377308309e-05, 1.0, 0.9975855946540833, -0.06944815069437027, -5.0202987040393054e-05, 1.0, 0.9957559108734131, -0.09203305840492249, 0.00013934198068454862, 1.0, 0.9968398809432983, -0.07943779975175858, 0.00014057164662517607, 1.0, 0.9975693225860596, -0.06968148797750473, -7.0839359977981076e-06, 1.0, 0.9988178610801697, -0.048610150814056396, 5.6452063290635124e-05, 1.0, 0.9990159273147583, -0.04435277357697487, -2.956832531708642e-06, 1.0, 0.9995183348655701, -0.03103177435696125, -8.023366535780951e-05, 1.0, 0.9990335702896118, -0.04395275190472603, -0.00022140292276162654, 1.0, 0.9987685680389404, -0.04961210489273071, 3.569386899471283e-05, 1.0, 0.9993352890014648, -0.03645527735352516, -5.858351869392209e-05, 1.0, 0.9999919533729553, -0.004002911038696766, -6.546481017721817e-05, 1.0, 0.9998587369918823, 0.01679636351764202, 0.0005142972804605961, 1.0, 0.9996283650398254, 0.027261357754468918, -0.00017488592129666358, 1.0, 0.9997626543045044, 0.021784204989671707, 1.7453603504691273e-06, 1.0, 0.9998793005943298, 0.015532391145825386, -0.00013059648335911334, 1.0, 0.9999065399169922, -0.01366819441318512, 6.088043301133439e-05, 1.0, 0.9998424053192139, -0.017751606181263924, 4.744418401969597e-05, 1.0, 0.9999849200248718, -0.005493581295013428, -7.992069004103541e-05, 1.0, 0.999992311000824, -0.003922627307474613, 0.00034438184229657054, 1.0, 0.9996236562728882, 0.02741338685154915, -0.001044624950736761, 1.0, 0.9991491436958313, 0.041241519153118134, -0.00015178784087765962, 1.0, 0.9990359544754028, 0.04389894753694534, 0.0001023186050588265, 1.0, 0.9993936419487, 0.03482000529766083, -3.642636875156313e-05, 1.0, 0.9997278451919556, 0.023326450958848, -0.00015657959738746285, 1.0, 0.9998928904533386, 0.014633258804678917, -8.673460251884535e-05, 1.0, 0.9997662305831909, 0.021620653569698334, 3.686987474793568e-05, 1.0, 0.9995641708374023, 0.029520083218812943, 8.096049714367837e-05, 1.0, 0.9985042810440063, 0.054673124104738235, -8.328252079081722e-06, 1.0, 0.9987341165542603, 0.05030033364892006, -8.087634341791272e-05, 1.0, 0.9991377592086792, 0.041518814861774445, -2.6275192794855684e-06, 1.0, 0.9999809265136719, 0.006155768409371376, 0.0004778314905706793, 1.0, 0.9998313784599304, -0.018347933888435364, -0.000608822621870786, 1.0, 0.999384343624115, -0.035084761679172516, -0.00017606942856218666, 1.0, 0.998223066329956, -0.05958696827292442, 1.11964459392766e-06, 1.0, 0.9989224672317505, -0.04640849307179451, -9.382798452861607e-06, 1.0, 0.9993165135383606, -0.03696666285395622, 4.929973147227429e-05, 1.0, 0.9997094869613647, -0.02410505898296833, -4.184727731626481e-05, 1.0, 0.9997748136520386, -0.021220838651061058, 3.7288737075868994e-05, 1.0, 0.9996402859687805, -0.026821160688996315, 0.00012570717080961913, 1.0, 0.9990649819374084, -0.04323340207338333, 1.8407212337478995e-05, 1.0, 0.998393177986145, -0.05666542798280716, -4.903454282612074e-07, 1.0, 0.9993399977684021, -0.03632574528455734, 0.00011771410936489701, 1.0, 0.9999240636825562, -0.012324928306043148, 9.568009409122169e-05, 1.0, 0.9999709129333496, 0.007624694146215916, 0.0002314889570698142, 1.0, 0.9999868869781494, 0.0051199281588196754, 0.00016844172205310315, 1.0, 0.9999370574951172, 0.011210133321583271, 0.0002559145214036107, 1.0, 0.9999691247940063, 0.007865426130592823, 3.71548994735349e-05, 1.0, 0.9999678134918213, -0.008022425696253777, -4.146395804127678e-05, 1.0, 0.9999497532844543, -0.010013478808104992, -0.00030906585743650794, 1.0, 0.9999887347221375, 0.004741932265460491, -0.00010153375478694215, 1.0, 0.9997377395629883, 0.02289976179599762, -0.0003280826495029032, 1.0, 0.9992738366127014, 0.038083478808403015, -0.0011935615912079811, 1.0, 0.9990038275718689, 0.044623807072639465, 0.0001997067010961473, 1.0, 0.9992675185203552, 0.03826703131198883, -5.115027306601405e-05, 1.0, 0.9995183348655701, 0.031034840270876884, -6.436539115384221e-05, 1.0, 0.999729573726654, 0.023254789412021637, 0.00011237421131227165, 1.0, 0.9999046921730042, 0.01380440965294838, 1.880145282484591e-05, 1.0, 0.9999418258666992, 0.010787943378090858, -4.458287003217265e-05, 1.0, 0.9998119473457336, 0.019395427778363228, -4.728464409708977e-05, 1.0, 0.9989586472511292, 0.045623499900102615, -1.414598500559805e-05, 1.0, 0.999193012714386, 0.040166422724723816, -0.00027500439318828285, 1.0, 0.9997158050537109, 0.023831671103835106, -0.0006733167101629078, 1.0, 0.9999995231628418, 0.0008952015778049827, 0.00036340008955448866, 1.0, 0.9999916553497314, -0.004079671576619148, 0.00030772676109336317, 1.0, 0.9996427893638611, -0.026725318282842636, 0.0003489537048153579, 1.0, 0.9992550015449524, -0.03859220817685127, 5.1253016863483936e-05, 1.0, 0.9992825984954834, -0.03787321224808693, 1.48933859236422e-05, 1.0, 0.9995307326316833, -0.030632659792900085, -3.1620525078324135e-06, 1.0, 0.999941885471344, -0.010780660435557365, 3.899297007592395e-05, 1.0, 0.999899685382843, -0.014159726910293102, -9.994722859119065e-06, 1.0]
            u0 (float, 194):  [0.5, 0.5, 0.6517612934112549, 0.5, 0.6572049260139465, 0.46872997283935547, 0.6504830718040466, 0.4376678466796875, 0.6251989006996155, 0.4163447618484497, 0.6126054525375366, 0.3873945474624634, 0.5917069911956787, 0.362750768661499, 0.5594990253448486, 0.3563566207885742, 0.5292888283729553, 0.35275501012802124, 0.5, 0.3336034417152405, 0.469441294670105, 0.346371054649353, 0.437521368265152, 0.3491632342338562, 0.41014155745506287, 0.3655173182487488, 0.389083594083786, 0.3890835642814636, 0.3615684509277344, 0.40750300884246826, 0.3468473255634308, 0.43656206130981445, 0.3521667718887329, 0.4705941677093506, 0.34989413619041443, 0.5, 0.33785906434059143, 0.5322518348693848, 0.35480013489723206, 0.5601437389850616, 0.37527185678482056, 0.5833407044410706, 0.3826406002044678, 0.6173593997955322, 0.4099840521812439, 0.6347183883190155, 0.43764957785606384, 0.6505272090435028, 0.4701862037181854, 0.649884045124054, 0.5, 0.6595170497894287, 0.5298975110054016, 0.6503050625324249, 0.563063383102417, 0.6522484421730042, 0.5867899656295776, 0.6298903226852417, 0.6136476993560791, 0.6136477291584015, 0.6307932138442993, 0.5873932242393494, 0.654107928276062, 0.5638335943222046, 0.6616640090942383, 0.5321569740772247, 0.8158458471298218, 0.5, 0.8390197157859802, 0.43256479501724243, 0.7819671034812927, 0.3832054138183594, 0.7722017168998718, 0.3181205987930298, 0.7043593525886536, 0.29564064741134644, 0.6629440784454346, 0.25613701343536377, 0.6123511791229248, 0.22876018285751343, 0.5609964728355408, 0.1933499574661255, 0.5, 0.1934836506843567, 0.44329580664634705, 0.2149287462234497, 0.36909231543540955, 0.18396085500717163, 0.3274226784706116, 0.2417197823524475, 0.2997609078884125, 0.2997608780860901, 0.2211049348115921, 0.3136482834815979, 0.21250922977924347, 0.38091742992401123, 0.21897873282432556, 0.44410139322280884, 0.20942465960979462, 0.5, 0.19403208792209625, 0.560860812664032, 0.19707772135734558, 0.6254745125770569, 0.23928701877593994, 0.6742028594017029, 0.25307172536849976, 0.7469282746315002, 0.3205931782722473, 0.7685012668371201, 0.3720647990703583, 0.8088628798723221, 0.4404986500740051, 0.7991334795951843, 0.5, 0.8184961825609207, 0.5565645098686218, 0.7843689620494843, 0.615932285785675, 0.7798852473497391, 0.6599007248878479, 0.7393083572387695, 0.7367768883705139, 0.7367768883705139, 0.7808226346969604, 0.6876397132873535, 0.7866898775100708, 0.6187508404254913, 0.8092882633209229, 0.5615212619304657, 1.0193603038787842, 0.5, 0.9573333859443665, 0.4090307354927063, 0.9339510798454285, 0.32025158405303955, 0.941260576248169, 0.20515906810760498, 0.8665611743927002, 0.1334388256072998, 0.7358418107032776, 0.1470378041267395, 0.6566943526268005, 0.12170642614364624, 0.588753879070282, 0.053804099559783936, 0.5, 0.05779200792312622, 0.40614452958106995, 0.028156757354736328, 0.3191010057926178, 0.063271164894104, 0.2311558872461319, 0.09764635562896729, 0.2034398317337036, 0.2034398317337036, 0.15014836192131042, 0.2662366032600403, 0.04543374851346016, 0.31171250343322754, -0.009201839566230774, 0.39871346950531006, -0.024230564013123512, 0.5, 0.04183647781610489, 0.5911343991756439, 0.08242391794919968, 0.6729656755924225, 0.07143010199069977, 0.7863612473011017, 0.19675378501415253, 0.8032462149858475, 0.26688152551651, 0.8488864600658417, 0.32803794741630554, 0.9151531308889389, 0.41690075397491455, 0.9177681058645248, 0.5, 0.9115768000483513, 0.5799153447151184, 0.9017616957426071, 0.6983032822608948, 0.9787464067339897, 0.7778305411338806, 0.9158027470111847, 0.8497501611709595, 0.8497501611709595, 0.8242416381835938, 0.7166513204574585, 0.9979532361030579, 0.7062589824199677, 0.9546200633049011, 0.5904295444488525]
            tri (int, 480):  [0, 2, 1, 0, 3, 2, 0, 4, 3, 0, 5, 4, 0, 6, 5, 0, 7, 6, 0, 8, 7, 0, 9, 8, 0, 10, 9, 0, 11, 10, 0, 12, 11, 0, 13, 12, 0, 14, 13, 0, 15, 14, 0, 16, 15, 0, 17, 16, 0, 18, 17, 0, 19, 18, 0, 20, 19, 0, 21, 20, 0, 22, 21, 0, 23, 22, 0, 24, 23, 0, 25, 24, 0, 26, 25, 0, 27, 26, 0, 28, 27, 0, 29, 28, 0, 30, 29, 0, 31, 30, 0, 32, 31, 0, 1, 32, 1, 34, 33, 1, 2, 34, 2, 35, 34, 2, 3, 35, 3, 36, 35, 3, 4, 36, 4, 37, 36, 4, 5, 37, 5, 38, 37, 5, 6, 38, 6, 39, 38, 6, 7, 39, 7, 40, 39, 7, 8, 40, 8, 41, 40, 8, 9, 41, 9, 42, 41, 9, 10, 42, 10, 43, 42, 10, 11, 43, 11, 44, 43, 11, 12, 44, 12, 45, 44, 12, 13, 45, 13, 46, 45, 13, 14, 46, 14, 47, 46, 14, 15, 47, 15, 48, 47, 15, 16, 48, 16, 49, 48, 16, 17, 49, 17, 50, 49, 17, 18, 50, 18, 51, 50, 18, 19, 51, 19, 52, 51, 19, 20, 52, 20, 53, 52, 20, 21, 53, 21, 54, 53, 21, 22, 54, 22, 55, 54, 22, 23, 55, 23, 56, 55, 23, 24, 56, 24, 57, 56, 24, 25, 57, 25, 58, 57, 25, 26, 58, 26, 59, 58, 26, 27, 59, 27, 60, 59, 27, 28, 60, 28, 61, 60, 28, 29, 61, 29, 62, 61, 29, 30, 62, 30, 63, 62, 30, 31, 63, 31, 64, 63, 31, 32, 64, 32, 33, 64, 33, 32, 1, 33, 66, 65, 33, 34, 66, 34, 67, 66, 34, 35, 67, 35, 68, 67, 35, 36, 68, 36, 69, 68, 36, 37, 69, 37, 70, 69, 37, 38, 70, 38, 71, 70, 38, 39, 71, 39, 72, 71, 39, 40, 72, 40, 73, 72, 40, 41, 73, 41, 74, 73, 41, 42, 74, 42, 75, 74, 42, 43, 75, 43, 76, 75, 43, 44, 76, 44, 77, 76, 44, 45, 77, 45, 78, 77, 45, 46, 78, 46, 79, 78, 46, 47, 79, 47, 80, 79, 47, 48, 80, 48, 81, 80, 48, 49, 81, 49, 82, 81, 49, 50, 82, 50, 83, 82, 50, 51, 83, 51, 84, 83, 51, 52, 84, 52, 85, 84, 52, 53, 85, 53, 86, 85, 53, 54, 86, 54, 87, 86, 54, 55, 87, 55, 88, 87, 55, 56, 88, 56, 89, 88, 56, 57, 89, 57, 90, 89, 57, 58, 90, 58, 91, 90, 58, 59, 91, 59, 92, 91, 59, 60, 92, 60, 93, 92, 60, 61, 93, 61, 94, 93, 61, 62, 94, 62, 95, 94, 62, 63, 95, 63, 96, 95, 63, 64, 96, 64, 65, 96, 65, 64, 33]
            boundingsphere (float, 4):  [-0.038743019104003906, 0.2483498454093933, -0.05491447448730469, 8.591847705538948]
            aabb:
                min (float, 3):  [-8.340508460998535, 0.08069968223571777, -7.616855144500732]
                max (float, 3):  [8.263022422790527, 0.41600000858306885, 7.507026195526123]
            material:
                shader (str, 1):  ['PdxMeshAlphaBlend']
                diff (str, 1):  ['air_winter_equatorial_rainforest_frozen_water_diff.dds']
                spec (str, 1):  ['air_winter_equatorial_rainforest_frozen_water_spec.dds']
                n (str, 1):  ['air_winter_equatorial_rainforest_frozen_water_n.dds']
locator:
