pdxasset (int, 2):  [1, 0]
object:
    air_winter_boreal_continental_phase_4:
        mesh:
            p (float, 291):  [0.0, 0.4032000005245209, 0.0, 3.1692306995391846, 0.3335949778556824, 0.0, 3.0615415573120117, 0.36152884364128113, 0.6089785099029541, 2.9810643196105957, 0.36188817024230957, 1.2347972393035889, 2.610915422439575, 0.3345518112182617, 1.7445578575134277, 2.1979434490203857, 0.2887338101863861, 2.1979434490203857, 1.7937513589859009, 0.2398775964975357, 2.6845386028289795, 1.3065052032470703, 0.20445069670677185, 3.1541824340820312, 0.6578200459480286, 0.19439414143562317, 3.307084798812866, 2.056919191942378e-16, 0.21309757232666016, 3.359204053878784, -0.6172972321510315, 0.25425681471824646, 3.103362560272217, -1.25411856174469, 0.3039987087249756, 3.0277099609375, -1.7688356637954712, 0.34555718302726746, 2.647249698638916, -2.2248926162719727, 0.3649245500564575, 2.2248926162719727, -2.5963504314422607, 0.35557278990745544, 1.734825849533081, -2.920806646347046, 0.320654034614563, 1.2098376750946045, -3.3518149852752686, 0.2719380259513855, 0.6667174100875854, -3.3820953369140625, 0.22584500908851624, 4.141872262763117e-16, -3.309267997741699, 0.19791114330291748, -0.6582543253898621, -3.115204334259033, 0.19755183160305023, -1.2903598546981812, -2.6223978996276855, 0.22488819062709808, -1.7522302865982056, -2.259721279144287, 0.2707062065601349, -2.259721279144287, -1.8387093544006348, 0.3195624053478241, -2.7518229484558105, -1.2809407711029053, 0.35498929023742676, -3.0924644470214844, -0.6616162657737732, 0.3650458753108978, -3.326169490814209, -6.246531819799523e-16, 0.34634244441986084, -3.4004533290863037, 0.6078264117240906, 0.30518320202827454, -3.0557496547698975, 1.2636226415634155, 0.2554413080215454, -3.050654888153076, 1.8476308584213257, 0.21388281881809235, -2.7651751041412354, 2.3095080852508545, 0.19451546669006348, -2.3095080852508545, 2.617727279663086, 0.20386721193790436, -1.7491093873977661, 3.006781578063965, 0.23878596723079681, -1.2454497814178467, 3.0566749572753906, 0.2875019609928131, -0.608010470867157, 7.1521382331848145, 0.24791498482227325, 0.0, 6.917374134063721, 0.2758488655090332, 1.3759512901306152, 6.094294548034668, 0.27620816230773926, 2.524339437484741, 5.189302444458008, 0.2488718181848526, 3.467381000518799, 5.031208515167236, 0.2030538022518158, 5.031208515167236, 3.6845030784606934, 0.1541976034641266, 5.514248371124268, 2.7082769870758057, 0.11877070367336273, 6.53835916519165, 1.3710649013519287, 0.10871413350105286, 6.89280891418457, 4.0046097795671696e-16, 0.12741756439208984, 6.540024280548096, -1.249439001083374, 0.16857680678367615, 6.281353950500488, -2.5525193214416504, 0.21831870079040527, 6.162326335906982, -3.571742534637451, 0.25987717509269714, 5.345490455627441, -4.272058010101318, 0.2792445421218872, 4.272058010101318, -5.195112705230713, 0.26989278197288513, 3.4712634086608887, -6.445845127105713, 0.23497404158115387, 2.6699564456939697, -5.759188175201416, 0.18625801801681519, 1.1455737352371216, -5.876445770263672, 0.14016501605510712, 7.196570326187051e-16, -6.580539703369141, 0.11223115026950836, -1.308950662612915, -5.739755630493164, 0.11187183856964111, -2.3774847984313965, -5.469176292419434, 0.13920818269252777, -3.6543867588043213, -4.58678674697876, 0.18502619862556458, -4.58678674697876, -3.501368999481201, 0.23388239741325378, -5.240169048309326, -2.7714593410491943, 0.26930931210517883, -6.690894603729248, -1.1882550716400146, 0.2793658673763275, -5.973762035369873, -1.1761678218215744e-15, 0.2606624364852905, -6.402759075164795, 1.1902436017990112, 0.21950319409370422, -5.983758449554443, 2.5710694789886475, 0.1697613000869751, -6.207110404968262, 3.4482789039611816, 0.12820281088352203, -5.160714149475098, 4.469586372375488, 0.10883545875549316, -4.469586372375488, 5.722713470458984, 0.11818721145391464, -3.8237950801849365, 5.793142318725586, 0.1531059592962265, -2.3995981216430664, 6.485008239746094, 0.201821967959404, -1.2899483442306519, 10.88086986541748, 0.12737469375133514, 0.0, 8.17573070526123, 0.13723371922969818, 1.6262539625167847, 7.586142063140869, 0.13736052811145782, 3.1422829627990723, 7.2679243087768555, 0.1277123987674713, 4.856271743774414, 7.382218837738037, 0.11154134571552277, 7.382218837738037, 5.536640167236328, 0.09429797530174255, 8.28616714477539, 3.3554210662841797, 0.0817943662405014, 8.100703239440918, 1.7684587240219116, 0.07824499160051346, 8.890642166137695, 5.252783236960122e-16, 0.08484619855880737, 8.578445434570312, -1.8475388288497925, 0.0993729904294014, 9.28820514678955, -3.1194920539855957, 0.11692894995212555, 7.531120300292969, -5.6807169914245605, 0.1315966546535492, 8.50179386138916, -7.6751484870910645, 0.13843218982219696, 7.6751484870910645, -9.179930686950684, 0.1351315677165985, 6.133833408355713, -9.556695938110352, 0.12280730903148651, 3.9585132598876953, -10.844406127929688, 0.10561341792345047, 2.1570863723754883, -8.073617935180664, 0.0893452987074852, 9.887330890004722e-16, -8.759923934936523, 0.07948628813028336, -1.7424571514129639, -10.233175277709961, 0.07935947179794312, -4.238719940185547, -8.707115173339844, 0.08900759369134903, -5.81790828704834, -6.587573051452637, 0.10517865419387817, -6.587573051452637, -6.113717555999756, 0.12242202460765839, -9.149825096130371, -3.8198606967926025, 0.13492563366889954, -9.221960067749023, -2.0693612098693848, 0.13847501575946808, -10.40338134765625, -1.6432660464090897e-15, 0.13187380135059357, -8.945523262023926, 1.68214750289917, 0.11734700947999954, -8.45672607421875, 3.6060423851013184, 0.09979104995727539, -8.705756187438965, 4.693587779998779, 0.08512334525585175, -7.024450302124023, 6.523073196411133, 0.07828781008720398, -6.523073196411133, 9.198569297790527, 0.08158842474222183, -6.14628791809082, 8.375505447387695, 0.09391269087791443, -3.469247817993164, 7.891170978546143, 0.11110658198595047, -1.569651484489441]
            n (float, 291):  [0.0005561747821047902, 0.9999998211860657, -0.00011441364040365443, 0.02144388109445572, 0.9985606074333191, -0.04916275292634964, 0.020169977098703384, 0.999704122543335, -0.013599567115306854, 0.009690472856163979, 0.9996078014373779, 0.026275506243109703, -0.007185729686170816, 0.9985827207565308, 0.05273391306400299, -0.02080010063946247, 0.9977881908416748, 0.06313476711511612, -0.01854746975004673, 0.9981662034988403, 0.05762235075235367, -0.006811781320720911, 0.998982846736908, 0.044572941958904266, 0.010546551086008549, 0.9990856051445007, 0.04143274948000908, 0.030942289158701897, 0.9987304210662842, 0.039750225841999054, 0.049570947885513306, 0.9975868463516235, 0.04861235246062279, 0.043846819549798965, 0.9979088306427002, 0.04749036207795143, 0.017797067761421204, 0.9991021156311035, 0.038448356091976166, -0.010281871072947979, 0.9997844099998474, 0.01803857460618019, -0.031509000808000565, 0.9994513988494873, -0.010208025574684143, -0.043313879519701004, 0.998347818851471, -0.037755195051431656, -0.046204548329114914, 0.9974691867828369, -0.054039593786001205, -0.042381152510643005, 0.9980964660644531, -0.044803425669670105, -0.03976235166192055, 0.9988983273506165, -0.024922333657741547, -0.04402979463338852, 0.9990162253379822, -0.0052918437868356705, -0.060183435678482056, 0.9981037974357605, 0.012910999357700348, -0.0687471553683281, 0.9974023103713989, 0.02150568924844265, -0.06223354488611221, 0.9980027079582214, 0.01084472518414259, -0.0336727611720562, 0.9994109869003296, -0.006619482766836882, 0.004109316971153021, 0.9997664093971252, -0.02121777832508087, 0.04066021367907524, 0.9989114999771118, -0.022858427837491035, 0.06586378067731857, 0.9976775646209717, -0.01736392453312874, 0.06285174936056137, 0.9979585409164429, -0.011336391791701317, 0.05747207626700401, 0.9982763528823853, -0.011880923062562943, 0.03746306523680687, 0.9989699125289917, -0.025605814531445503, 0.02190531976521015, 0.9985572695732117, -0.04902607202529907, 0.013857445679605007, 0.9979673027992249, -0.0622037835419178, 0.018202921375632286, 0.9974784255027771, -0.06859622150659561, 0.03454490005970001, 0.9990219473838806, -0.02760162204504013, 0.04994794353842735, 0.9985568523406982, 0.01973669044673443, 0.04180660843849182, 0.9985902309417725, 0.032705843448638916, 0.01765158399939537, 0.9991382360458374, 0.03756595030426979, 0.005120496731251478, 0.9994688630104065, 0.032184433192014694, -0.01439457107335329, 0.9991729259490967, 0.03802945464849472, -0.005093632265925407, 0.9996572136878967, 0.02568110264837742, 0.0038382625207304955, 0.9997759461402893, 0.02081405371427536, 0.01907932572066784, 0.9995250105857849, 0.02420073002576828, 0.026420699432492256, 0.9990781545639038, 0.03383566439151764, 0.018877971917390823, 0.998744010925293, 0.046410731971263885, 0.005162406247109175, 0.9991540908813477, 0.04079839587211609, -0.01681852899491787, 0.9995949268341064, 0.022958382964134216, -0.02911737747490406, 0.9995659589767456, 0.004487263970077038, -0.03288933262228966, 0.9993749260902405, -0.012964646331965923, -0.03569352626800537, 0.9984908103942871, -0.04173748940229416, -0.027675360441207886, 0.9992190599441528, -0.028201213106513023, -0.018250074237585068, 0.9998138546943665, -0.0062659564428031445, -0.02315550297498703, 0.9997314810752869, 0.0008596823900006711, -0.02879924513399601, 0.9995541572570801, 0.007877026684582233, -0.04189515486359596, 0.9990996718406677, 0.006681641563773155, -0.047361019998788834, 0.9988775253295898, -0.0008084340370260179, -0.02128959260880947, 0.9994503259658813, -0.025412285700440407, 0.005335276946425438, 0.99945068359375, -0.03270880877971649, 0.02952527068555355, 0.9989051818847656, -0.036287639290094376, 0.040285516530275345, 0.9988511800765991, -0.025949139147996902, 0.035304874181747437, 0.999272882938385, -0.014397052116692066, 0.03617245703935623, 0.999327540397644, -0.006005512084811926, 0.013991315849125385, 0.9997768998146057, -0.015823163092136383, 0.006702598184347153, 0.999795138835907, -0.019097639247775078, 0.013842033222317696, 0.9992780089378357, -0.03538115322589874, 0.023892508819699287, 0.9984828233718872, -0.04961002990603447, 0.044055044651031494, 0.9989374279975891, -0.013535325415432453, 0.06330965459346771, 0.997201681137085, 0.039759159088134766, 0.06761126220226288, 0.9968579411506653, 0.04126644879579544, 0.0406377799808979, 0.9989054799079895, 0.023162830621004105, 0.009402877651154995, 0.9995834827423096, 0.02728418819606304, -0.006559454370290041, 0.9994738101959229, 0.031764253973960876, -0.0033486271277070045, 0.9997281432151794, 0.023073269054293633, 0.0033575447741895914, 0.9998331665992737, 0.017952943220734596, 0.013392383232712746, 0.9996820092201233, 0.02136780135333538, 0.011021154932677746, 0.9994621872901917, 0.03088374435901642, 0.008665601722896099, 0.9986867904663086, 0.05049387738108635, -0.00415819650515914, 0.9992368817329407, 0.03883790224790573, -0.018023423850536346, 0.9995608329772949, 0.023522328585386276, -0.02748730219900608, 0.999562680721283, 0.010903398506343365, -0.030546821653842926, 0.9995140433311462, -0.006212269421666861, -0.02639385499060154, 0.999423086643219, -0.021375086158514023, -0.021255474537611008, 0.9995155334472656, -0.022734489291906357, -0.012891472317278385, 0.9999169111251831, 1.8319686205359176e-05, -0.012164651416242123, 0.9999194145202637, 0.0036394421476870775, -0.016361281275749207, 0.9998641610145569, 0.0019818784203380346, -0.0324685163795948, 0.99947190284729, -0.001328872749581933, -0.033542752265930176, 0.9993560910224915, -0.012737593613564968, -0.01863078586757183, 0.9993910789489746, -0.02950093522667885, 0.0025855128187686205, 0.9992491602897644, -0.03865846246480942, 0.02527567744255066, 0.9988055229187012, -0.04181784391403198, 0.023929309099912643, 0.9990737438201904, -0.03576429933309555, 0.02632981166243553, 0.9994825720787048, -0.0184746365994215, 0.025283876806497574, 0.9996541142463684, -0.0072396136820316315, 0.004455809015780687, 0.9999115467071533, -0.01253583189100027, 0.005348756909370422, 0.9999114871025085, -0.012186274863779545, 0.015973303467035294, 0.9997775554656982, -0.01377050019800663, 0.03374363109469414, 0.9982336759567261, -0.0488959401845932]
            ta (float, 388):  [0.9999998211860657, -0.000556174898520112, 3.308218055053658e-08, 1.0, 0.9997695088386536, -0.021468767896294594, 2.1815227228216827e-05, 1.0, 0.9997965693473816, -0.020172270014882088, -3.140294211334549e-05, 1.0, 0.9999529719352722, -0.009693632833659649, -7.078758244460914e-06, 1.0, 0.9999738931655884, 0.007213815581053495, -0.0003422516747377813, 1.0, 0.9997822642326355, 0.020865056663751602, -0.0003695968771353364, 1.0, 0.9998267292976379, 0.018607880920171738, -0.0005119857960380614, 1.0, 0.9999766945838928, 0.006826438475400209, -0.00017660386220086366, 1.0, 0.9999442100524902, -0.010557824745774269, 5.329713530954905e-05, 1.0, 0.9995200037956238, -0.030978500843048096, 0.0002951347560156137, 1.0, 0.9987664818763733, -0.04965225234627724, 0.0004654582589864731, 1.0, 0.9990351796150208, -0.04391523450613022, 0.00039756036130711436, 1.0, 0.9998412728309631, -0.017818281427025795, 0.00020916933135595173, 1.0, 0.999947190284729, 0.010283535346388817, 5.354614245334233e-07, 1.0, 0.9995034337043762, 0.031511325389146805, 6.684821710223332e-05, 1.0, 0.9990599155426025, 0.04335026443004608, 0.00014528364408761263, 1.0, 0.998928964138031, 0.046269726008176804, -4.5000590034760535e-05, 1.0, 0.999099612236023, 0.04242470860481262, 2.1404786821221933e-05, 1.0, 0.9992086291313171, 0.03977583721280098, 4.5324424718273804e-05, 1.0, 0.9990301728248596, 0.04403044283390045, 6.6475327002990525e-06, 1.0, 0.9981870651245117, 0.060189139097929, -5.311733184498735e-05, 1.0, 0.9976326823234558, 0.06876824051141739, -0.00024200273037422448, 1.0, 0.9980612397193909, 0.0622384287416935, -0.00011396163608878851, 1.0, 0.9994328022003174, 0.03367370367050171, 3.1222178222378716e-05, 1.0, 0.9999915957450867, -0.004108842462301254, 6.595456216018647e-05, 1.0, 0.9991725087165833, -0.040674254298210144, -0.00014904588169883937, 1.0, 0.9978277683258057, -0.0658767819404602, -0.0001775893324520439, 1.0, 0.9980224967002869, -0.0628567487001419, -8.623788016848266e-05, 1.0, 0.998346745967865, -0.05747699737548828, -7.259316771524027e-05, 1.0, 0.9992974996566772, -0.03747761994600296, -8.840040391078219e-05, 1.0, 0.9997594356536865, -0.021931050345301628, 1.3055405361228622e-05, 1.0, 0.9999038577079773, -0.013864399865269661, 0.0003198402700945735, 1.0, 0.9998337626457214, -0.01822866126894951, 0.00025069783441722393, 1.0, 0.9994025826454163, -0.03456219285726547, -0.00014955564984120429, 1.0, 0.9987509846687317, -0.04996338114142418, 0.0002898488019127399, 1.0, 0.9991248250007629, -0.041828203946352005, -2.387469976383727e-05, 1.0, 0.9998438954353333, -0.01766779273748398, 9.959727321984246e-05, 1.0, 0.9999868869781494, -0.005123097915202379, -1.6509053466506884e-06, 1.0, 0.9998962879180908, 0.014406276866793633, -3.3773892937460914e-05, 1.0, 0.999987006187439, 0.005094753112643957, 2.1792033294332214e-05, 1.0, 0.9999926686286926, -0.0038387873210012913, -1.4752772585779894e-05, 1.0, 0.999817967414856, -0.019084738567471504, -7.4001163739012554e-06, 1.0, 0.9996505379676819, -0.02643478475511074, -3.1025436328491196e-05, 1.0, 0.9998216032981873, -0.018889350816607475, -0.00019342987798154354, 1.0, 0.9999866485595703, -0.005156807601451874, -0.00024246133398264647, 1.0, 0.9998584985733032, 0.01682356745004654, -2.6276988137396984e-05, 1.0, 0.9995760321617126, 0.029117625206708908, 9.886903171718586e-06, 1.0, 0.9994588494300842, 0.03289172053337097, -2.8849213776993565e-05, 1.0, 0.9993616342544556, 0.03572504222393036, 9.13730855245376e-06, 1.0, 0.9996166229248047, 0.027686791494488716, 1.4935409126337618e-05, 1.0, 0.9998334050178528, 0.018250450491905212, 3.157618493787595e-06, 1.0, 0.9997318387031555, 0.023155508562922478, -1.046675038196554e-06, 1.0, 0.9995852112770081, 0.028800414875149727, -3.5056891647400334e-05, 1.0, 0.9991219639778137, 0.04189615324139595, -9.970942301151808e-06, 1.0, 0.9988778233528137, 0.04736102744936943, 4.431206548360933e-07, 1.0, 0.9997729063034058, 0.021306831389665604, 0.00040773232467472553, 1.0, 0.9999856948852539, -0.005339545663446188, -4.3175663449801505e-05, 1.0, 0.9995638132095337, -0.029532821848988533, 0.00032817941973917186, 1.0, 0.9991876482963562, -0.040299881249666214, -3.047855534532573e-05, 1.0, 0.9993764758110046, -0.03530840948224068, 8.845925549394451e-06, 1.0, 0.9993455410003662, -0.03617318347096443, -1.191153387480881e-05, 1.0, 0.9999021291732788, -0.013992887921631336, 1.1378928320482373e-05, 1.0, 0.9999775290489197, -0.006703953258693218, -6.926396963535808e-06, 1.0, 0.9999040365219116, -0.01385422796010971, -9.951626998372376e-05, 1.0, 0.9997130036354065, -0.023948512971401215, -0.0005346668767742813, 1.0, 0.9990290403366089, -0.044056929647922516, 0.00015913000970613211, 1.0, 0.9979895949363708, -0.06337723135948181, 0.0004403920902404934, 1.0, 0.9977079033851624, -0.06766846030950546, -1.0915216080320533e-05, 1.0, 0.9991735219955444, -0.040648043155670166, -2.776272958726622e-05, 1.0, 0.9999556541442871, -0.009411887265741825, 0.00020185025641694665, 1.0, 0.9999784827232361, 0.0065596094354987144, 9.9293036328163e-05, 1.0, 0.9999943375587463, 0.0033495002426207066, 8.184570674529823e-07, 1.0, 0.9999943971633911, -0.003357991576194763, -5.2737168516614474e-06, 1.0, 0.9999102354049683, -0.013395160436630249, -1.3140355804353021e-05, 1.0, 0.9999392628669739, -0.011019340716302395, -0.0002289300609845668, 1.0, 0.9999623894691467, -0.008675635792315006, -2.0466488422243856e-05, 1.0, 0.9999913573265076, 0.004156041424721479, 0.0001362152979709208, 1.0, 0.9998374581336975, 0.018027637153863907, 3.29168833559379e-05, 1.0, 0.999622106552124, 0.02748887427151203, 5.9058756960439496e-06, 1.0, 0.9995333552360535, 0.030547473579645157, 1.0328386451874394e-05, 1.0, 0.9996514916419983, 0.026400355622172356, 2.1955056581646204e-05, 1.0, 0.9997739791870117, 0.021260825917124748, -6.360367024171865e-06, 1.0, 0.9999168515205383, 0.012891472317278385, 1.6039095385167457e-08, 1.0, 0.9999260902404785, 0.012164676561951637, 1.5560794054181315e-05, 1.0, 0.9998660683631897, 0.016361286863684654, 1.2411702300596517e-05, 1.0, 0.9994727373123169, 0.032468538731336594, -2.9906107101851376e-06, 1.0, 0.9994372129440308, 0.03354349732398987, -0.00015507853822782636, 1.0, 0.999826192855835, 0.018643559888005257, 0.00015788275049999356, 1.0, 0.9999967217445374, -0.0025856229476630688, 4.712766167358495e-05, 1.0, 0.9996800422668457, -0.025295255705714226, 6.0913651395821944e-05, 1.0, 0.9997133612632751, -0.023940911516547203, 0.00010381598258391023, 1.0, 0.9996532201766968, -0.02633202075958252, 0.0001238704426214099, 1.0, 0.9996803402900696, -0.025284478440880775, 8.534325388609432e-06, 1.0, 0.9999900460243225, -0.004455840215086937, 2.5474661015323363e-05, 1.0, 0.9999856352806091, -0.005349097773432732, 4.607226401276421e-06, 1.0, 0.9998723864555359, -0.01597433164715767, 3.5252982343081385e-05, 1.0, 0.9994289875030518, -0.03378722071647644, -6.497516005765647e-05, 1.0]
            u0 (float, 194):  [0.5, 0.5, 0.653548002243042, 0.5, 0.6483305096626282, 0.47049522399902344, 0.6444314122200012, 0.44017457962036133, 0.6264978647232056, 0.41547685861587524, 0.6064895391464233, 0.39351046085357666, 0.5869065523147583, 0.36993515491485596, 0.5632996559143066, 0.3471810817718506, 0.5318711400032043, 0.3397729992866516, 0.5, 0.3372478485107422, 0.47009217739105225, 0.3496432900428772, 0.43923845887184143, 0.35330861806869507, 0.4143005907535553, 0.37174177169799805, 0.39220482110977173, 0.39220482110977173, 0.37420782446861267, 0.4159483313560486, 0.3584880530834198, 0.44138383865356445, 0.33760586380958557, 0.46769779920578003, 0.3361387848854065, 0.5, 0.3396672308444977, 0.5318921804428101, 0.3490695655345917, 0.5625174343585968, 0.3729458451271057, 0.5848948657512665, 0.39051738381385803, 0.609482616186142, 0.4109152555465698, 0.6333247423171997, 0.437938928604126, 0.64982870221138, 0.4679449498653412, 0.6611516177654266, 0.5, 0.6647506356239319, 0.529448926448822, 0.6480498909950256, 0.5612220168113708, 0.6478030383586884, 0.5895169973373413, 0.6339716613292694, 0.6118947863578796, 0.6118947565555573, 0.6268278956413269, 0.5847436785697937, 0.645677387714386, 0.5603415668010712, 0.6480947136878967, 0.5294578671455383, 0.846518337726593, 0.5, 0.8351441025733948, 0.43333572149276733, 0.7952662110328674, 0.3776967525482178, 0.7514196634292603, 0.3320067524909973, 0.7437601089477539, 0.2562398910522461, 0.6785127520561218, 0.2328367829322815, 0.63121497631073, 0.18321901559829712, 0.5664275884628296, 0.16604608297348022, 0.5, 0.18313837051391602, 0.43946516513824463, 0.19567084312438965, 0.3763314187526703, 0.20143765211105347, 0.32695046067237854, 0.2410130500793457, 0.29302045702934265, 0.29302042722702026, 0.2482987940311432, 0.3318186402320862, 0.1877012997865677, 0.37064164876937866, 0.220969557762146, 0.44449740648269653, 0.21528847515583038, 0.5, 0.18117541074752808, 0.5634181499481201, 0.22191105782985687, 0.6151882112026215, 0.23502053320407867, 0.6770536303520203, 0.2777719497680664, 0.7222280502319336, 0.3303600251674652, 0.7538841664791107, 0.3657238781452179, 0.824171245098114, 0.4424295127391815, 0.7894264459609985, 0.5, 0.8102111965417862, 0.5576668381690979, 0.7899107933044434, 0.6245673298835754, 0.8007321059703827, 0.6670677661895752, 0.7500345855951309, 0.7165497541427612, 0.7165497243404388, 0.7772632837295532, 0.6852613985538483, 0.78067547082901, 0.6162596046924591, 0.8141961097717285, 0.5624974966049194, 1.0271739959716797, 0.5, 0.896111011505127, 0.42120862007141113, 0.8675456643104553, 0.34775757789611816, 0.8521281480789185, 0.2647154927253723, 0.8576656579971313, 0.14233434200286865, 0.7682480812072754, 0.09853839874267578, 0.6625688672065735, 0.1075240969657898, 0.585681140422821, 0.06925183534622192, 0.5, 0.08437764644622803, 0.41048747301101685, 0.049990057945251465, 0.34886181354522705, 0.13512015342712402, 0.22477145493030548, 0.08809137344360352, 0.12814202904701233, 0.12814199924468994, 0.05523591861128807, 0.2028181552886963, 0.03698177635669708, 0.3082115650177002, -0.025407269597053528, 0.39548999071121216, 0.108836330473423, 0.5, 0.07558508962392807, 0.5844213664531708, 0.004206610843539238, 0.7053643465042114, 0.0781436413526535, 0.7818754017353058, 0.18083465099334717, 0.8191653490066528, 0.2037927508354187, 0.9433054737746716, 0.31492921710014343, 0.9468003697693348, 0.3997402489185333, 1.0040397765114903, 0.5, 0.9334071576595306, 0.5814993977546692, 0.9097251147031784, 0.6747113466262817, 0.9217905104160309, 0.7274025082588196, 0.8403318822383881, 0.8160403370857239, 0.8160403668880463, 0.9456671476364136, 0.7977852523326874, 0.9057899713516235, 0.6680836975574493, 0.8823241591453552, 0.5760490000247955]
            tri (int, 480):  [0, 2, 1, 0, 3, 2, 0, 4, 3, 0, 5, 4, 0, 6, 5, 0, 7, 6, 0, 8, 7, 0, 9, 8, 0, 10, 9, 0, 11, 10, 0, 12, 11, 0, 13, 12, 0, 14, 13, 0, 15, 14, 0, 16, 15, 0, 17, 16, 0, 18, 17, 0, 19, 18, 0, 20, 19, 0, 21, 20, 0, 22, 21, 0, 23, 22, 0, 24, 23, 0, 25, 24, 0, 26, 25, 0, 27, 26, 0, 28, 27, 0, 29, 28, 0, 30, 29, 0, 31, 30, 0, 32, 31, 0, 1, 32, 1, 34, 33, 1, 2, 34, 2, 35, 34, 2, 3, 35, 3, 36, 35, 3, 4, 36, 4, 37, 36, 4, 5, 37, 5, 38, 37, 5, 6, 38, 6, 39, 38, 6, 7, 39, 7, 40, 39, 7, 8, 40, 8, 41, 40, 8, 9, 41, 9, 42, 41, 9, 10, 42, 10, 43, 42, 10, 11, 43, 11, 44, 43, 11, 12, 44, 12, 45, 44, 12, 13, 45, 13, 46, 45, 13, 14, 46, 14, 47, 46, 14, 15, 47, 15, 48, 47, 15, 16, 48, 16, 49, 48, 16, 17, 49, 17, 50, 49, 17, 18, 50, 18, 51, 50, 18, 19, 51, 19, 52, 51, 19, 20, 52, 20, 53, 52, 20, 21, 53, 21, 54, 53, 21, 22, 54, 22, 55, 54, 22, 23, 55, 23, 56, 55, 23, 24, 56, 24, 57, 56, 24, 25, 57, 25, 58, 57, 25, 26, 58, 26, 59, 58, 26, 27, 59, 27, 60, 59, 27, 28, 60, 28, 61, 60, 28, 29, 61, 29, 62, 61, 29, 30, 62, 30, 63, 62, 30, 31, 63, 31, 64, 63, 31, 32, 64, 32, 33, 64, 33, 32, 1, 33, 66, 65, 33, 34, 66, 34, 67, 66, 34, 35, 67, 35, 68, 67, 35, 36, 68, 36, 69, 68, 36, 37, 69, 37, 70, 69, 37, 38, 70, 38, 71, 70, 38, 39, 71, 39, 72, 71, 39, 40, 72, 40, 73, 72, 40, 41, 73, 41, 74, 73, 41, 42, 74, 42, 75, 74, 42, 43, 75, 43, 76, 75, 43, 44, 76, 44, 77, 76, 44, 45, 77, 45, 78, 77, 45, 46, 78, 46, 79, 78, 46, 47, 79, 47, 80, 79, 47, 48, 80, 48, 81, 80, 48, 49, 81, 49, 82, 81, 49, 50, 82, 50, 83, 82, 50, 51, 83, 51, 84, 83, 51, 52, 84, 52, 85, 84, 52, 53, 85, 53, 86, 85, 53, 54, 86, 54, 87, 86, 54, 55, 87, 55, 88, 87, 55, 56, 88, 56, 89, 88, 56, 57, 89, 57, 90, 89, 57, 58, 90, 58, 91, 90, 58, 59, 91, 59, 92, 91, 59, 60, 92, 60, 93, 92, 60, 61, 93, 61, 94, 93, 61, 62, 94, 62, 95, 94, 62, 63, 95, 63, 96, 95, 63, 64, 96, 64, 65, 96, 65, 64, 33]
            boundingsphere (float, 4):  [0.018231868743896484, 0.24072249233722687, -0.5575881004333496, 11.375080613031423]
            aabb:
                min (float, 3):  [-10.844406127929688, 0.07824499160051346, -10.40338134765625]
                max (float, 3):  [10.88086986541748, 0.4032000005245209, 9.28820514678955]
            material:
                shader (str, 1):  ['PdxMeshAdvanced']
                diff (str, 1):  ['air_winter_boreal_continental_phase_4_diff.dds']
                spec (str, 1):  ['air_winter_boreal_continental_spec.dds']
                n (str, 1):  ['air_winter_boreal_continental_n.dds']
locator:
