pdxasset (int, 2):  [1, 0]
object:
    air_winter_mediterranean_phase_2:
        mesh:
            p (float, 291):  [0.0, 0.3456000089645386, 0.0, 3.2024965286254883, 0.22782878577709198, 0.0, 3.3714425563812256, 0.27009859681129456, 0.6706216335296631, 3.167879581451416, 0.3021424412727356, 1.3121787309646606, 2.838799476623535, 0.31315961480140686, 1.8968251943588257, 2.3815977573394775, 0.29943665862083435, 2.3815977573394775, 1.8881964683532715, 0.2655990421772003, 2.825885772705078, 1.1804347038269043, 0.22305209934711456, 2.8498215675354004, 0.6456698179244995, 0.18613673746585846, 3.2460012435913086, 1.9431432118381182e-16, 0.1672956645488739, 3.173393726348877, -0.6529163718223572, 0.17287948727607727, 3.2824320793151855, -1.2397891283035278, 0.20100609958171844, 2.9931156635284424, -1.8253670930862427, 0.24219512939453125, 2.7318549156188965, -2.3188562393188477, 0.28256338834762573, 2.3188562393188477, -2.7366535663604736, 0.30850428342819214, 1.82857346534729, -3.1241250038146973, 0.3112742006778717, 1.2940549850463867, -3.3708555698394775, 0.2899394631385803, 0.6705048680305481, -3.208545446395874, 0.25169122219085693, 3.929335020335864e-16, -3.3090739250183105, 0.20942141115665436, -0.6582157611846924, -3.144665479660034, 0.17737756669521332, -1.3025630712509155, -2.681696653366089, 0.16636037826538086, -1.791852355003357, -2.212399959564209, 0.18008333444595337, -2.212399959564209, -1.812860131263733, 0.2139209508895874, -2.713136911392212, -1.2854421138763428, 0.25646790862083435, -3.1033318042755127, -0.6384695768356323, 0.29338327050209045, -3.209803342819214, -5.787760776116465e-16, 0.3122243285179138, -3.150710344314575, 0.6511670351028442, 0.30664050579071045, -3.273637533187866, 1.2249696254730225, 0.27851390838623047, -2.957338333129883, 1.8904253244400024, 0.23732486367225647, -2.829221487045288, 2.2238337993621826, 0.19695661962032318, -2.2238337993621826, 2.741943836212158, 0.17101570963859558, -1.8321082592010498, 2.977551221847534, 0.1682458072900772, -1.233342170715332, 3.3720526695251465, 0.1895805299282074, -0.670742928981781, 6.0090012550354, 0.15438878536224365, 0.0, 6.937979221343994, 0.19665858149528503, 1.3800498247146606, 5.921805381774902, 0.22870244085788727, 2.4528920650482178, 5.274848461151123, 0.23971961438655853, 3.524541139602661, 4.3196258544921875, 0.22599665820598602, 4.3196258544921875, 3.6224474906921387, 0.192159041762352, 5.421375751495361, 2.7341341972351074, 0.14961209893226624, 6.600783824920654, 1.4134514331817627, 0.11269672960042953, 7.105900287628174, 4.383812665767527e-16, 0.09385566413402557, 7.159309387207031, -1.3047202825546265, 0.09943947941064835, 6.559271812438965, -2.3531153202056885, 0.12756609916687012, 5.680922985076904, -3.6325323581695557, 0.16875512897968292, 5.436469078063965, -4.768050193786621, 0.2091233879327774, 4.768050193786621, -5.184187412261963, 0.2350642830133438, 3.463963270187378, -6.677136421203613, 0.23783418536186218, 2.7657604217529297, -5.817331314086914, 0.216499462723732, 1.1571391820907593, -6.1471734046936035, 0.1782512068748474, 7.528115962401329e-16, -5.984531402587891, 0.13598141074180603, -1.1903972625732422, -5.589961051940918, 0.1039375588297844, -2.3154375553131104, -4.906825542449951, 0.09292038530111313, -3.2786359786987305, -4.351577281951904, 0.10664333403110504, -4.351577281951904, -3.5260958671569824, 0.14048095047473907, -5.277175426483154, -2.7395825386047363, 0.18302789330482483, -6.613936901092529, -1.2861433029174805, 0.21994327008724213, -6.465878963470459, -1.2321012189770385e-15, 0.2387843281030655, -6.70724630355835, 1.230991005897522, 0.23320052027702332, -6.188609600067139, 2.316870927810669, 0.20507390797138214, -5.59342098236084, 3.677586793899536, 0.16388486325740814, -5.503897666931152, 4.847637176513672, 0.12351661920547485, -4.847637176513672, 4.9323625564575195, 0.09757570922374725, -3.29569935798645, 6.229243755340576, 0.09480580687522888, -2.5802371501922607, 5.993974685668945, 0.11614053696393967, -1.1922756433486938, 10.201888084411621, 0.08866898715496063, 0.0, 8.966065406799316, 0.10358773916959763, 1.783461332321167, 7.837733268737793, 0.11489733308553696, 3.246495485305786, 7.034417629241943, 0.11878574639558792, 4.700247287750244, 7.442734241485596, 0.11394235491752625, 7.442734241485596, 5.404346942901611, 0.1019996628165245, 8.088176727294922, 3.171294927597046, 0.0869830921292305, 7.656183242797852, 2.1234240531921387, 0.07395414263010025, 10.67517375946045, 5.445033775602838e-16, 0.0673043504357338, 8.892415046691895, -1.7368834018707275, 0.06927511096000671, 8.731902122497559, -3.070758104324341, 0.07920215278863907, 7.413465976715088, -4.981675624847412, 0.09373945742845535, 7.455604553222656, -6.9222517013549805, 0.10798707604408264, 6.9222517013549805, -9.030060768127441, 0.1171426922082901, 6.033693790435791, -8.28052806854248, 0.11812030524015427, 3.4299068450927734, -9.40835952758789, 0.11059039831161499, 1.871438980102539, -8.26932430267334, 0.09709101915359497, 1.0127000980012695e-15, -9.996095657348633, 0.08217225968837738, -1.9883471727371216, -8.283928871154785, 0.07086266577243805, -3.4313156604766846, -7.65448522567749, 0.06697425246238708, -5.114563465118408, -6.274781227111816, 0.07181765139102936, -6.274781227111816, -5.893735408782959, 0.0837603360414505, -8.820597648620605, -4.256092548370361, 0.0987769067287445, -10.275115966796875, -1.6491198539733887, 0.11180585622787476, -8.290685653686523, -1.735074571133444e-15, 0.11845564842224121, -9.445305824279785, 1.6299079656600952, 0.11648488789796829, -8.194101333618164, 3.977328062057495, 0.10655784606933594, -9.602119445800781, 6.050203800201416, 0.09202054142951965, -9.054770469665527, 5.950739860534668, 0.07777292281389236, -5.950739860534668, 8.463216781616211, 0.0686173066496849, -5.654940605163574, 8.295425415039062, 0.06763969361782074, -3.436077833175659, 9.260574340820312, 0.07516960054636002, -1.8420426845550537]
            n (float, 291):  [-3.8350899558281526e-05, 1.0, -4.065398752572946e-05, 0.03231077268719673, 0.9979722499847412, -0.054840732365846634, 0.030611760914325714, 0.9985118508338928, -0.0451316200196743, 0.02591056190431118, 0.9995447993278503, -0.015455882996320724, 0.012526354752480984, 0.9998446702957153, 0.01239758264273405, -0.007322177290916443, 0.9993687868118286, 0.034762173891067505, -0.026112405583262444, 0.9986874461174011, 0.04406378045678139, -0.03644980862736702, 0.9981287121772766, 0.04909589886665344, -0.026232978329062462, 0.9990074038505554, 0.03600083664059639, -0.008691385388374329, 0.9991690516471863, 0.03981968015432358, 0.01184752956032753, 0.9992383718490601, 0.03717987984418869, 0.026759328320622444, 0.9984433650970459, 0.04893750697374344, 0.03077949583530426, 0.9981395602226257, 0.05262969061732292, 0.014971003867685795, 0.998934805393219, 0.043648701161146164, -0.0026827927213162184, 0.9996563196182251, 0.026078209280967712, -0.018865544348955154, 0.9998112916946411, -0.004645250737667084, -0.029279230162501335, 0.998863697052002, -0.03760199621319771, -0.027847904711961746, 0.9981791973114014, -0.05350418761372566, -0.02367827668786049, 0.9984551072120667, -0.050266508013010025, -0.02229379117488861, 0.9988268613815308, -0.042987383902072906, -0.03211068734526634, 0.9991277456283569, -0.026698540896177292, -0.05264876410365105, 0.9986046552658081, -0.00410265289247036, -0.0637790784239769, 0.9979498386383057, 0.005321819335222244, -0.055284034460783005, 0.9984691739082336, -0.0017270577372983098, -0.03544914349913597, 0.9993017911911011, -0.011805330403149128, -0.0084361732006073, 0.9998496174812317, -0.015150205232203007, 0.02698170579969883, 0.9995471835136414, -0.01332043670117855, 0.049296632409095764, 0.9987756013870239, -0.004140594974160194, 0.054037678986787796, 0.998524010181427, 0.005446066614240408, 0.05971405655145645, 0.9981817007064819, 0.008211333304643631, 0.040577083826065063, 0.9991580247879028, -0.006061784457415342, 0.03128822147846222, 0.9990343451499939, -0.030843857675790787, 0.025843825191259384, 0.9988739490509033, -0.03978591784834862, 0.023144684731960297, 0.9990485310554504, -0.03696495667099953, 0.033713385462760925, 0.9993969798088074, -0.008316431194543839, 0.03761287406086922, 0.9992752075195312, 0.005856549832969904, 0.03264318406581879, 0.9993351101875305, 0.0162422526627779, 0.009893171489238739, 0.9995448589324951, 0.028497319668531418, -0.00947765726596117, 0.9992666244506836, 0.037098631262779236, -0.011145943775773048, 0.9993922710418701, 0.033027902245521545, -0.011625071056187153, 0.9997300505638123, 0.020118502900004387, -0.008376694284379482, 0.9998219609260559, 0.01690916158258915, 0.001635967055335641, 0.9997944235801697, 0.02021045982837677, 0.016010938212275505, 0.9992930889129639, 0.0340159647166729, 0.01597578637301922, 0.9989417195320129, 0.04313014820218086, -0.00039859922253526747, 0.9993093013763428, 0.037159331142902374, -0.014171017333865166, 0.9995923638343811, 0.024786952883005142, -0.036743681877851486, 0.9993236064910889, 0.001460942206904292, -0.03505429998040199, 0.9990065097808838, -0.027518155053257942, -0.027609700337052345, 0.99921053647995, -0.028564663603901863, -0.01616007089614868, 0.999459981918335, -0.028612293303012848, -0.01087990403175354, 0.9996472001075745, -0.024230431765317917, -0.0167143102735281, 0.9998053312301636, -0.010488120838999748, -0.028232207521796227, 0.9995999336242676, 0.0016961887013167143, -0.04097740352153778, 0.9991530179977417, 0.0037463856860995293, -0.022029077634215355, 0.9996469020843506, -0.014857346192002296, -0.02207200415432453, 0.9993739128112793, -0.02765241637825966, -0.0015202501090243459, 0.9993343353271484, -0.03644941374659538, 0.019122790545225143, 0.9993783235549927, -0.029618369415402412, 0.02787795290350914, 0.9994844198226929, -0.015926089137792587, 0.03409438580274582, 0.999417245388031, -0.0016304481541737914, 0.03170355036854744, 0.9994881749153137, 0.004269025754183531, 0.023994892835617065, 0.9997107982635498, -0.001643617288209498, 0.011760135181248188, 0.9998704791069031, -0.010992505587637424, 0.01583966054022312, 0.99958735704422, -0.023963244631886482, 0.019039807841181755, 0.9996490478515625, -0.01841644197702408, 0.03345557302236557, 0.9994378685951233, -0.002146246377378702, 0.04818658530712128, 0.9985854029655457, 0.022476540878415108, 0.04310792684555054, 0.9989429116249084, 0.015962272882461548, 0.016259485855698586, 0.9995748400688171, 0.024202950298786163, 0.00027878195396624506, 0.9993542432785034, 0.03593135625123978, 0.0008990584756247699, 0.9994896650314331, 0.031931906938552856, -0.00423022685572505, 0.9998518824577332, 0.016678284853696823, -0.009008822962641716, 0.9998574256896973, 0.014281602576375008, -0.0014800634235143661, 0.9998635053634644, 0.01645396091043949, 0.006473400164395571, 0.9995183348655701, 0.030350444838404655, 0.00563172809779644, 0.9990882873535156, 0.04231841117143631, -0.007813327945768833, 0.999363124370575, 0.03481869027018547, -0.02304820530116558, 0.999496579170227, 0.021803544834256172, -0.040948811918497086, 0.9991567730903625, 0.0029803584329783916, -0.041121963411569595, 0.9990516304969788, -0.014311668463051319, -0.028240062296390533, 0.9994598031044006, -0.016812484711408615, -0.01269952766597271, 0.9997900128364563, -0.016086092218756676, -0.00639353645965457, 0.9998465776443481, -0.016306597739458084, -0.008819480426609516, 0.999947190284729, -0.005277934949845076, -0.020070811733603477, 0.9997974038124084, 0.0015370756154879928, -0.027901535853743553, 0.9996091723442078, -0.0017068680608645082, -0.01778378337621689, 0.9997414946556091, -0.014168383553624153, -0.010006343945860863, 0.9990644454956055, -0.042072296142578125, -0.00044770626118406653, 0.9988765716552734, -0.04738479480147362, 0.016414077952504158, 0.9990402460098267, -0.0406099334359169, 0.014286471530795097, 0.9997237920761108, -0.018663350492715836, 0.02476682886481285, 0.9996641874313354, -0.007613622583448887, 0.02705037035048008, 0.9996335506439209, 0.0009610850247554481, 0.011427799239754677, 0.9999327063560486, -0.001970950746908784, 0.00907899159938097, 0.9999368190765381, -0.006630939897149801, 0.01124532613903284, 0.9997854828834534, -0.017393898218870163]
            ta (float, 388):  [1.0, 3.83507831429597e-05, -4.052223445683012e-08, 1.0, 0.9994762539863586, -0.032359249889850616, 4.0205086406785995e-06, 1.0, 0.9995301961898804, -0.030646339058876038, -7.428105891449377e-05, 1.0, 0.9996641874313354, -0.025914672762155533, -6.581738125532866e-05, 1.0, 0.9999215006828308, -0.012527388520538807, 5.880166554561583e-06, 1.0, 0.9999731779098511, 0.00733112171292305, -0.0001298429851885885, 1.0, 0.9996574521064758, 0.026162439957261086, -0.0005592408706434071, 1.0, 0.9993333220481873, 0.036510318517684937, -0.0003358024114277214, 1.0, 0.9996551275253296, 0.026258176192641258, -0.00022730113414581865, 1.0, 0.9999621510505676, 0.008700253441929817, -4.942447776556946e-05, 1.0, 0.9999295473098755, -0.011864809319376945, 0.0002441504329908639, 1.0, 0.9996404051780701, -0.02681020088493824, 0.00038339837919920683, 1.0, 0.9995240569114685, -0.030844030901789665, 0.000414219539379701, 1.0, 0.9998875260353088, -0.014993730932474136, 0.00019338441779837012, 1.0, 0.9999964237213135, 0.0026832192670553923, 1.8640364942257293e-05, 1.0, 0.9998220205307007, 0.01886577159166336, 5.331888132786844e-06, 1.0, 0.9995705485343933, 0.029305800795555115, 0.00015536232967860997, 1.0, 0.999610960483551, 0.027894115075469017, 0.00011694883141899481, 1.0, 0.999718964099884, 0.023706914857029915, -2.648883491929155e-05, 1.0, 0.9997511506080627, 0.022308610379695892, -0.00013502595538739115, 1.0, 0.9994838833808899, 0.03212131932377815, -3.0403733035200275e-05, 1.0, 0.9986131191253662, 0.05264924466609955, 9.602538739272859e-06, 1.0, 0.9979639053344727, 0.06378009915351868, -2.4444880182272755e-05, 1.0, 0.998470664024353, 0.055284131318330765, 1.1736200576706324e-05, 1.0, 0.999371349811554, 0.035452600568532944, 8.369063289137557e-05, 1.0, 0.9999644160270691, 0.00843767262995243, 3.5046334232902154e-05, 1.0, 0.9996359348297119, -0.026984112337231636, -7.043659593364282e-07, 1.0, 0.9987842440605164, -0.049297187477350235, -2.9465320039889775e-05, 1.0, 0.9985388517379761, -0.05403871834278107, 4.35011024819687e-05, 1.0, 0.99821537733078, -0.05971628054976463, 2.5702618586365134e-05, 1.0, 0.9991763830184937, -0.040577929466962814, -1.7227128410013393e-05, 1.0, 0.9995098114013672, -0.031304731965065, -5.250261165201664e-05, 1.0, 0.999665379524231, -0.025865430012345314, -2.836357816704549e-05, 1.0, 0.9997316598892212, -0.023161383345723152, -2.3519096430391073e-05, 1.0, 0.9994314312934875, -0.0337153896689415, -0.00010119692160515115, 1.0, 0.9992923736572266, -0.037613507360219955, -2.2447886749432655e-06, 1.0, 0.9994669556617737, -0.032647207379341125, -1.7612313968129456e-05, 1.0, 0.9999509453773499, -0.009897577576339245, 1.3536484402720816e-05, 1.0, 0.9999549984931946, 0.009478776715695858, 0.0001457000180380419, 1.0, 0.999937891960144, 0.011142171919345856, 0.0002982481673825532, 1.0, 0.9999323487281799, 0.011626490391790867, 4.636674202629365e-05, 1.0, 0.9999649524688721, 0.008377769961953163, 7.283359536813805e-06, 1.0, 0.9999986290931702, -0.0016355154803022742, -3.887341154040769e-05, 1.0, 0.9998716711997986, -0.016020629554986954, 1.2361848348518834e-05, 1.0, 0.999872088432312, -0.015990883111953735, 5.066734956926666e-06, 1.0, 0.9999999403953552, 0.0004043967346660793, -0.0001485198299633339, 1.0, 0.9998995065689087, 0.014175917021930218, -2.2031143089407124e-05, 1.0, 0.99932461977005, 0.03674371540546417, 1.3904511888540583e-06, 1.0, 0.9993849396705627, 0.03506609797477722, -5.389540092437528e-05, 1.0, 0.9996184706687927, 0.02762412466108799, 0.00011031798203475773, 1.0, 0.9998692870140076, 0.016167962923645973, 4.4511012674774975e-05, 1.0, 0.9999406933784485, 0.010882832109928131, -1.0977179954352323e-05, 1.0, 0.9998602271080017, 0.016715362668037415, 1.3082341865811031e-05, 1.0, 0.9996014833450317, 0.028232257813215256, -4.030202489957446e-06, 1.0, 0.99916011095047, 0.04097769409418106, -3.6349920407019454e-08, 1.0, 0.9997573494911194, 0.022032050415873528, 3.6179535527480766e-05, 1.0, 0.9997561573982239, 0.02208121120929718, 2.7575899366638623e-05, 1.0, 0.9999988079071045, 0.0015199731569737196, -3.532430127961561e-05, 1.0, 0.9998166561126709, -0.0191425159573555, -0.0003824534942395985, 1.0, 0.9996111989021301, -0.02788255363702774, -6.671525625279173e-05, 1.0, 0.9994185566902161, -0.0340944267809391, 2.8309173103480134e-06, 1.0, 0.9994972348213196, -0.03170408308506012, 5.658614099957049e-05, 1.0, 0.9997121095657349, -0.0239949282258749, -1.3319105391929043e-06, 1.0, 0.9999308586120605, -0.011760758236050606, 8.04251067165751e-06, 1.0, 0.999874472618103, -0.01584300771355629, 5.0168375310022384e-05, 1.0, 0.9998186826705933, -0.019041894003748894, 6.20781138422899e-05, 1.0, 0.9994402527809143, -0.033455636352300644, 7.910363819974009e-06, 1.0, 0.9988377690315247, -0.04819812625646591, -2.80405547528062e-05, 1.0, 0.9990701675415039, -0.04311345890164375, 2.4952710191428196e-06, 1.0, 0.9998677372932434, -0.016264915466308594, 2.742247306741774e-05, 1.0, 0.9999999403953552, -0.00027622433844953775, -7.614682544954121e-05, 1.0, 0.9999995827674866, -0.0008991453214548528, -1.1624576472968329e-05, 1.0, 0.9999909996986389, 0.004230467136949301, 2.0894833141937852e-05, 1.0, 0.9999594688415527, 0.009009668603539467, 5.1190004342061e-06, 1.0, 0.9999988675117493, 0.0014805974205955863, -2.0256895368220285e-05, 1.0, 0.9999789595603943, -0.0064758602529764175, -1.722957858873997e-05, 1.0, 0.9999842047691345, -0.005631200037896633, -0.00013167275756131858, 1.0, 0.9999694228172302, 0.007819138467311859, -3.0741193768335506e-05, 1.0, 0.9997342824935913, 0.023052707314491272, 4.4856784370495006e-05, 1.0, 0.9991612434387207, 0.04094905033707619, -1.8418697436572984e-05, 1.0, 0.9991539120674133, 0.041126545518636703, 2.5919218387571163e-05, 1.0, 0.9996010065078735, 0.028243783861398697, -1.6000427422113717e-05, 1.0, 0.9999192953109741, 0.012700894847512245, -1.7129892512457445e-05, 1.0, 0.999979555606842, 0.006394588854163885, 1.2434365089575294e-05, 1.0, 0.9999611377716064, 0.008819540031254292, -1.1883554179803468e-05, 1.0, 0.9997985363006592, 0.020070834085345268, 1.6112862795125693e-06, 1.0, 0.9996106624603271, 0.02790156938135624, -4.622456344804959e-06, 1.0, 0.9998418092727661, 0.01778394728899002, -0.00011456278298282996, 1.0, 0.9999498724937439, 0.010016856715083122, 3.9031427149893716e-05, 1.0, 0.9999998807907104, 0.00044886881369166076, 1.3860461876902264e-05, 1.0, 0.9998650550842285, -0.016424668952822685, 7.279816782101989e-05, 1.0, 0.9998978972434998, -0.01428629644215107, 0.00014275244029704481, 1.0, 0.9996932148933411, -0.024767234921455383, 4.122398604522459e-05, 1.0, 0.9996340870857239, -0.027050385251641273, -4.059089349084388e-07, 1.0, 0.9999346733093262, -0.01142780389636755, 8.823440111882519e-06, 1.0, 0.9999587535858154, -0.00907918345183134, 1.102449687095941e-06, 1.0, 0.9999366998672485, -0.011247294023633003, -1.5372603229479864e-05, 1.0]
            u0 (float, 194):  [0.5, 0.5, 0.6551597118377686, 0.5, 0.6633450984954834, 0.46750861406326294, 0.6534825563430786, 0.43642544746398926, 0.637538731098175, 0.40809953212738037, 0.615387499332428, 0.384612500667572, 0.591482400894165, 0.3630869388580322, 0.5571916103363037, 0.3619272708892822, 0.5312824249267578, 0.3427324891090393, 0.5, 0.3462502956390381, 0.46836644411087036, 0.34096741676330566, 0.4399327039718628, 0.35498470067977905, 0.41156166791915894, 0.36764270067214966, 0.38765230774879456, 0.38765233755111694, 0.36741021275520325, 0.41140633821487427, 0.34863734245300293, 0.4373035430908203, 0.33668336272239685, 0.4675142765045166, 0.34454721212387085, 0.5, 0.3396766483783722, 0.5318903028964996, 0.347642183303833, 0.5631086826324463, 0.3700728416442871, 0.5868145525455475, 0.39281007647514343, 0.6071899235248566, 0.41216763854026794, 0.6314504444599152, 0.4377208352088928, 0.6503552198410034, 0.4690663814544678, 0.655513733625412, 0.5, 0.6526506841182709, 0.531548798084259, 0.6586064696311951, 0.5593492984771729, 0.6432819068431854, 0.591590404510498, 0.6370746791362762, 0.6077439188957214, 0.607743889093399, 0.6328461170196533, 0.5887649357318878, 0.6442611813545227, 0.5597549378871918, 0.663374662399292, 0.532497227191925, 0.7911337614059448, 0.5, 0.8361424207687378, 0.43313711881637573, 0.7869091629981995, 0.38115835189819336, 0.7555643916130066, 0.32923734188079834, 0.7092841863632202, 0.2907158136367798, 0.6755061745643616, 0.23733645677566528, 0.6324677467346191, 0.18019455671310425, 0.5684811472892761, 0.15572190284729004, 0.5, 0.15313422679901123, 0.43678680062294006, 0.18220579624176025, 0.38599246740341187, 0.2247614860534668, 0.32400521636009216, 0.23660516738891602, 0.26898980140686035, 0.26898980140686035, 0.24882812798023224, 0.33217233419418335, 0.17649532854557037, 0.3659999966621399, 0.21815255284309387, 0.4439370632171631, 0.20217183232307434, 0.5, 0.2100517749786377, 0.5576742887496948, 0.22916856408119202, 0.6121820509433746, 0.2622661888599396, 0.6588486433029175, 0.28916776180267334, 0.7108322381973267, 0.32916203141212463, 0.7556771039962769, 0.36726829409599304, 0.8204426914453506, 0.43768686056137085, 0.8132693320512772, 0.5, 0.8249634951353073, 0.5596410632133484, 0.7998357266187668, 0.6122515201568604, 0.7709990888834, 0.6781776547431946, 0.7666617035865784, 0.7348661422729492, 0.7348661422729492, 0.7389710545539856, 0.6596753597259521, 0.8018044233322144, 0.6250115036964417, 0.7904057502746582, 0.5577653050422668, 0.9942775368690491, 0.5, 0.9344024062156677, 0.41359198093414307, 0.8797351717948914, 0.3427085280418396, 0.8408148288726807, 0.27227485179901123, 0.8605976104736328, 0.1394023895263672, 0.7618384957313538, 0.10813099145889282, 0.6536480188369751, 0.12906086444854736, 0.6028790473937988, -0.017207980155944824, 0.5, 0.06916594505310059, 0.41584867238998413, 0.07694274187088013, 0.351222962141037, 0.1408204436302185, 0.25863972306251526, 0.13877886533737183, 0.164619579911232, 0.1646195650100708, 0.06249705329537392, 0.20766985416412354, 0.09881163388490677, 0.3338223099708557, 0.04416864365339279, 0.40932953357696533, 0.09935446083545685, 0.5, 0.015693016350269318, 0.5963346362113953, 0.0986468568444252, 0.6662459075450897, 0.12914316356182098, 0.7477986216545105, 0.19598928093910217, 0.8040107190608978, 0.21445080637931824, 0.92735455930233, 0.2937939763069153, 0.9978253818117082, 0.42010077834129333, 0.9016805067658424, 0.5, 0.9576214104890823, 0.5789684057235718, 0.8970010131597519, 0.6927000284194946, 0.9652189686894417, 0.7931300401687622, 0.9387001022696495, 0.7883110642433167, 0.7883110493421555, 0.9100395441055298, 0.7739796787500381, 0.901910126209259, 0.6664766371250153, 0.9486712217330933, 0.5892462432384491]
            tri (int, 480):  [0, 2, 1, 0, 3, 2, 0, 4, 3, 0, 5, 4, 0, 6, 5, 0, 7, 6, 0, 8, 7, 0, 9, 8, 0, 10, 9, 0, 11, 10, 0, 12, 11, 0, 13, 12, 0, 14, 13, 0, 15, 14, 0, 16, 15, 0, 17, 16, 0, 18, 17, 0, 19, 18, 0, 20, 19, 0, 21, 20, 0, 22, 21, 0, 23, 22, 0, 24, 23, 0, 25, 24, 0, 26, 25, 0, 27, 26, 0, 28, 27, 0, 29, 28, 0, 30, 29, 0, 31, 30, 0, 32, 31, 0, 1, 32, 1, 34, 33, 1, 2, 34, 2, 35, 34, 2, 3, 35, 3, 36, 35, 3, 4, 36, 4, 37, 36, 4, 5, 37, 5, 38, 37, 5, 6, 38, 6, 39, 38, 6, 7, 39, 7, 40, 39, 7, 8, 40, 8, 41, 40, 8, 9, 41, 9, 42, 41, 9, 10, 42, 10, 43, 42, 10, 11, 43, 11, 44, 43, 11, 12, 44, 12, 45, 44, 12, 13, 45, 13, 46, 45, 13, 14, 46, 14, 47, 46, 14, 15, 47, 15, 48, 47, 15, 16, 48, 16, 49, 48, 16, 17, 49, 17, 50, 49, 17, 18, 50, 18, 51, 50, 18, 19, 51, 19, 52, 51, 19, 20, 52, 20, 53, 52, 20, 21, 53, 21, 54, 53, 21, 22, 54, 22, 55, 54, 22, 23, 55, 23, 56, 55, 23, 24, 56, 24, 57, 56, 24, 25, 57, 25, 58, 57, 25, 26, 58, 26, 59, 58, 26, 27, 59, 27, 60, 59, 27, 28, 60, 28, 61, 60, 28, 29, 61, 29, 62, 61, 29, 30, 62, 30, 63, 62, 30, 31, 63, 31, 64, 63, 31, 32, 64, 32, 33, 64, 33, 32, 1, 33, 66, 65, 33, 34, 66, 34, 67, 66, 34, 35, 67, 35, 68, 67, 35, 36, 68, 36, 69, 68, 36, 37, 69, 37, 70, 69, 37, 38, 70, 38, 71, 70, 38, 39, 71, 39, 72, 71, 39, 40, 72, 40, 73, 72, 40, 41, 73, 41, 74, 73, 41, 42, 74, 42, 75, 74, 42, 43, 75, 43, 76, 75, 43, 44, 76, 44, 77, 76, 44, 45, 77, 45, 78, 77, 45, 46, 78, 46, 79, 78, 46, 47, 79, 47, 80, 79, 47, 48, 80, 48, 81, 80, 48, 49, 81, 49, 82, 81, 49, 50, 82, 50, 83, 82, 50, 51, 83, 51, 84, 83, 51, 52, 84, 52, 85, 84, 52, 53, 85, 53, 86, 85, 53, 54, 86, 54, 87, 86, 54, 55, 87, 55, 88, 87, 55, 56, 88, 56, 89, 88, 56, 57, 89, 57, 90, 89, 57, 58, 90, 58, 91, 90, 58, 59, 91, 59, 92, 91, 59, 60, 92, 60, 93, 92, 60, 61, 93, 61, 94, 93, 61, 62, 94, 62, 95, 94, 62, 63, 95, 63, 96, 95, 63, 64, 96, 64, 65, 96, 65, 64, 33]
            boundingsphere (float, 4):  [0.10289621353149414, 0.20628713071346283, 0.2000288963317871, 11.346409589872172]
            aabb:
                min (float, 3):  [-9.996095657348633, 0.06697425246238708, -10.275115966796875]
                max (float, 3):  [10.201888084411621, 0.3456000089645386, 10.67517375946045]
            material:
                shader (str, 1):  ['PdxMeshAdvanced']
                diff (str, 1):  ['air_winter_mediterranean_phase_2_diff.dds']
                spec (str, 1):  ['air_winter_mediterranean_spec.dds']
                n (str, 1):  ['air_winter_mediterranean_n.dds']
locator:
