pdxasset (int, 2):  [1, 0]
object:
    air_winter_island_oceanic_phase_6:
        mesh:
            p (float, 291):  [0.0, 0.4607999920845032, 0.0, 3.407636880874634, 0.38578927516937256, 0.0, 3.1035754680633545, 0.3345162570476532, 0.6173394918441772, 3.117724895477295, 0.2782425284385681, 1.291403889656067, 2.654491424560547, 0.2359357327222824, 1.773674488067627, 2.3682117462158203, 0.22185584902763367, 2.3682117462158203, 1.7836735248565674, 0.24074864387512207, 2.6694562435150146, 1.263850212097168, 0.286246120929718, 3.051204204559326, 0.6448280215263367, 0.34301280975341797, 3.241769552230835, 1.889635875862268e-16, 0.391914963722229, 3.0860097408294678, -0.6513974666595459, 0.4164695143699646, 3.2747962474823, -1.2016448974609375, 0.40840014815330505, 2.9010274410247803, -1.814261794090271, 0.3704266846179962, 2.7152345180511475, -2.391092538833618, 0.3153485059738159, 2.391092538833618, -2.7544431686401367, 0.26173028349876404, 1.8404600620269775, -3.098942995071411, 0.2276446670293808, 1.283624291419983, -3.1286022663116455, 0.2245805412530899, 0.6223176717758179, -3.260376453399658, 0.25357070565223694, 3.992809551820733e-16, -3.0909953117370605, 0.3048437237739563, -0.6148372292518616, -3.012345552444458, 0.36111748218536377, -1.247754454612732, -2.6075079441070557, 0.4034242630004883, -1.742281198501587, -2.415966272354126, 0.4175041615962982, -2.415966272354126, -1.7690565586090088, 0.3986113667488098, -2.647580146789551, -1.2636535167694092, 0.35311388969421387, -3.050729513168335, -0.6391960978507996, 0.29634717106819153, -3.21345591545105, -5.949142787183275e-16, 0.24744504690170288, -3.23856258392334, 0.6642526388168335, 0.2228904813528061, -3.339423656463623, 1.2682924270629883, 0.23095986247062683, -3.0619287490844727, 1.8671069145202637, 0.26893332600593567, -2.794322967529297, 2.2262964248657227, 0.32401150465011597, -2.2262964248657227, 2.612752676010132, 0.37762969732284546, -1.7457854747772217, 2.868257999420166, 0.4117153286933899, -1.188071370124817, 3.301551580429077, 0.4147794544696808, -0.656719446182251, 6.662588119506836, 0.28786927461624146, 0.0, 5.820150375366211, 0.2365962713956833, 1.1576999425888062, 5.984503746032715, 0.180322527885437, 2.478862762451172, 5.4537672996521, 0.1380157321691513, 3.6440906524658203, 4.597800254821777, 0.12393584847450256, 4.597800254821777, 3.7255797386169434, 0.14282864332199097, 5.575724124908447, 2.7569644451141357, 0.18832610547542572, 6.655900955200195, 1.237802267074585, 0.24509282410144806, 6.2228522300720215, 4.122511471869048e-16, 0.2939949631690979, 6.732572078704834, -1.3477296829223633, 0.3185495138168335, 6.775494575500488, -2.6816446781158447, 0.31048014760017395, 6.474062919616699, -3.56821870803833, 0.2725066840648651, 5.340216636657715, -4.657595634460449, 0.21742849051952362, 4.657595634460449, -5.7080559730529785, 0.16381029784679413, 3.8140010833740234, -6.23728609085083, 0.1297246664762497, 2.5835683345794678, -6.779035568237305, 0.1266605406999588, 1.3484339714050293, -6.624635696411133, 0.15565072000026703, 8.112839217154326e-16, -6.029695987701416, 0.2069237381219864, -1.1993811130523682, -6.1688947677612305, 0.26319748163223267, -2.555239677429199, -5.441662311553955, 0.3055042624473572, -3.636002540588379, -4.8127241134643555, 0.3195841610431671, -4.8127241134643555, -3.5926740169525146, 0.3006913661956787, -5.376816749572754, -2.5380289554595947, 0.25519388914108276, -6.127343654632568, -1.3422634601593018, 0.19842717051506042, -6.748013973236084, -1.146547714930802e-15, 0.14952504634857178, -6.241515159606934, 1.2370291948318481, 0.12497048079967499, -6.218965530395508, 2.2784790992736816, 0.13303986191749573, -5.500735282897949, 3.5662124156951904, 0.17101332545280457, -5.33721399307251, 4.2965474128723145, 0.22609150409698486, -4.2965474128723145, 5.564932346343994, 0.27970969676971436, -3.7183690071105957, 5.605401992797852, 0.3137953281402588, -2.321833610534668, 6.1848297119140625, 0.3168594539165497, -1.2302390336990356, 9.350129127502441, 0.1471726894378662, 0.0, 10.772510528564453, 0.12907633185386658, 2.1427855491638184, 8.259090423583984, 0.10921501368284225, 3.421027183532715, 8.005701065063477, 0.09428320080041885, 5.349238395690918, 6.999545097351074, 0.08931382745504379, 6.999545097351074, 5.6564812660217285, 0.09598187357187271, 8.465522766113281, 4.1999688148498535, 0.11203980445861816, 10.13962173461914, 1.9261213541030884, 0.13207511603832245, 9.683265686035156, 4.952612230507735e-16, 0.14933468401432037, 8.08823013305664, -1.7112011909484863, 0.15800100564956665, 8.602788925170898, -3.2801966667175293, 0.15515299141407013, 7.919095039367676, -5.753703594207764, 0.14175058901309967, 8.6110258102417, -7.813765525817871, 0.12231123447418213, 7.813765525817871, -7.893248558044434, 0.10338716208934784, 5.274100303649902, -9.076123237609863, 0.09135694056749344, 3.759453535079956, -8.69912338256836, 0.09027548879384995, 1.7303632497787476, -10.194315910339355, 0.10050731152296066, 1.2484436609031262e-15, -8.649044036865234, 0.1186036691069603, -1.7204017639160156, -9.336077690124512, 0.13846498727798462, -3.8671298027038574, -7.513495445251465, 0.15339680016040802, -5.020357131958008, -7.018089771270752, 0.15836617350578308, -7.018089771270752, -6.055747985839844, 0.15169812738895416, -9.063067436218262, -4.206588268280029, 0.1356402039527893, -10.15560245513916, -2.0241897106170654, 0.11560488492250443, -10.176288604736328, -1.597172948639234e-15, 0.0983453094959259, -8.694604873657227, 1.9193456172943115, 0.08967899531126022, -9.649202346801758, 3.6186580657958984, 0.09252700954675674, -8.736213684082031, 5.381002902984619, 0.1059294119477272, -8.053239822387695, 7.460324287414551, 0.12536877393722534, -7.460324287414551, 9.260458946228027, 0.14429283142089844, -6.187641143798828, 8.111393928527832, 0.15632306039333344, -3.359849452972412, 9.495265007019043, 0.15740451216697693, -1.8887256383895874]
            n (float, 291):  [-7.2986185841728e-05, 1.0, 7.919252675492316e-05, 0.026515163481235504, 0.9981191754341125, 0.05527259036898613, 0.022561272606253624, 0.9966928958892822, 0.07806511968374252, 0.014766206964850426, 0.9975144267082214, 0.06889770179986954, 0.02314165234565735, 0.9979019165039062, 0.06046685948967934, 0.036295294761657715, 0.9988760352134705, 0.030485786497592926, 0.06280183792114258, 0.9978604316711426, 0.018179485574364662, 0.07445642352104187, 0.9971688389778137, 0.010513046756386757, 0.06702234596014023, 0.9975636005401611, 0.019360002130270004, 0.05095889791846275, 0.9984039664268494, 0.02434774488210678, 0.007679648697376251, 0.9997169375419617, 0.022519759833812714, -0.03804073482751846, 0.9992544651031494, 0.006584668066352606, -0.06411635875701904, 0.9979072213172913, -0.008389689959585667, -0.07088642567396164, 0.997266411781311, -0.020850392058491707, -0.0675833523273468, 0.9974867105484009, -0.021277841180562973, -0.05244099721312523, 0.9986046552658081, -0.0062131923623383045, -0.04901681840419769, 0.9985312223434448, 0.023081617429852486, -0.04412013292312622, 0.9979182481765747, 0.04703880473971367, -0.054112304002046585, 0.9966135621070862, 0.06191388890147209, -0.05189768224954605, 0.9974526762962341, 0.048935648053884506, -0.04033438861370087, 0.9989827871322632, 0.020164314657449722, -0.0132674565538764, 0.9997589588165283, -0.017491120845079422, 0.023341698572039604, 0.9987625479698181, -0.043914422392845154, 0.04525916650891304, 0.9976503849029541, -0.05143356695771217, 0.061555974185466766, 0.996772050857544, -0.051540303975343704, 0.04570880904793739, 0.9976912140846252, -0.05022868514060974, 0.019530566409230232, 0.9987385869026184, -0.046259358525276184, -0.006114479620009661, 0.9981643557548523, -0.060254648327827454, -0.02277054265141487, 0.9974808692932129, -0.06718143820762634, -0.021378234028816223, 0.9969066381454468, -0.07563184946775436, -0.009130321443080902, 0.997965931892395, -0.06309192627668381, 0.010976282879710197, 0.999416708946228, -0.03233689069747925, 0.025186585262417793, 0.9996675848960876, 0.005521648097783327, 0.036700885742902756, 0.9990677833557129, 0.022730598226189613, 0.02195432409644127, 0.9984430074691772, 0.05128024145960808, 0.011877087876200676, 0.9990556836128235, 0.04179254546761513, 0.009551489725708961, 0.9995627999305725, 0.027981631457805634, 0.017806807532906532, 0.9997513294219971, 0.013424795120954514, 0.03511055186390877, 0.9993777871131897, 0.003353322623297572, 0.03286552056670189, 0.9994000196456909, 0.010928644798696041, 0.03581845387816429, 0.9989985823631287, 0.026814185082912445, 0.025689296424388885, 0.9982619881629944, 0.053038131445646286, 0.0017337804893031716, 0.9980608224868774, 0.06222175061702728, -0.02908247895538807, 0.9985429048538208, 0.045456722378730774, -0.042877957224845886, 0.9990207552909851, 0.010910775512456894, -0.044384583830833435, 0.9989923238754272, -0.006663619074970484, -0.03724846616387367, 0.9992354512214661, -0.011872935108840466, -0.026569930836558342, 0.999638557434082, -0.004105123691260815, -0.019982686266303062, 0.9997209906578064, 0.012595973908901215, -0.02405727654695511, 0.9994741678237915, 0.02174159325659275, -0.03956228494644165, 0.9985166192054749, 0.03740818053483963, -0.04546315222978592, 0.9987789988517761, 0.019330428913235664, -0.04531127214431763, 0.9989655613899231, -0.003841330297291279, -0.0327971987426281, 0.9992117285728455, -0.022364825010299683, 0.0008100912091322243, 0.9992547631263733, -0.03859078511595726, 0.020419983193278313, 0.9990423917770386, -0.03869485855102539, 0.035280466079711914, 0.9988247752189636, -0.03323126584291458, 0.03236036375164986, 0.9990993142127991, -0.027446096763014793, 0.009919418022036552, 0.9997444152832031, -0.020314963534474373, -0.006765388417989016, 0.99944669008255, -0.03256712481379509, -0.013679904863238335, 0.9991685748100281, -0.0384061262011528, -0.011916188523173332, 0.998517632484436, -0.053109731525182724, 0.015900693833827972, 0.99940025806427, -0.03076031245291233, 0.03148166090250015, 0.9991899728775024, -0.025065330788493156, 0.039501458406448364, 0.9991903305053711, -0.00764063885435462, 0.03924902528524399, 0.9991577863693237, 0.01197049394249916, 0.0227340217679739, 0.9993622303009033, 0.02753368765115738, 0.012881834991276264, 0.9993844628334045, 0.032632023096084595, 0.008511894382536411, 0.9998403787612915, 0.01571020856499672, 0.010976928286254406, 0.9999152421951294, 0.006999719887971878, 0.023425977677106857, 0.9997196793556213, 0.003442547284066677, 0.022686347365379333, 0.9996634125709534, 0.012585759162902832, 0.011769324541091919, 0.9994652271270752, 0.03050796501338482, 0.014479611068964005, 0.9971769452095032, 0.07367750257253647, -0.005591792054474354, 0.995753288269043, 0.09189210832118988, -0.02634875290095806, 0.9976092576980591, 0.06388696283102036, -0.026805713772773743, 0.9994083642959595, 0.02155025117099285, -0.03222537413239479, 0.9994768500328064, 0.002749975537881255, -0.030194852501153946, 0.9995221495628357, -0.006614025682210922, -0.019028356298804283, 0.9998166561126709, -0.0021392609924077988, -0.015580102801322937, 0.9998305439949036, 0.00980373565107584, -0.019466083496809006, 0.999726414680481, 0.01296399999409914, -0.03535391390323639, 0.9991844892501831, 0.019506394863128662, -0.04423435404896736, 0.9990123510360718, 0.004187921993434429, -0.05072185769677162, 0.9985387325286865, -0.01864808425307274, -0.03815827891230583, 0.998932421207428, -0.026038888841867447, -0.011029801331460476, 0.9993825554847717, -0.03336126357316971, 0.007158729247748852, 0.9994134902954102, -0.03348777815699577, 0.022205239161849022, 0.9992811679840088, -0.030724190175533295, 0.021542463451623917, 0.9995540380477905, -0.020677942782640457, 0.004047272261232138, 0.9999194145202637, -0.012032350525259972, -0.0038634464144706726, 0.999851405620575, -0.016801265999674797, -0.00828920491039753, 0.9995315670967102, -0.029460359364748, -0.0019841499160975218, 0.9992700219154358, -0.03815050795674324, 0.01658274233341217, 0.9995062947273254, -0.026685616001486778, 0.04632291942834854, 0.9988135099411011, -0.015025936998426914, 0.047843754291534424, 0.998788595199585, -0.01149763260036707]
            ta (float, 388):  [1.0, 7.298600394278765e-05, 3.264868198016302e-08, 1.0, 0.999647319316864, -0.026554401963949203, -2.4519931685063057e-05, 1.0, 0.9997440576553345, -0.022621657699346542, -0.00011085037840530276, 1.0, 0.9998906850814819, -0.014783250167965889, -0.00026252929819747806, 1.0, 0.9997315406799316, -0.023167666047811508, -0.00027091597439721227, 1.0, 0.9993404746055603, -0.036312490701675415, 1.0424511856399477e-05, 1.0, 0.9980252981185913, -0.06281353533267975, 7.275398093042895e-05, 1.0, 0.9972239136695862, -0.07446173578500748, 0.0001143844856414944, 1.0, 0.9977501034736633, -0.0670410543680191, 0.0003181744832545519, 1.0, 0.9986997246742249, -0.050977230072021484, 0.00013295670214574784, 1.0, 0.9999704957008362, -0.007682600989937782, 4.462529977899976e-05, 1.0, 0.9992762207984924, 0.038041695952415466, -2.0804487576242536e-05, 1.0, 0.9979422092437744, 0.06411916017532349, 6.624986417591572e-05, 1.0, 0.9974828362464905, 0.07090752571821213, 0.0002732295251917094, 1.0, 0.9977124929428101, 0.0676010474562645, 0.00011245099449297413, 1.0, 0.9986239075660706, 0.05244210362434387, 1.584759411343839e-05, 1.0, 0.9987972974777222, 0.04903063550591469, -3.261442179791629e-05, 1.0, 0.9990236759185791, 0.044177062809467316, -0.00017090309120249003, 1.0, 0.9985286593437195, 0.054227251559495926, -0.00017651848611421883, 1.0, 0.9986487627029419, 0.0519670695066452, -0.00014593398373108357, 1.0, 0.9991858601570129, 0.040344346314668655, -8.6915199062787e-05, 1.0, 0.9999120235443115, 0.013269086368381977, -2.3087170120561495e-05, 1.0, 0.9997267127037048, -0.02337578311562538, -0.00026268913643434644, 1.0, 0.9989709854125977, -0.04534956440329552, -0.0005914063658565283, 1.0, 0.9980970621109009, -0.06165991723537445, -0.0004277658590581268, 1.0, 0.9989513754844666, -0.04578183591365814, -0.00030379448435269296, 1.0, 0.9998089075088501, -0.019552284851670265, -1.7002481399686076e-05, 1.0, 0.9999811053276062, 0.006141001358628273, 0.00025502985226921737, 1.0, 0.9997389912605286, 0.02284279465675354, 0.00030741520458832383, 1.0, 0.9997690320014954, 0.02148127369582653, 0.0005491146584972739, 1.0, 0.9999579787254333, 0.00916417594999075, 0.00024721320369280875, 1.0, 0.9999397397041321, -0.010979857295751572, 6.703688995912671e-05, 1.0, 0.9996827840805054, -0.02518700435757637, 6.579834007425234e-06, 1.0, 0.9993257522583008, -0.036714501678943634, 0.0001818454620661214, 1.0, 0.999758243560791, -0.02198929898440838, 0.00011789325799327344, 1.0, 0.9999292492866516, -0.011893097311258316, 0.00013445259537547827, 1.0, 0.999954342842102, -0.009556221775710583, 3.533145718392916e-05, 1.0, 0.9998415112495422, -0.017808495089411736, 6.154538823466282e-06, 1.0, 0.9993835091590881, -0.03511076048016548, 2.021708041866077e-06, 1.0, 0.9994597434997559, -0.032867494970560074, 8.586928856857412e-07, 1.0, 0.9993578195571899, -0.03583298623561859, 6.146370287751779e-05, 1.0, 0.9996669888496399, -0.025783758610486984, 0.0010973842581734061, 1.0, 0.9999984502792358, -0.0017342364881187677, -4.6676210331497714e-05, 1.0, 0.9995735883712769, 0.029172727838158607, -0.0013230638578534126, 1.0, 0.9990801811218262, 0.04288154095411301, -9.488315117778257e-05, 1.0, 0.9990144968032837, 0.044385526329278946, -6.807988029322587e-06, 1.0, 0.9993058443069458, 0.03725127875804901, 1.589717430761084e-05, 1.0, 0.9996469020843506, 0.026570171117782593, 3.5955220027972246e-06, 1.0, 0.9998003244400024, 0.01998421736061573, 4.457066097529605e-06, 1.0, 0.9997103810310364, 0.024063343182206154, -1.7538211977807805e-05, 1.0, 0.9992159605026245, 0.03959156200289726, -4.182775955996476e-05, 1.0, 0.9989656805992126, 0.04547199234366417, -1.7659380318946205e-05, 1.0, 0.9989728927612305, 0.04531167447566986, 1.953553146449849e-05, 1.0, 0.999461829662323, 0.03280355781316757, -8.25335955596529e-05, 1.0, 0.9999996423721313, -0.0008132596267387271, -6.641203799517825e-05, 1.0, 0.9997912645339966, -0.020434178411960602, 2.8688920792774297e-05, 1.0, 0.9993767142295837, -0.03530174866318703, -5.370452345232479e-05, 1.0, 0.9994758367538452, -0.032374896109104156, -8.500018884660676e-05, 1.0, 0.9999507665634155, -0.009921901859343052, -2.1527044737013057e-05, 1.0, 0.9999769926071167, 0.006771389860659838, 7.40211398806423e-05, 1.0, 0.9999061822891235, 0.013697213493287563, 0.00018757555517368019, 1.0, 0.9999287128448486, 0.011940876953303814, 0.00014757046301383525, 1.0, 0.9998735189437866, -0.01590641215443611, 5.873955524293706e-05, 1.0, 0.999504029750824, -0.031493451446294785, -7.563816325273365e-05, 1.0, 0.9992194771766663, -0.03950265422463417, -5.6451699492754415e-06, 1.0, 0.9992293119430542, -0.03925156965851784, -2.247914562758524e-05, 1.0, 0.9997414350509644, -0.022739529609680176, -0.00011306506348773837, 1.0, 0.9999169111251831, -0.012888509780168533, -5.800504823127994e-06, 1.0, 0.9999637603759766, -0.00851290114223957, -2.783292075037025e-06, 1.0, 0.9999397397041321, -0.01097719743847847, 1.6672636604653235e-07, 1.0, 0.9997255802154541, -0.02342609316110611, -6.66641471980256e-06, 1.0, 0.9997426271438599, -0.022686971351504326, -9.332683112006634e-05, 1.0, 0.9999307990074158, -0.011766030453145504, -0.00028752678190357983, 1.0, 0.999894380569458, -0.014526361599564552, 9.8695709311869e-05, 1.0, 0.9999842643737793, 0.0056156618520617485, -1.189222189168504e-06, 1.0, 0.9996514916419983, 0.026401245966553688, 2.2582813471672125e-05, 1.0, 0.9996406435966492, 0.02680586650967598, 0.0002818825014401227, 1.0, 0.9994807243347168, 0.032225437462329865, 2.2428823285736144e-05, 1.0, 0.9995439648628235, 0.030195455998182297, -8.671042451169342e-06, 1.0, 0.9998189210891724, 0.019028374925255775, -1.1814087883976754e-05, 1.0, 0.9998785853385925, 0.015580845065414906, 5.370243343350012e-07, 1.0, 0.9998105764389038, 0.019467046484351158, 5.214310294832103e-05, 1.0, 0.9993746280670166, 0.03536028042435646, 1.8616887246025726e-05, 1.0, 0.9990211725234985, 0.044234633445739746, 2.671215042937547e-05, 1.0, 0.998712420463562, 0.0507298968732357, -4.18734853155911e-05, 1.0, 0.9992711544036865, 0.038172490894794464, 4.8617181164445356e-05, 1.0, 0.9999390840530396, 0.01104094460606575, 0.00014984495646785945, 1.0, 0.9999744296073914, -0.007154863327741623, 0.0002352788724238053, 1.0, 0.9997532367706299, -0.022212013602256775, 0.00012086280185030773, 1.0, 0.9997678399085999, -0.021546347066760063, 3.495430792099796e-05, 1.0, 0.999991774559021, -0.0040472326800227165, 2.7650059564621188e-05, 1.0, 0.9999924898147583, 0.0038632105570286512, -4.6463006583508104e-05, 1.0, 0.9999656081199646, 0.008286961354315281, -0.00019822044123429805, 1.0, 0.9999980926513672, 0.001975803170353174, -0.0002565053291618824, 1.0, 0.9998622536659241, -0.016594305634498596, -0.0002119346463587135, 1.0, 0.9989262223243713, -0.04632794111967087, 1.3665904589288402e-05, 1.0, 0.9988547563552856, -0.04784664884209633, 2.384068284300156e-05, 1.0]
            u0 (float, 194):  [0.5, 0.5, 0.6650986671447754, 0.5, 0.650367021560669, 0.4700901508331299, 0.6510525345802307, 0.4374319911003113, 0.6286090612411499, 0.4140661358833313, 0.614738941192627, 0.38526105880737305, 0.5864182710647583, 0.37066590785980225, 0.5612330436706543, 0.35217034816741943, 0.5312416553497314, 0.34293752908706665, 0.5, 0.3504840135574341, 0.46844005584716797, 0.3413373827934265, 0.44178077578544617, 0.35944634675979614, 0.4120997190475464, 0.3684479594230652, 0.38415250182151794, 0.38415247201919556, 0.3665482997894287, 0.41083043813705444, 0.3498574197292328, 0.43780893087387085, 0.3484204411506653, 0.4698489308357239, 0.34203600883483887, 0.5, 0.3502424657344818, 0.529788613319397, 0.3540530204772949, 0.5604532063007355, 0.37366724014282227, 0.5844128429889679, 0.3829473555088043, 0.6170526444911957, 0.4142898917198181, 0.6282742321491241, 0.4387764632701874, 0.6478066444396973, 0.4690311849117279, 0.6556906998157501, 0.5, 0.6569071114063263, 0.5321828126907349, 0.6617937684059143, 0.5614482760429382, 0.64834925532341, 0.5904605984687805, 0.6353838741779327, 0.607863187789917, 0.607863187789917, 0.6265868544578552, 0.5845826268196106, 0.6389659643173218, 0.557561606168747, 0.6599588990211487, 0.5318177938461304, 0.822799801826477, 0.5, 0.7819840312004089, 0.4439098834991455, 0.7899469137191772, 0.3799000382423401, 0.7642329335212708, 0.323445200920105, 0.7227616310119629, 0.2772383689880371, 0.6805028915405273, 0.22985833883285522, 0.6335738897323608, 0.1775241494178772, 0.559971034526825, 0.1985052227973938, 0.5, 0.1738094687461853, 0.4347030222415924, 0.1717299222946167, 0.3700753450393677, 0.18633413314819336, 0.32712119817733765, 0.2412685751914978, 0.27434128522872925, 0.27434128522872925, 0.22344689071178436, 0.315213143825531, 0.19780591130256653, 0.3748270869255066, 0.17155836522579193, 0.4346688985824585, 0.17903895676136017, 0.5, 0.20786356925964355, 0.5581095516681671, 0.20111945271492004, 0.6238003671169281, 0.2363535612821579, 0.6761628985404968, 0.2668253779411316, 0.7331746220588684, 0.32593634724617004, 0.7605046778917313, 0.3770334720611572, 0.7968674302101135, 0.43496784567832947, 0.826938658952713, 0.5, 0.8023989945650101, 0.559933602809906, 0.8013064712285995, 0.6103914380073547, 0.7665084898471832, 0.6727815866470337, 0.7585859447717667, 0.7081660628318787, 0.7081660628318787, 0.769618809223175, 0.6801535487174988, 0.7715795636177063, 0.6124919354915619, 0.7996525764465332, 0.5596046149730682, 0.9530101418495178, 0.5, 1.0219238996505737, 0.3961828947067261, 0.9001497030258179, 0.3342525362968445, 0.887873113155365, 0.24083149433135986, 0.8391252160072327, 0.16087478399276733, 0.7740543484687805, 0.08984869718551636, 0.7034868597984314, 0.008739233016967773, 0.593319833278656, 0.03084951639175415, 0.5, 0.10812842845916748, 0.4170929789543152, 0.0831981897354126, 0.34107574820518494, 0.11632293462753296, 0.2212352752685547, 0.08279913663864136, 0.12142609804868698, 0.12142610549926758, 0.11757516115903854, 0.24447190761566162, 0.06026533618569374, 0.31785595417022705, 0.07853083312511444, 0.4161645770072937, 0.006089340429753065, 0.5, 0.08095718175172806, 0.58335280418396, 0.047670669853687286, 0.687360942363739, 0.13597404956817627, 0.7432343661785126, 0.15997625887393951, 0.8400237411260605, 0.2066013664007187, 0.9391020908951759, 0.2961924374103546, 0.9920349922031164, 0.40192878246307373, 0.9930372526869178, 0.5, 0.9212502166628838, 0.5929915308952332, 0.9675000980496407, 0.6753225922584534, 0.9232661500573158, 0.7607074975967407, 0.8901763558387756, 0.8614498376846313, 0.8614498227834702, 0.9486656785011292, 0.7997888028621674, 0.8929939270019531, 0.6627834141254425, 0.960041880607605, 0.5915080308914185]
            tri (int, 480):  [0, 2, 1, 0, 3, 2, 0, 4, 3, 0, 5, 4, 0, 6, 5, 0, 7, 6, 0, 8, 7, 0, 9, 8, 0, 10, 9, 0, 11, 10, 0, 12, 11, 0, 13, 12, 0, 14, 13, 0, 15, 14, 0, 16, 15, 0, 17, 16, 0, 18, 17, 0, 19, 18, 0, 20, 19, 0, 21, 20, 0, 22, 21, 0, 23, 22, 0, 24, 23, 0, 25, 24, 0, 26, 25, 0, 27, 26, 0, 28, 27, 0, 29, 28, 0, 30, 29, 0, 31, 30, 0, 32, 31, 0, 1, 32, 1, 34, 33, 1, 2, 34, 2, 35, 34, 2, 3, 35, 3, 36, 35, 3, 4, 36, 4, 37, 36, 4, 5, 37, 5, 38, 37, 5, 6, 38, 6, 39, 38, 6, 7, 39, 7, 40, 39, 7, 8, 40, 8, 41, 40, 8, 9, 41, 9, 42, 41, 9, 10, 42, 10, 43, 42, 10, 11, 43, 11, 44, 43, 11, 12, 44, 12, 45, 44, 12, 13, 45, 13, 46, 45, 13, 14, 46, 14, 47, 46, 14, 15, 47, 15, 48, 47, 15, 16, 48, 16, 49, 48, 16, 17, 49, 17, 50, 49, 17, 18, 50, 18, 51, 50, 18, 19, 51, 19, 52, 51, 19, 20, 52, 20, 53, 52, 20, 21, 53, 21, 54, 53, 21, 22, 54, 22, 55, 54, 22, 23, 55, 23, 56, 55, 23, 24, 56, 24, 57, 56, 24, 25, 57, 25, 58, 57, 25, 26, 58, 26, 59, 58, 26, 27, 59, 27, 60, 59, 27, 28, 60, 28, 61, 60, 28, 29, 61, 29, 62, 61, 29, 30, 62, 30, 63, 62, 30, 31, 63, 31, 64, 63, 31, 32, 64, 32, 33, 64, 33, 32, 1, 33, 66, 65, 33, 34, 66, 34, 67, 66, 34, 35, 67, 35, 68, 67, 35, 36, 68, 36, 69, 68, 36, 37, 69, 37, 70, 69, 37, 38, 70, 38, 71, 70, 38, 39, 71, 39, 72, 71, 39, 40, 72, 40, 73, 72, 40, 41, 73, 41, 74, 73, 41, 42, 74, 42, 75, 74, 42, 43, 75, 43, 76, 75, 43, 44, 76, 44, 77, 76, 44, 45, 77, 45, 78, 77, 45, 46, 78, 46, 79, 78, 46, 47, 79, 47, 80, 79, 47, 48, 80, 48, 81, 80, 48, 49, 81, 49, 82, 81, 49, 50, 82, 50, 83, 82, 50, 51, 83, 51, 84, 83, 51, 52, 84, 52, 85, 84, 52, 53, 85, 53, 86, 85, 53, 54, 86, 54, 87, 86, 54, 55, 87, 55, 88, 87, 55, 56, 88, 56, 89, 88, 56, 57, 89, 57, 90, 89, 57, 58, 90, 58, 91, 90, 58, 59, 91, 59, 92, 91, 59, 60, 92, 60, 93, 92, 60, 61, 93, 61, 94, 93, 61, 62, 94, 62, 95, 94, 62, 63, 95, 63, 96, 95, 63, 64, 96, 64, 65, 96, 65, 64, 33]
            boundingsphere (float, 4):  [0.28909730911254883, 0.2750568985939026, -0.01833343505859375, 11.270381545594159]
            aabb:
                min (float, 3):  [-10.194315910339355, 0.08931382745504379, -10.176288604736328]
                max (float, 3):  [10.772510528564453, 0.4607999920845032, 10.13962173461914]
            material:
                shader (str, 1):  ['PdxMeshAdvanced']
                diff (str, 1):  ['air_winter_island_oceanic_phase_6_diff.dds']
                spec (str, 1):  ['air_winter_island_oceanic_spec.dds']
                n (str, 1):  ['air_winter_island_oceanic_n.dds']
locator:
