pdxasset (int, 2):  [1, 0]
object:
    air_winter_mediterranean_frozen_water:
        mesh:
            p (float, 291):  [0.0, 0.41600000858306885, 0.0, 2.4396655559539795, 0.23830528557300568, 0.0, 2.585092544555664, 0.20639261603355408, 0.5142068862915039, 2.4384543895721436, 0.20218883454799652, 1.0100408792495728, 1.9821559190750122, 0.2271108627319336, 1.3244342803955078, 1.846971869468689, 0.27275845408439636, 1.846971869468689, 1.430776596069336, 0.32374563813209534, 2.141308546066284, 0.9818845987319946, 0.36288657784461975, 2.370479106903076, 0.4644216001033783, 0.3769884407520294, 2.3348050117492676, 1.5962435152680796e-16, 0.3612980246543884, 2.606863498687744, -0.4842742383480072, 0.32110396027565, 2.4346108436584473, -0.9952995181083679, 0.2699540853500366, 2.4028656482696533, -1.4033582210540771, 0.22508901357650757, 2.100273847579956, -1.8302149772644043, 0.20163100957870483, 1.8302149772644043, -2.144587755203247, 0.2074868381023407, 1.4329677820205688, -2.2832913398742676, 0.24068273603916168, 0.9457702040672302, -2.513728380203247, 0.2900296747684479, 0.500011682510376, -2.645796537399292, 0.33889472484588623, 3.240165985741512e-16, -2.5742709636688232, 0.37080737948417664, -0.5120543241500854, -2.4286746978759766, 0.3750111758708954, -1.0059900283813477, -2.0001938343048096, 0.3500891327857971, -1.33648681640625, -1.806606411933899, 0.30444154143333435, -1.806606411933899, -1.451062798500061, 0.2534543573856354, -2.1716690063476562, -0.9421972632408142, 0.21431341767311096, -2.274665355682373, -0.466281920671463, 0.2002115547657013, -2.3441574573516846, -4.748053773745821e-16, 0.21590198576450348, -2.5847201347351074, 0.49427172541618347, 0.2560960352420807, -2.4848716259002686, 1.0121524333953857, 0.3072459399700165, -2.443552255630493, 1.3598580360412598, 0.35211098194122314, -2.0351715087890625, 1.698630690574646, 0.3755689859390259, -1.698630690574646, 2.1100242137908936, 0.36971315741539, -1.409873127937317, 2.4126696586608887, 0.3365172743797302, -0.9993604421615601, 2.5078980922698975, 0.28717032074928284, -0.4988519251346588, 4.595693111419678, 0.14990529417991638, 0.0, 4.76062536239624, 0.11799261718988419, 0.9469472765922546, 4.268221378326416, 0.11378883570432663, 1.7679551839828491, 4.09617280960083, 0.1387108564376831, 2.7369754314422607, 3.776073932647705, 0.18435846269130707, 3.776073932647705, 2.7663557529449463, 0.23534563183784485, 4.140143871307373, 1.9410804510116577, 0.27448657155036926, 4.686182498931885, 0.9225733876228333, 0.28858843445777893, 4.638089656829834, 3.0930609796984694e-16, 0.27289801836013794, 5.051352024078369, -1.0874965190887451, 0.23270395398139954, 5.467214107513428, -1.8831062316894531, 0.18155407905578613, 4.546220779418945, -2.67643404006958, 0.13668900728225708, 4.005566596984863, -3.7075603008270264, 0.11323100328445435, 3.7075603008270264, -4.5384907722473145, 0.1190868392586708, 3.032522678375244, -4.195691108703613, 0.1522827446460724, 1.7379121780395508, -5.08603048324585, 0.2016296684741974, 1.011674404144287, -5.144384384155273, 0.25049471855163574, 6.300053714154155e-16, -5.049422264099121, 0.28240737318992615, -1.0043925046920776, -4.6623005867004395, 0.2866111695766449, -1.9311881065368652, -4.349969863891602, 0.26168912649154663, -2.9065568447113037, -3.8315184116363525, 0.21604153513908386, -3.8315184116363525, -2.6443161964416504, 0.16505436599254608, -3.957498788833618, -1.7759937047958374, 0.12591341137886047, -4.287628173828125, -0.9051709771156311, 0.111811563372612, -4.550601959228516, -9.349671432779135e-16, 0.127501979470253, -5.089723587036133, 0.9262051582336426, 0.1676960438489914, -4.656347751617432, 1.9138212203979492, 0.2188459187746048, -4.620373249053955, 2.812350034713745, 0.26371100544929504, -4.20897912979126, 3.5088889598846436, 0.2871689796447754, -3.5088889598846436, 4.299899101257324, 0.2813131511211395, -2.873100757598877, 4.675172805786133, 0.24811725318431854, -1.936519980430603, 4.96824836730957, 0.19877032935619354, -0.9882460236549377, 8.083995819091797, 0.09404892474412918, 0.0, 6.948529243469238, 0.08278562873601913, 1.3821483850479126, 5.767972946166992, 0.08130194246768951, 2.3891725540161133, 6.981842994689941, 0.09009794890880585, 4.665118217468262, 4.989756107330322, 0.10620886832475662, 4.989756107330322, 3.9700114727020264, 0.12420433759689331, 5.941542148590088, 2.475421905517578, 0.13801878690719604, 5.976196765899658, 1.480810284614563, 0.1429959237575531, 7.444536209106445, 4.994635123207797e-16, 0.13745813071727753, 8.15685749053955, -1.2412551641464233, 0.12327197939157486, 6.240211486816406, -2.8918697834014893, 0.10521908849477768, 6.98159122467041, -3.4928033351898193, 0.08938435465097427, 5.227349758148193, -5.093989849090576, 0.0811050608754158, 5.093989849090576, -5.4523820877075195, 0.08317182958126068, 3.643165111541748, -7.356660842895508, 0.09488802403211594, 3.0472285747528076, -8.283072471618652, 0.11230459064245224, 1.6476056575775146, -7.478733062744141, 0.12955106794834137, 9.158806322400771e-16, -6.920034885406494, 0.14081436395645142, -1.3764804601669312, -7.369891166687012, 0.14229805767536163, -3.052708864212036, -6.7830047607421875, 0.1335020512342453, -4.532258987426758, -4.483060359954834, 0.11739113181829453, -4.483060359954834, -4.087836265563965, 0.09939566254615784, -6.1178789138793945, -3.0462911128997803, 0.0855812057852745, -7.354397296905518, -1.6412322521209717, 0.08060408383607864, -8.251031875610352, -1.208009696132995e-15, 0.08614187687635422, -6.576098442077637, 1.6261581182479858, 0.10032802075147629, -8.175249099731445, 2.580728769302368, 0.11838091164827347, -6.2304301261901855, 4.25721549987793, 0.13421563804149628, -6.371373653411865, 5.814738750457764, 0.14249493181705475, -5.814738750457764, 6.7967658042907715, 0.14042817056179047, -4.541453838348389, 6.426631927490234, 0.12871196866035461, -2.6619980335235596, 7.762024402618408, 0.11129540950059891, -1.5439627170562744]
            n (float, 291):  [2.710044282139279e-05, 0.9999998211860657, -0.0003837085678242147, 0.05926205962896347, 0.9960143566131592, 0.06665883213281631, 0.052143245935440063, 0.99811190366745, 0.03245954588055611, 0.05695882439613342, 0.9982812404632568, 0.013797033578157425, 0.08706869184970856, 0.9960658550262451, -0.01649341732263565, 0.08773396164178848, 0.9956984519958496, -0.029787816107273102, 0.07860223948955536, 0.9968557357788086, -0.010012977756559849, 0.046405091881752014, 0.9988539814949036, 0.011720147915184498, 0.0038618200924247503, 0.9997045397758484, 0.023999730125069618, -0.03682811185717583, 0.9989184141159058, 0.02838643454015255, -0.08200503140687943, 0.9964484572410583, 0.019126851111650467, -0.0925661101937294, 0.9956579804420471, 0.009832251816987991, -0.07821953296661377, 0.9967911243438721, 0.017005467787384987, -0.04560653120279312, 0.9983740448951721, 0.034194640815258026, -0.033263199031353, 0.9982742667198181, 0.048393603414297104, -0.026069296523928642, 0.9960888624191284, 0.08442333340644836, -0.022862771525979042, 0.9950413107872009, 0.09679992496967316, -0.03149087354540825, 0.9973730444908142, 0.06523231416940689, -0.030798716470599174, 0.9992703199386597, 0.022589268162846565, -0.016628092154860497, 0.9994959831237793, -0.027044545859098434, 0.00919167697429657, 0.9977959990501404, -0.06571710854768753, 0.027493705973029137, 0.996383786201477, -0.08039553463459015, 0.0413413867354393, 0.9954535365104675, -0.0858088880777359, 0.029197245836257935, 0.9965012669563293, -0.07831145077943802, -0.02375074289739132, 0.9976088404655457, -0.06490402668714523, -0.05221428722143173, 0.9972354769706726, -0.05286778137087822, -0.06609202176332474, 0.9956504106521606, -0.06566611677408218, -0.057539571076631546, 0.9962204694747925, -0.06506922841072083, -0.027139559388160706, 0.9981632828712463, -0.0541616715490818, 0.005099664907902479, 0.999559760093689, -0.029227958992123604, 0.03734691068530083, 0.9992623329162598, 0.00894201546907425, 0.05568517744541168, 0.9972231388092041, 0.04944830760359764, 0.058754391968250275, 0.995075523853302, 0.0798291340470314, 0.03262649476528168, 0.9984620213508606, 0.0448230616748333, 0.022905591875314713, 0.9994513988494873, 0.0239231139421463, 0.0345369391143322, 0.9994012117385864, 0.0021100223530083895, 0.04682668298482895, 0.9987219572067261, -0.019018718972802162, 0.04981670528650284, 0.9987583160400391, 0.0002685588551685214, 0.055233683437108994, 0.9983066320419312, 0.018253030255436897, 0.04340481013059616, 0.9981889724731445, 0.04165026918053627, 0.01666979119181633, 0.9989783763885498, 0.04200329631567001, -0.023052724078297615, 0.9988723993301392, 0.04150206968188286, -0.05225863680243492, 0.9977203607559204, 0.04269816726446152, -0.06508895009756088, 0.9977849125862122, 0.013734527863562107, -0.04710771143436432, 0.9988354444503784, 0.01041952334344387, -0.020166978240013123, 0.9996069669723511, 0.019472399726510048, -0.014534327201545238, 0.9995604157447815, 0.025841698050498962, -0.014576336368918419, 0.9983842968940735, 0.05492095276713371, -0.021717246621847153, 0.9986398220062256, 0.04740065708756447, -0.04190421104431152, 0.9986914992332458, 0.029315674677491188, -0.05139447748661041, 0.9986420273780823, 0.008532112464308739, -0.03731687739491463, 0.9991124272346497, -0.019538233056664467, -0.013069425709545612, 0.998400866985321, -0.05499844253063202, 0.0016388609074056149, 0.9976614117622375, -0.06833008676767349, 0.021086273714900017, 0.9982166886329651, -0.055847711861133575, 0.014083076268434525, 0.9992454051971436, -0.03619737550616264, -0.010192914865911007, 0.9995989203453064, -0.026420550420880318, -0.025689076632261276, 0.9993310570716858, -0.026029545813798904, -0.03703596070408821, 0.9984467625617981, -0.041621576994657516, -0.02533695288002491, 0.998216986656189, -0.05404674634337425, -0.008187740109860897, 0.9983866810798645, -0.05618738755583763, 0.018626242876052856, 0.9991729855537415, -0.036142945289611816, 0.04704761505126953, 0.9988864064216614, -0.0035257029812783003, 0.05491410940885544, 0.9982579946517944, 0.021570606157183647, 0.04044781252741814, 0.998617947101593, 0.03355763480067253, 0.020835774019360542, 0.9994513392448425, 0.025744544342160225, 0.014063389040529728, 0.9996635317802429, 0.021795284003019333, 0.022737976163625717, 0.9997342228889465, -0.0037818155251443386, 0.029170887544751167, 0.9995560050010681, -0.00606893515214324, 0.03699301555752754, 0.999250054359436, 0.011438554152846336, 0.0442626029253006, 0.9982925057411194, 0.03811637684702873, 0.0434006005525589, 0.9974210262298584, 0.057165320962667465, 0.023730188608169556, 0.9985105991363525, 0.0491265207529068, -0.01263253390789032, 0.9986132383346558, 0.05110827833414078, -0.04752498120069504, 0.9974273443222046, 0.053666405379772186, -0.042771633714437485, 0.9987220168113708, 0.026924433186650276, -0.03534300997853279, 0.999302864074707, 0.012026231735944748, -0.016464492306113243, 0.9997435808181763, 0.015548206865787506, -0.012705501168966293, 0.9996581077575684, 0.022850362583994865, -0.010031335055828094, 0.9992380142211914, 0.03772064298391342, -0.021886643022298813, 0.9993341565132141, 0.029193781316280365, -0.04594089463353157, 0.9988980293273926, 0.00960459839552641, -0.06300653517246246, 0.9980101585388184, 0.002436778275296092, -0.04745776578783989, 0.9987419247627258, -0.016192331910133362, -0.02876841090619564, 0.9985131025314331, -0.04630275443196297, -0.008867725729942322, 0.9974153637886047, -0.07130221277475357, 0.0017708068480715156, 0.999482274055481, -0.03212514892220497, 0.004595146048814058, 0.9998560547828674, -0.01633361540734768, 0.0010271159699186683, 0.9999262690544128, -0.012101100757718086, -0.017722995951771736, 0.9996430277824402, -0.019995270296931267, -0.016862936317920685, 0.9994099140167236, -0.02992366813123226, -0.008568515069782734, 0.9986879229545593, -0.05048706382513046, 0.003800786565989256, 0.9983987808227539, -0.056439660489559174, 0.02594185248017311, 0.9989392757415771, -0.03804425150156021, 0.04740921035408974, 0.9987844824790955, -0.013491160236299038, 0.05764847993850708, 0.998314619064331, 0.006667767185717821, 0.0321991927921772, 0.999354362487793, 0.01593986339867115]
            ta (float, 388):  [1.0, -2.710136686800979e-05, -8.904681436661122e-09, 1.0, 0.9982348084449768, -0.059391818940639496, -3.510868191369809e-05, 1.0, 0.9986381530761719, -0.052172090858221054, 4.162693949183449e-05, 1.0, 0.9983762502670288, -0.05696430802345276, 4.180593805358512e-06, 1.0, 0.99620121717453, -0.08708108216524124, -3.4236363717354834e-05, 1.0, 0.9961397051811218, -0.08778132498264313, -0.00028339505661278963, 1.0, 0.9969055652618408, -0.07860757410526276, -0.0001398626627633348, 1.0, 0.99892258644104, -0.04640892148017883, 5.4906024161027744e-05, 1.0, 0.9999926090240479, -0.003863242920488119, 1.2896412044938188e-05, 1.0, 0.9993205070495605, 0.03685601428151131, -0.00046003746683709323, 1.0, 0.9966304898262024, 0.08202333748340607, -0.0001731995726004243, 1.0, 0.9957060813903809, 0.09257137775421143, -8.00517518655397e-05, 1.0, 0.9969351291656494, 0.07823372632265091, -0.00016976609185803682, 1.0, 0.9989579916000366, 0.045638129115104675, -0.0001437005994375795, 1.0, 0.9994454383850098, 0.03329988569021225, 4.824394272873178e-05, 1.0, 0.9996584057807922, 0.026134101673960686, 0.0003376115346327424, 1.0, 0.9997372031211853, 0.022918950766324997, 0.0005316408933140337, 1.0, 0.9995020031929016, 0.031552303582429886, 8.849980076774955e-05, 1.0, 0.9995253086090088, 0.03080783598124981, -5.565457831835374e-05, 1.0, 0.9998617172241211, 0.01663126051425934, -0.00010780890443129465, 1.0, 0.9999572038650513, -0.009240439161658287, -0.00043808677583001554, 1.0, 0.9996185898780823, -0.027614815160632133, -0.00039467570604756474, 1.0, 0.9991354942321777, -0.04156405106186867, -0.000809132179711014, 1.0, 0.999569296836853, -0.02933851070702076, -0.0006537027657032013, 1.0, 0.9997168779373169, 0.023793665692210197, -0.00011167027696501464, 1.0, 0.998630940914154, 0.05230685696005821, 0.0003679755609482527, 1.0, 0.9977995157241821, 0.0662953108549118, 0.0009192104917019606, 1.0, 0.9983340501785278, 0.057697124779224396, 0.0005431780591607094, 1.0, 0.9996302127838135, 0.027192354202270508, 0.00023791476269252598, 1.0, 0.9999870657920837, -0.0051001026295125484, 5.957844769000076e-05, 1.0, 0.9993022680282593, -0.03734847903251648, 8.636747224954888e-06, 1.0, 0.9984444379806519, -0.05575575679540634, 4.810609607375227e-05, 1.0, 0.9982618689537048, -0.058935027569532394, -9.350574691779912e-05, 1.0, 0.999466598033905, -0.032655227929353714, -9.114714339375496e-05, 1.0, 0.999737560749054, -0.022911082953214645, -4.457801696844399e-05, 1.0, 0.9994033575057983, -0.03453701734542847, 4.083960334355652e-07, 1.0, 0.9989026188850403, -0.04683626815676689, -5.839621735503897e-05, 1.0, 0.9987583756446838, -0.049816716462373734, 4.0231843740912154e-06, 1.0, 0.9984729290008545, -0.05524338781833649, 2.779029637167696e-05, 1.0, 0.9990559220314026, -0.04344234988093376, -3.8101545669633197e-06, 1.0, 0.9998610019683838, -0.016676675528287888, -0.00018653048027772456, 1.0, 0.9997339844703674, 0.023061808198690414, 0.0002599030558485538, 1.0, 0.9986284971237183, 0.05234736204147339, -0.0009618457406759262, 1.0, 0.9978790879249573, 0.06509530544281006, -1.4887687939335592e-05, 1.0, 0.998889684677124, 0.04711025953292847, 1.1427321169321658e-06, 1.0, 0.9997965693473816, 0.020170629024505615, 8.848183824738953e-06, 1.0, 0.9998942017555237, 0.014544193632900715, -0.00019400037126615644, 1.0, 0.9998934268951416, 0.014595727436244488, 4.802986586582847e-05, 1.0, 0.9997636079788208, 0.021741680800914764, 9.775555298574545e-08, 1.0, 0.9991206526756287, 0.04192790761590004, -0.00019369150686543435, 1.0, 0.9986783862113953, 0.051396775990724564, -4.9923008191399276e-05, 1.0, 0.9993031620979309, 0.03732534870505333, 6.889913493068889e-05, 1.0, 0.9999139904975891, 0.013106752187013626, 0.00031802532612346113, 1.0, 0.9999985098838806, -0.0016121681546792388, 0.00044580429675988853, 1.0, 0.9997767806053162, -0.021125854924321175, -0.00011839711805805564, 1.0, 0.999900758266449, -0.014093101024627686, -2.1810261387145147e-05, 1.0, 0.9999479651451111, 0.010197353549301624, 3.329423634568229e-05, 1.0, 0.99966961145401, 0.025702206417918205, 0.00017001254309434444, 1.0, 0.9993128180503845, 0.03706658259034157, -3.607245162129402e-05, 1.0, 0.9996770620346069, 0.02540372870862484, 0.0005488075548782945, 1.0, 0.9999663233757019, 0.008193078450858593, -0.00013532984303310513, 1.0, 0.9998262524604797, -0.01863846741616726, -1.299057544201787e-06, 1.0, 0.9988927245140076, -0.047047894448041916, 3.5779833069682354e-06, 1.0, 0.9984901547431946, -0.0549311526119709, 0.00019754364620894194, 1.0, 0.9991806149482727, -0.04047345370054245, 8.475081995129585e-05, 1.0, 0.9997827410697937, -0.02084452472627163, 7.145963900256902e-05, 1.0, 0.9999010562896729, -0.014066853560507298, 5.654071628669044e-06, 1.0, 0.9997414350509644, -0.0227381382137537, 1.453469451462297e-07, 1.0, 0.9995744824409485, -0.029171008616685867, 6.838839181000367e-05, 1.0, 0.9993154406547546, -0.036994557827711105, -7.695767999393865e-05, 1.0, 0.9990191459655762, -0.044276390224695206, -0.000482844072394073, 1.0, 0.9990547895431519, -0.04346977546811104, -3.343805656186305e-05, 1.0, 0.9997173547744751, -0.023772811517119408, 0.00028340911376290023, 1.0, 0.9999199509620667, 0.012655953876674175, -0.00013464178482536227, 1.0, 0.9988665580749512, 0.04759800061583519, -8.253367559518665e-05, 1.0, 0.9990847110748291, 0.04277357831597328, 0.0005040406831540167, 1.0, 0.9993751645088196, 0.03534550592303276, 5.249451987765497e-06, 1.0, 0.9998643398284912, 0.016465507447719574, 6.250559817999601e-05, 1.0, 0.9999192357063293, 0.012708788737654686, 1.358960162178846e-06, 1.0, 0.99994957447052, 0.010043173097074032, -0.0001243414735654369, 1.0, 0.999760091304779, 0.021898766979575157, -9.564026549924165e-05, 1.0, 0.9989440441131592, 0.04594246298074722, 5.680823596776463e-05, 1.0, 0.9980131387710571, 0.06300670653581619, 4.997363703296287e-06, 1.0, 0.9988730549812317, 0.047463707625865936, -1.7898659280035645e-05, 1.0, 0.9995854496955872, 0.028790028765797615, -0.00020008080173283815, 1.0, 0.9999603629112244, 0.008904531598091125, 0.0001983486581593752, 1.0, 0.9999983906745911, -0.0017653964459896088, 0.00019677187083289027, 1.0, 0.9999894499778748, -0.004594410303980112, 8.258174057118595e-05, 1.0, 0.9999995231628418, -0.001027192221954465, -7.949209646085365e-08, 1.0, 0.9998428225517273, 0.017726244404911995, -1.4616443877457641e-05, 1.0, 0.9998577833175659, 0.01686336286365986, -0.00023814945598132908, 1.0, 0.9999631643295288, 0.008573031052947044, -0.0001270846842089668, 1.0, 0.9999927878379822, -0.0038066606502979994, 3.434788595768623e-06, 1.0, 0.9996630549430847, -0.02596084214746952, -5.2381733439688105e-06, 1.0, 0.9988753199577332, -0.04741378128528595, -1.925588549056556e-05, 1.0, 0.9983367919921875, -0.0576496385037899, -1.7558746549184434e-05, 1.0, 0.9994813203811646, -0.03220286965370178, -2.561522342148237e-05, 1.0]
            u0 (float, 194):  [0.5, 0.5, 0.6533416509628296, 0.5, 0.6624822616577148, 0.46768027544021606, 0.6532655358314514, 0.43651533126831055, 0.6245855093002319, 0.4167546033859253, 0.6160887479782104, 0.38391125202178955, 0.5899294018745422, 0.3654111623764038, 0.5617149472236633, 0.35100698471069336, 0.5291905403137207, 0.353249192237854, 0.5, 0.3361493945121765, 0.4695616364479065, 0.34697604179382324, 0.437441885471344, 0.3489713668823242, 0.41179394721984863, 0.36799031496047974, 0.3849644958972931, 0.3849644660949707, 0.3652050495147705, 0.4099329113960266, 0.3564870357513428, 0.44055497646331787, 0.3420032262802124, 0.4685724973678589, 0.33370229601860046, 0.5, 0.3381979167461395, 0.5321844220161438, 0.3473491668701172, 0.563230037689209, 0.374280720949173, 0.5840029418468475, 0.38644838333129883, 0.6135516166687012, 0.408795565366745, 0.6364971101284027, 0.44077956676483154, 0.6429708003997803, 0.47069251537323, 0.6473386287689209, 0.5, 0.6624588370323181, 0.5310667157173157, 0.6561830043792725, 0.5636173486709595, 0.6535859405994415, 0.5854719281196594, 0.6279177367687225, 0.6067649722099304, 0.6067649722099304, 0.6326225399971008, 0.5886155366897583, 0.6516448259353638, 0.5628133416175842, 0.6576302647590637, 0.5313546061515808, 0.7888556122779846, 0.5, 0.7992222309112549, 0.4404810070991516, 0.768272876739502, 0.3888777494430542, 0.7574590444564819, 0.3279713988304138, 0.7373396754264832, 0.26266032457351685, 0.6738752722740173, 0.23977726697921753, 0.6220037937164307, 0.20545679330825806, 0.5579870343208313, 0.20847958326339722, 0.5, 0.1825045943260193, 0.4316469728946686, 0.15636616945266724, 0.38164007663726807, 0.21425390243530273, 0.33177661895751953, 0.24823588132858276, 0.26696667075157166, 0.26696670055389404, 0.21473973989486694, 0.3093951940536499, 0.23628591001033783, 0.3907660245895386, 0.18032491207122803, 0.4364126920700073, 0.17665717005729675, 0.5, 0.1826258897781372, 0.5631296336650848, 0.2069578468799591, 0.6213820278644562, 0.22658894956111908, 0.6826874315738678, 0.25917547941207886, 0.7408245205879211, 0.33379533886909485, 0.7487428486347198, 0.3883724808692932, 0.7694926559925079, 0.4431068003177643, 0.7860214859247208, 0.5, 0.8199072182178497, 0.5582152605056763, 0.7926679849624634, 0.6202904582023621, 0.7904068529605865, 0.6767662167549133, 0.7645493000745773, 0.7205461263656616, 0.7205461263656616, 0.7702639102935791, 0.680584579706192, 0.7938511967658997, 0.6217171549797058, 0.8122720718383789, 0.5621147751808167, 1.0081079006195068, 0.5, 0.9367397427558899, 0.413127064704895, 0.8625375628471375, 0.3498319983482361, 0.9388335943222046, 0.20678073167800903, 0.8136239051818848, 0.18637609481811523, 0.7495293021202087, 0.1265529990196228, 0.6555890440940857, 0.12437480688095093, 0.5930742025375366, 0.03208446502685547, 0.5, -0.012687444686889648, 0.42198270559310913, 0.1077805757522583, 0.31823569536209106, 0.06118220090866089, 0.28046491742134094, 0.17144250869750977, 0.17982463538646698, 0.17982465028762817, 0.15729843080043793, 0.27101415395736694, 0.037607744336128235, 0.30847084522247314, -0.020620543509721756, 0.39644211530685425, 0.029935063794255257, 0.5, 0.06505124270915985, 0.5865166783332825, 0.03677617385983467, 0.6918735802173615, 0.07366406172513962, 0.7848685681819916, 0.21822375059127808, 0.7817762494087219, 0.2430649846792221, 0.8845304325222969, 0.308529794216156, 0.9622499719262123, 0.39684271812438965, 1.0186066310852766, 0.5, 0.9133311286568642, 0.6022098064422607, 1.0138434432446957, 0.6622079610824585, 0.8916046693921089, 0.7675811052322388, 0.9004634544253349, 0.8654769659042358, 0.8654769957065582, 0.9272008538246155, 0.7854464948177338, 0.9039366245269775, 0.6673160195350647, 0.9878708124160767, 0.5970435440540314]
            tri (int, 480):  [0, 2, 1, 0, 3, 2, 0, 4, 3, 0, 5, 4, 0, 6, 5, 0, 7, 6, 0, 8, 7, 0, 9, 8, 0, 10, 9, 0, 11, 10, 0, 12, 11, 0, 13, 12, 0, 14, 13, 0, 15, 14, 0, 16, 15, 0, 17, 16, 0, 18, 17, 0, 19, 18, 0, 20, 19, 0, 21, 20, 0, 22, 21, 0, 23, 22, 0, 24, 23, 0, 25, 24, 0, 26, 25, 0, 27, 26, 0, 28, 27, 0, 29, 28, 0, 30, 29, 0, 31, 30, 0, 32, 31, 0, 1, 32, 1, 34, 33, 1, 2, 34, 2, 35, 34, 2, 3, 35, 3, 36, 35, 3, 4, 36, 4, 37, 36, 4, 5, 37, 5, 38, 37, 5, 6, 38, 6, 39, 38, 6, 7, 39, 7, 40, 39, 7, 8, 40, 8, 41, 40, 8, 9, 41, 9, 42, 41, 9, 10, 42, 10, 43, 42, 10, 11, 43, 11, 44, 43, 11, 12, 44, 12, 45, 44, 12, 13, 45, 13, 46, 45, 13, 14, 46, 14, 47, 46, 14, 15, 47, 15, 48, 47, 15, 16, 48, 16, 49, 48, 16, 17, 49, 17, 50, 49, 17, 18, 50, 18, 51, 50, 18, 19, 51, 19, 52, 51, 19, 20, 52, 20, 53, 52, 20, 21, 53, 21, 54, 53, 21, 22, 54, 22, 55, 54, 22, 23, 55, 23, 56, 55, 23, 24, 56, 24, 57, 56, 24, 25, 57, 25, 58, 57, 25, 26, 58, 26, 59, 58, 26, 27, 59, 27, 60, 59, 27, 28, 60, 28, 61, 60, 28, 29, 61, 29, 62, 61, 29, 30, 62, 30, 63, 62, 30, 31, 63, 31, 64, 63, 31, 32, 64, 32, 33, 64, 33, 32, 1, 33, 66, 65, 33, 34, 66, 34, 67, 66, 34, 35, 67, 35, 68, 67, 35, 36, 68, 36, 69, 68, 36, 37, 69, 37, 70, 69, 37, 38, 70, 38, 71, 70, 38, 39, 71, 39, 72, 71, 39, 40, 72, 40, 73, 72, 40, 41, 73, 41, 74, 73, 41, 42, 74, 42, 75, 74, 42, 43, 75, 43, 76, 75, 43, 44, 76, 44, 77, 76, 44, 45, 77, 45, 78, 77, 45, 46, 78, 46, 79, 78, 46, 47, 79, 47, 80, 79, 47, 48, 80, 48, 81, 80, 48, 49, 81, 49, 82, 81, 49, 50, 82, 50, 83, 82, 50, 51, 83, 51, 84, 83, 51, 52, 84, 52, 85, 84, 52, 53, 85, 53, 86, 85, 53, 54, 86, 54, 87, 86, 54, 55, 87, 55, 88, 87, 55, 56, 88, 56, 89, 88, 56, 57, 89, 57, 90, 89, 57, 58, 90, 58, 91, 90, 58, 59, 91, 59, 92, 91, 59, 60, 92, 60, 93, 92, 60, 61, 93, 61, 94, 93, 61, 62, 94, 62, 95, 94, 62, 63, 95, 63, 96, 95, 63, 64, 96, 64, 65, 96, 65, 64, 33]
            boundingsphere (float, 4):  [-0.09953832626342773, 0.24830204248428345, -0.04708719253540039, 8.507400899117956]
            aabb:
                min (float, 3):  [-8.283072471618652, 0.08060408383607864, -8.251031875610352]
                max (float, 3):  [8.083995819091797, 0.41600000858306885, 8.15685749053955]
            material:
                shader (str, 1):  ['PdxMeshAlphaBlend']
                diff (str, 1):  ['air_winter_mediterranean_frozen_water_diff.dds']
                spec (str, 1):  ['air_winter_mediterranean_frozen_water_spec.dds']
                n (str, 1):  ['air_winter_mediterranean_frozen_water_n.dds']
locator:
