pdxasset (int, 2):  [1, 0]
object:
    air_winter_equatorial_rainforest_phase_6:
        mesh:
            p (float, 291):  [0.0, 0.4607999920845032, 0.0, 3.114467144012451, 0.3427620828151703, 0.0, 3.0859127044677734, 0.28600361943244934, 0.6138262152671814, 3.076514959335327, 0.24059617519378662, 1.274334192276001, 2.6128222942352295, 0.22184477746486664, 1.7458319664001465, 2.422041654586792, 0.23606978356838226, 2.422041654586792, 1.8820650577545166, 0.2784765362739563, 2.816709280014038, 1.2823795080184937, 0.3347713351249695, 3.095938205718994, 0.6343544721603394, 0.38597944378852844, 3.189115047454834, 2.0705153942347895e-16, 0.4148406386375427, 3.381408452987671, -0.618820309638977, 0.4116268754005432, 3.1110198497772217, -1.2632713317871094, 0.37742143869400024, 3.049806833267212, -1.787563681602478, 0.3237536549568176, 2.6752781867980957, -2.305567741394043, 0.26871275901794434, 2.305567741394043, -2.852419376373291, 0.230850949883461, 1.9059256315231323, -2.9215493202209473, 0.2229299247264862, 1.210145354270935, -3.2909927368164062, 0.24761955440044403, 0.6546191573143005, -3.359640598297119, 0.2965979278087616, 4.114373338130506e-16, -3.055999517440796, 0.35335636138916016, -0.6078761219978333, -3.178976535797119, 0.39876383543014526, -1.3167752027511597, -2.698561668395996, 0.41751521825790405, -1.8031212091445923, -2.3190314769744873, 0.4032902121543884, -2.3190314769744873, -1.7738879919052124, 0.3608834743499756, -2.654811143875122, -1.2569444179534912, 0.30458864569664, -3.034532308578491, -0.6690012812614441, 0.25338053703308105, -3.3632967472076416, -5.896314401054208e-16, 0.22451937198638916, -3.209804058074951, 0.6530964374542236, 0.22773312032222748, -3.283337354660034, 1.2881345748901367, 0.26193854212760925, -3.1098320484161377, 1.8868882656097412, 0.31560635566711426, -2.823927879333496, 2.3564674854278564, 0.37064722180366516, -2.3564674854278564, 2.693603754043579, 0.4085090458393097, -1.799808382987976, 2.962153196334839, 0.4164300858974457, -1.2269641160964966, 3.1605539321899414, 0.39174044132232666, -0.628673255443573, 6.346703052520752, 0.244842067360878, 0.0, 6.946315765380859, 0.18808363378047943, 1.3817081451416016, 6.466529846191406, 0.14267617464065552, 2.6785244941711426, 5.0867695808410645, 0.12392476946115494, 3.3988707065582275, 4.3774614334106445, 0.13814978301525116, 4.3774614334106445, 3.2630653381347656, 0.180556520819664, 4.8835225105285645, 2.7352712154388428, 0.23685133457183838, 6.60352897644043, 1.1500705480575562, 0.28805944323539734, 5.781795024871826, 3.901336346264373e-16, 0.3169206380844116, 6.371365547180176, -1.1849188804626465, 0.3137068748474121, 5.956989288330078, -2.331592559814453, 0.27950143814086914, 5.628962516784668, -3.9788358211517334, 0.22583363950252533, 5.954748630523682, -4.550865173339844, 0.17079277336597443, 4.550865173339844, -5.5875115394592285, 0.1329309493303299, 3.7334558963775635, -6.469285011291504, 0.1250099241733551, 2.6796655654907227, -6.435699462890625, 0.14969955384731293, 1.2801401615142822, -6.9867963790893555, 0.1986779272556305, 8.556357844435294e-16, -6.784036159515381, 0.25543636083602905, -1.349428653717041, -6.170244216918945, 0.30084383487701416, -2.5557990074157715, -5.503664493560791, 0.31959521770477295, -3.6774308681488037, -5.009087562561035, 0.3053702116012573, -5.009087562561035, -3.7669506072998047, 0.2629634737968445, -5.637639999389648, -2.4114632606506348, 0.2066686600446701, -5.821787357330322, -1.3854976892471313, 0.15546055138111115, -6.965367317199707, -1.2839184595253204e-15, 0.12659937143325806, -6.989326477050781, 1.4000394344329834, 0.12981311976909637, -7.038473606109619, 2.589653253555298, 0.16401855647563934, -6.251976013183594, 3.582496404647827, 0.21768635511398315, -5.3615851402282715, 4.467078685760498, 0.27272722125053406, -4.467078685760498, 5.5756940841674805, 0.3105890452861786, -3.725559711456299, 5.6060285568237305, 0.3185100853443146, -2.3220930099487305, 6.726430892944336, 0.29382044076919556, -1.33797025680542, 10.25744915008545, 0.1319866180419922, 0.0, 10.592719078063965, 0.1119542196393013, 2.107023000717163, 8.045025825500488, 0.09592805802822113, 3.3323585987091064, 8.195178985595703, 0.08930991590023041, 5.47584342956543, 6.901536464691162, 0.09433051198720932, 6.901536464691162, 5.506587505340576, 0.10929759591817856, 8.241190910339355, 3.563748836517334, 0.1291663497686386, 8.60365104675293, 1.56951904296875, 0.1472398042678833, 7.890504837036133, 6.705552738202022e-16, 0.15742610394954681, 10.95099925994873, -2.1226584911346436, 0.15629184246063232, 10.67132568359375, -3.2606077194213867, 0.14421933889389038, 7.871803283691406, -6.0600056648254395, 0.12527775764465332, 9.069439888000488, -7.0031938552856445, 0.10585156828165054, 7.0031938552856445, -6.686652183532715, 0.09248857200145721, 4.4678778648376465, -9.267005920410156, 0.08969291299581528, 3.838519334793091, -8.794876098632812, 0.09840689599514008, 1.7494096755981445, -9.197667121887207, 0.11569338291883469, 1.1263893895773337e-15, -8.190732955932617, 0.13572578132152557, -1.6292380094528198, -9.842865943908691, 0.15175193548202515, -4.0770487785339355, -8.374055862426758, 0.15837007761001587, -5.595365524291992, -6.187880992889404, 0.15334948897361755, -6.187880992889404, -5.454605579376221, 0.13838240504264832, -8.1633939743042, -3.579737901687622, 0.11851364374160767, -8.642251968383789, -2.171633243560791, 0.10044018924236298, -10.917537689208984, -1.59431558887079e-15, 0.09025389701128006, -8.679049491882324, 1.9866799116134644, 0.09138815850019455, -9.987714767456055, 4.035318851470947, 0.10346066206693649, -9.742120742797852, 6.017348766326904, 0.12240224331617355, -9.005599021911621, 6.268335342407227, 0.14182843267917633, -6.268335342407227, 8.947648048400879, 0.15519143640995026, -5.9786272048950195, 7.927255630493164, 0.1579870879650116, -3.283576726913452, 8.328069686889648, 0.1492730975151062, -1.6565561294555664]
            n (float, 291):  [0.00014945615839678794, 1.0, 0.00013410073006525636, 0.03300059959292412, 0.9969710111618042, 0.07042486220598221, 0.029196538031101227, 0.9974437355995178, 0.06521906703710556, 0.022175129503011703, 0.998100221157074, 0.05748086795210838, 0.0475989505648613, 0.9982838034629822, 0.03411349654197693, 0.06197204813361168, 0.9980640411376953, 0.005259012337774038, 0.07880841195583344, 0.9968891143798828, 0.001178662059828639, 0.07297565042972565, 0.9973188042640686, 0.0054488107562065125, 0.05409761145710945, 0.9983834624290466, 0.017433548346161842, 0.016654161736369133, 0.9995606541633606, 0.02451608143746853, -0.030888283625245094, 0.9993691444396973, 0.017529688775539398, -0.05789235234260559, 0.9982975721359253, 0.0070959641598165035, -0.07709548622369766, 0.9969754815101624, -0.009809204377233982, -0.07091717422008514, 0.9974547028541565, -0.0074097588658332825, -0.051269691437482834, 0.9986838698387146, 0.0014022205723449588, -0.048424992710351944, 0.9984278082847595, 0.028229407966136932, -0.033245526254177094, 0.9977891445159912, 0.05754544213414192, -0.036446668207645416, 0.9973929524421692, 0.06228106841444969, -0.04371844232082367, 0.9972498416900635, 0.059845950454473495, -0.03670646250247955, 0.9989714622497559, 0.02661915123462677, -0.018239116296172142, 0.9997961521148682, -0.008652710355818272, 0.009803902357816696, 0.9991347789764404, -0.040416743606328964, 0.03907644376158714, 0.9973427653312683, -0.061485208570957184, 0.042970020323991776, 0.9972661137580872, -0.06011524423956871, 0.038268182426691055, 0.9980869293212891, -0.048560164868831635, 0.018863771110773087, 0.9984127879142761, -0.05306695029139519, -0.01692279614508152, 0.9986047148704529, -0.05002381280064583, -0.03240436315536499, 0.9976550340652466, -0.06028633192181587, -0.034024473279714584, 0.9972031116485596, -0.06654494255781174, -0.020317306742072105, 0.9978855848312378, -0.06173825263977051, 0.0038389284163713455, 0.9993821978569031, -0.03493475914001465, 0.024522682651877403, 0.9996985197067261, 0.0012286761775612831, 0.03330016881227493, 0.9985694885253906, 0.04183395579457283, 0.0311118271201849, 0.9988948702812195, 0.035228531807661057, 0.017840754240751266, 0.999218225479126, 0.03527916967868805, 0.011121026240289211, 0.9993811249732971, 0.03337107598781586, 0.01771446503698826, 0.9996609091758728, 0.019083667546510696, 0.029898881912231445, 0.999549388885498, 0.0026726434007287025, 0.05609362572431564, 0.9984254837036133, -0.00012400801642797887, 0.026334909722208977, 0.9992101788520813, 0.029757589101791382, 0.04066244512796402, 0.9986198544502258, 0.03324006497859955, 0.024729348719120026, 0.9990833401679993, 0.03494271636009216, -0.03134477883577347, 0.9990940093994141, 0.028788229450583458, -0.04251076653599739, 0.9988695979118347, 0.021270086988806725, -0.03154796361923218, 0.9994228482246399, 0.012592809274792671, -0.04927067831158638, 0.998735249042511, -0.010017741471529007, -0.02972712181508541, 0.9995555281639099, 0.0022448310628533363, -0.017280541360378265, 0.9997540712356567, 0.013895642943680286, -0.021228276193141937, 0.9992372989654541, 0.03277655690908432, -0.03515958413481712, 0.9988596439361572, 0.03229796886444092, -0.04957149177789688, 0.9982935786247253, 0.0308635625988245, -0.04367217421531677, 0.998967707157135, 0.012499016709625721, -0.029473379254341125, 0.9992749094963074, -0.024105409160256386, -0.020015116780996323, 0.998698353767395, -0.046915214508771896, 0.009515964426100254, 0.9986957311630249, -0.05016303434967995, 0.024170542135834694, 0.9987955689430237, -0.042699579149484634, 0.01687203347682953, 0.9995447993278503, -0.02500801533460617, 0.010027645155787468, 0.9996822476387024, -0.02312866970896721, -0.009672692976891994, 0.9996973276138306, -0.022617928683757782, -0.016166940331459045, 0.9993686676025391, -0.031638845801353455, -0.009599940851330757, 0.9991405606269836, -0.04032275080680847, -0.0007996617932803929, 0.9987050294876099, -0.050869084894657135, 0.02638186886906624, 0.9992558360099792, -0.02813878282904625, 0.04350380599498749, 0.9990408420562744, -0.004984736442565918, 0.050301775336265564, 0.9987339973449707, 0.0003087143413722515, 0.03019842877984047, 0.999488115310669, 0.01056219544261694, 0.019844071939587593, 0.9995127320289612, 0.024093301966786385, 0.01146042998880148, 0.9995615482330322, 0.027301311492919922, 0.011231279000639915, 0.9999164938926697, 0.00639923894777894, 0.017806267365813255, 0.999840497970581, 0.0013863015919923782, 0.03080003336071968, 0.999512255191803, 0.00517486734315753, 0.02463812194764614, 0.9993252754211426, 0.02723812125623226, 0.03353739529848099, 0.9981493353843689, 0.05072513967752457, 0.010799541138112545, 0.9993271231651306, 0.035051677376031876, -0.02185126207768917, 0.9992669820785522, 0.031433798372745514, -0.02916247956454754, 0.998963475227356, 0.03495079278945923, -0.02664901688694954, 0.9995560050010681, 0.013327271677553654, -0.03972432762384415, 0.9992002248764038, -0.0045791324228048325, -0.023731335997581482, 0.9997071027755737, 0.004754521418362856, -0.013172128237783909, 0.9998505711555481, 0.011196134611964226, -0.019708365201950073, 0.9996512532234192, 0.017578376457095146, -0.03914983943104744, 0.9990636110305786, 0.01841757632791996, -0.06119949370622635, 0.9979099035263062, 0.020748911425471306, -0.04618993401527405, 0.9989308714866638, -0.0019051501294597983, -0.03577395901083946, 0.9988404512405396, -0.032217223197221756, -0.033975936472415924, 0.9980401992797852, -0.05254900082945824, -0.007027820684015751, 0.9988448619842529, -0.047536417841911316, 0.005589911714196205, 0.9994592666625977, -0.03240319341421127, 0.009494489058852196, 0.9997500777244568, -0.02024107240140438, 0.008197792805731297, 0.9997983574867249, -0.018329011276364326, -0.008410458452999592, 0.999806821346283, -0.017764216288924217, -0.00912310928106308, 0.9996929168701172, -0.023039473220705986, 0.0001365704374620691, 0.9996387362480164, -0.026878753677010536, 0.011779632419347763, 0.9988840818405151, -0.04573580622673035, 0.031654562801122665, 0.9990894198417664, -0.028607070446014404, 0.06480048596858978, 0.997894823551178, -0.0025980034843087196, 0.05552026256918907, 0.9983826279640198, -0.012231354601681232]
            ta (float, 388):  [1.0, -0.0001494564494350925, 1.5247666240725266e-08, 1.0, 0.9994524717330933, -0.0330878384411335, 7.219353574328125e-05, 1.0, 0.999571681022644, -0.02926490642130375, 9.29959787754342e-05, 1.0, 0.9997534155845642, -0.02221040241420269, -2.5305344024673104e-05, 1.0, 0.9988652467727661, -0.04762737825512886, 2.0658679204643704e-05, 1.0, 0.9980778098106384, -0.061973024159669876, 2.459977076796349e-05, 1.0, 0.9968898296356201, -0.07880847156047821, 7.323471436393447e-06, 1.0, 0.9973335862159729, -0.0729769840836525, 4.714801980298944e-05, 1.0, 0.9985349774360657, -0.05410948023200035, 0.00020987876632716507, 1.0, 0.9998611807823181, -0.0166596919298172, 2.1184941942919977e-05, 1.0, 0.9995226263999939, 0.030894078314304352, -6.004596798447892e-05, 1.0, 0.998322606086731, 0.05789463594555855, -0.00011761666246457025, 1.0, 0.997023344039917, 0.07710012793540955, 9.589112596586347e-05, 1.0, 0.9974820017814636, 0.070919468998909, 4.767128120874986e-05, 1.0, 0.998684823513031, 0.05126975476741791, -1.0328340067644604e-05, 1.0, 0.9988257884979248, 0.04844547063112259, -4.1718853026395664e-05, 1.0, 0.9994456171989441, 0.03329348564147949, 0.00012538536975625902, 1.0, 0.999332845211029, 0.03652068227529526, -5.004086415283382e-05, 1.0, 0.9990401268005371, 0.04380393400788307, -0.00011687003279803321, 1.0, 0.9993255734443665, 0.03671998903155327, -1.9411867469898425e-05, 1.0, 0.9998336434364319, 0.01823974959552288, -5.9514404711080715e-06, 1.0, 0.9999517798423767, -0.009820393286645412, -0.00020947720622643828, 1.0, 0.9992319941520691, -0.039181843400001526, -0.0005089259939268231, 1.0, 0.9990707635879517, -0.043091803789138794, -0.0007304329774342477, 1.0, 0.9992648363113403, -0.038336385041475296, -0.00047350875684060156, 1.0, 0.9998213648796082, -0.018899917602539062, -0.00017936652875505388, 1.0, 0.9998562335968018, 0.016954917460680008, 0.0002178521390305832, 1.0, 0.9994716048240662, 0.032498449087142944, 0.0005805127439089119, 1.0, 0.9994168281555176, 0.034140102565288544, 0.0006008230266161263, 1.0, 0.999792218208313, 0.02037995681166649, 0.000385169725632295, 1.0, 0.9999926686286926, -0.00383898732252419, 6.537193985423073e-05, 1.0, 0.9996992349624634, -0.024522705003619194, 4.088525201950688e-06, 1.0, 0.999444305896759, -0.03333238139748573, 7.263776933541521e-05, 1.0, 0.9995151162147522, -0.03113626502454281, 0.00014513669884763658, 1.0, 0.9998406767845154, -0.017852524295449257, 1.8543769328971393e-05, 1.0, 0.9999380707740784, -0.011127747595310211, 1.570172571518924e-05, 1.0, 0.9998430609703064, -0.01771790347993374, 1.0924737580353394e-05, 1.0, 0.9995529651641846, -0.029898997396230698, 2.7681339815899264e-06, 1.0, 0.9984255433082581, -0.05609362944960594, -4.198255112441984e-07, 1.0, 0.9996528625488281, -0.026347076520323753, 1.6689275071257725e-05, 1.0, 0.9991722106933594, -0.040677450597286224, -0.00022489894763566554, 1.0, 0.9996939301490784, -0.02474006451666355, -0.0001256772957276553, 1.0, 0.9995083212852478, 0.031356196850538254, 5.490490366355516e-05, 1.0, 0.9990957379341125, 0.04251747205853462, 0.0001368960365653038, 1.0, 0.9995021224021912, 0.03155061602592468, -1.1319194527459331e-05, 1.0, 0.9987853169441223, 0.049273036420345306, -1.1319387340336107e-05, 1.0, 0.9995580315589905, 0.029727201908826828, -2.848851181624923e-06, 1.0, 0.9998506307601929, 0.017282303422689438, -6.749772182956804e-06, 1.0, 0.9997744560241699, 0.021238217130303383, 4.485579484025948e-05, 1.0, 0.9993810057640076, 0.03517787158489227, 1.920976728797541e-06, 1.0, 0.9987686276435852, 0.04960796609520912, -0.0004166961880400777, 1.0, 0.999045729637146, 0.04367595538496971, -2.978602788061835e-05, 1.0, 0.9995651841163635, 0.029485516250133514, 0.00014816696057096124, 1.0, 0.9997982978820801, 0.020069999620318413, 0.0006990625988692045, 1.0, 0.9999546408653259, -0.00952944066375494, -2.9483151593012735e-05, 1.0, 0.9997071623802185, -0.024196909740567207, -0.0001007196115097031, 1.0, 0.9998575448989868, -0.016875922679901123, 5.549560228246264e-05, 1.0, 0.9999496936798096, -0.010029951110482216, 1.6299067283398472e-05, 1.0, 0.9999532103538513, 0.009674275293946266, -3.950456448365003e-05, 1.0, 0.999869167804718, 0.016173826530575752, -3.8184916775207967e-05, 1.0, 0.9999538660049438, 0.009608536027371883, 1.9349970898474567e-05, 1.0, 0.9999997019767761, 0.000802215130534023, 2.9774002541671507e-05, 1.0, 0.9996515512466431, -0.026394013315439224, -6.027832205290906e-05, 1.0, 0.9990532398223877, -0.043504271656274796, 1.4900899259373546e-05, 1.0, 0.9987341165542603, -0.05030178651213646, 5.190961019252427e-06, 1.0, 0.9995439052581787, -0.03019939735531807, -6.770981417503208e-05, 1.0, 0.9998029470443726, -0.019848348572850227, -6.169328844407573e-05, 1.0, 0.9999343156814575, -0.011464697308838367, -2.3995514197849843e-07, 1.0, 0.9999368786811829, -0.011231410317122936, -1.5178464309428819e-05, 1.0, 0.9998414516448975, -0.017806274816393852, -7.74590989749413e-06, 1.0, 0.9995255470275879, -0.030800295993685722, -2.8673541237367317e-05, 1.0, 0.9996964335441589, -0.02463565394282341, -0.00042621255852282047, 1.0, 0.9994359612464905, -0.03358100354671478, 7.487856237275992e-06, 1.0, 0.9999415874481201, -0.010810784995555878, 0.00013123576354701072, 1.0, 0.9997610449790955, 0.021862326189875603, -8.225703822972719e-06, 1.0, 0.9995741248130798, 0.029180582612752914, -7.902552169980481e-06, 1.0, 0.9996448159217834, 0.026650216430425644, 8.773294393904507e-05, 1.0, 0.9992106556892395, 0.03972471505403519, -5.594169579126174e-06, 1.0, 0.9997183680534363, 0.023731626570224762, -4.875092599831987e-06, 1.0, 0.9999131560325623, 0.013172478415071964, 4.261746653355658e-05, 1.0, 0.9998056292533875, 0.019711647182703018, -1.3618689990835264e-05, 1.0, 0.999233067035675, 0.03915592283010483, 3.037144233530853e-05, 1.0, 0.9981246590614319, 0.061213210225105286, -2.611688250908628e-05, 1.0, 0.9989326000213623, 0.046189989894628525, -1.1787652510975022e-05, 1.0, 0.9993594884872437, 0.035783976316452026, -0.00026573691866360605, 1.0, 0.9994211196899414, 0.03402136266231537, -3.002177800226491e-05, 1.0, 0.9999749064445496, 0.007061425596475601, 0.0005391041631810367, 1.0, 0.9999843835830688, -0.005588885396718979, 0.00012223111116327345, 1.0, 0.999954879283905, -0.009495096281170845, 6.607862451346591e-05, 1.0, 0.9999663233757019, -0.008199164643883705, 2.7962175863649463e-07, 1.0, 0.9999645948410034, 0.008411113172769547, -3.7806497857673094e-05, 1.0, 0.999958336353302, 0.009123129770159721, -0.00010419379395898432, 1.0, 1.0, -0.0001395433209836483, -0.00010872927668970078, 1.0, 0.9999305009841919, -0.011793259531259537, -2.810916703310795e-05, 1.0, 0.9994984865188599, -0.03166589140892029, 5.6892589782364666e-05, 1.0, 0.9978981614112854, -0.06480070948600769, -2.8769920845661545e-06, 1.0, 0.9984573125839233, -0.055525414645671844, -8.155412069754675e-05, 1.0]
            u0 (float, 194):  [0.5, 0.5, 0.6508947014808655, 0.5, 0.6495112776756287, 0.4702603816986084, 0.6490559577941895, 0.4382590055465698, 0.6265902519226074, 0.41541510820388794, 0.617347002029419, 0.38265299797058105, 0.5911853313446045, 0.36353152990341187, 0.5621308088302612, 0.3500030040740967, 0.5307342410087585, 0.34548860788345337, 0.5, 0.33617210388183594, 0.4700183868408203, 0.34927231073379517, 0.4387950003147125, 0.3522380590438843, 0.4133932292461395, 0.3703837990760803, 0.38829612731933594, 0.38829612731933594, 0.3618013858795166, 0.4076586365699768, 0.35845208168029785, 0.4413689374923706, 0.3405526876449585, 0.4682839512825012, 0.3372267186641693, 0.5, 0.35193800926208496, 0.5294513702392578, 0.34597980976104736, 0.5637972354888916, 0.3692557215690613, 0.5873605310916901, 0.38764381408691406, 0.6123561859130859, 0.41405582427978516, 0.6286245584487915, 0.43910151720046997, 0.6470219194889069, 0.4675871431827545, 0.6629504263401031, 0.5, 0.6555137634277344, 0.5316422581672668, 0.6590764224529266, 0.5624096393585205, 0.6506701409816742, 0.591418981552124, 0.6368182003498077, 0.6141699552536011, 0.6141699254512787, 0.6305040717124939, 0.5872000157833099, 0.6435151696205139, 0.5594459474086761, 0.6531276106834412, 0.5304589867591858, 0.8074952960014343, 0.5, 0.8365463018417358, 0.4330567717552185, 0.8133008480072021, 0.37022650241851807, 0.7464520335197449, 0.33532601594924927, 0.7120863199234009, 0.2879136800765991, 0.6580942273139954, 0.2633952498435974, 0.6325228214263916, 0.18006157875061035, 0.5557204484939575, 0.21987426280975342, 0.5, 0.19130980968475342, 0.44259113073349, 0.21138620376586914, 0.3870352506637573, 0.2272789478302002, 0.3072269558906555, 0.21149474382400513, 0.27951234579086304, 0.27951234579086304, 0.22928723692893982, 0.3191155195236206, 0.18656565248966217, 0.3701712489128113, 0.18819285929203033, 0.43797773122787476, 0.16149242222309113, 0.5, 0.17131607234477997, 0.5653792917728424, 0.20105405151844025, 0.6238274574279785, 0.23334959149360657, 0.6781701147556305, 0.2573116421699524, 0.7426883578300476, 0.31749269366264343, 0.773141473531723, 0.38316553831100464, 0.7820633500814438, 0.4328731596469879, 0.8374693542718887, 0.5, 0.8386301547288895, 0.5678313970565796, 0.8410113155841827, 0.6254677176475525, 0.8029058128595352, 0.6735705733299255, 0.7597667127847672, 0.7164282202720642, 0.7164282202720642, 0.7701402306556702, 0.6805019080638885, 0.771609902381897, 0.6125045120716095, 0.825892984867096, 0.5648241341114044, 0.99696946144104, 0.5, 1.0132131576538086, 0.3979155421257019, 0.8897783756256104, 0.33854854106903076, 0.8970532417297363, 0.23469752073287964, 0.8343767523765564, 0.1656232476234436, 0.7667919993400574, 0.10071754455566406, 0.6726622581481934, 0.08315646648406982, 0.5760425925254822, 0.11770808696746826, 0.5, -0.030571699142456055, 0.39715802669525146, -0.017021536827087402, 0.3420248031616211, 0.11861419677734375, 0.20639507472515106, 0.06058919429779053, 0.16069796681404114, 0.16069799661636353, 0.17603430151939392, 0.2835330367088318, 0.05101717263460159, 0.31402522325515747, 0.07389164716005325, 0.4152417778968811, 0.054376572370529175, 0.5, 0.10316217690706253, 0.5789359509944916, 0.023116962984204292, 0.6975314319133759, 0.09428022056818008, 0.7710932940244675, 0.20019957423210144, 0.7998004257678986, 0.2357264757156372, 0.895513266324997, 0.3265630900859833, 0.9187137484550476, 0.39478522539138794, 1.0289504621177912, 0.5, 0.9204965978860855, 0.5962538719177246, 0.9839008990675211, 0.6955096125602722, 0.9720019958913326, 0.7915382385253906, 0.9363177865743637, 0.8036984205245972, 0.8036984205245972, 0.9335100650787354, 0.7896621823310852, 0.884072482585907, 0.6590880155563354, 0.9034917950630188, 0.5802595019340515]
            tri (int, 480):  [0, 2, 1, 0, 3, 2, 0, 4, 3, 0, 5, 4, 0, 6, 5, 0, 7, 6, 0, 8, 7, 0, 9, 8, 0, 10, 9, 0, 11, 10, 0, 12, 11, 0, 13, 12, 0, 14, 13, 0, 15, 14, 0, 16, 15, 0, 17, 16, 0, 18, 17, 0, 19, 18, 0, 20, 19, 0, 21, 20, 0, 22, 21, 0, 23, 22, 0, 24, 23, 0, 25, 24, 0, 26, 25, 0, 27, 26, 0, 28, 27, 0, 29, 28, 0, 30, 29, 0, 31, 30, 0, 32, 31, 0, 1, 32, 1, 34, 33, 1, 2, 34, 2, 35, 34, 2, 3, 35, 3, 36, 35, 3, 4, 36, 4, 37, 36, 4, 5, 37, 5, 38, 37, 5, 6, 38, 6, 39, 38, 6, 7, 39, 7, 40, 39, 7, 8, 40, 8, 41, 40, 8, 9, 41, 9, 42, 41, 9, 10, 42, 10, 43, 42, 10, 11, 43, 11, 44, 43, 11, 12, 44, 12, 45, 44, 12, 13, 45, 13, 46, 45, 13, 14, 46, 14, 47, 46, 14, 15, 47, 15, 48, 47, 15, 16, 48, 16, 49, 48, 16, 17, 49, 17, 50, 49, 17, 18, 50, 18, 51, 50, 18, 19, 51, 19, 52, 51, 19, 20, 52, 20, 53, 52, 20, 21, 53, 21, 54, 53, 21, 22, 54, 22, 55, 54, 22, 23, 55, 23, 56, 55, 23, 24, 56, 24, 57, 56, 24, 25, 57, 25, 58, 57, 25, 26, 58, 26, 59, 58, 26, 27, 59, 27, 60, 59, 27, 28, 60, 28, 61, 60, 28, 29, 61, 29, 62, 61, 29, 30, 62, 30, 63, 62, 30, 31, 63, 31, 64, 63, 31, 32, 64, 32, 33, 64, 33, 32, 1, 33, 66, 65, 33, 34, 66, 34, 67, 66, 34, 35, 67, 35, 68, 67, 35, 36, 68, 36, 69, 68, 36, 37, 69, 37, 70, 69, 37, 38, 70, 38, 71, 70, 38, 39, 71, 39, 72, 71, 39, 40, 72, 40, 73, 72, 40, 41, 73, 41, 74, 73, 41, 42, 74, 42, 75, 74, 42, 43, 75, 43, 76, 75, 43, 44, 76, 44, 77, 76, 44, 45, 77, 45, 78, 77, 45, 46, 78, 46, 79, 78, 46, 47, 79, 47, 80, 79, 47, 48, 80, 48, 81, 80, 48, 49, 81, 49, 82, 81, 49, 50, 82, 50, 83, 82, 50, 51, 83, 51, 84, 83, 51, 52, 84, 52, 85, 84, 52, 53, 85, 53, 86, 85, 53, 54, 86, 54, 87, 86, 54, 55, 87, 55, 88, 87, 55, 56, 88, 56, 89, 88, 56, 57, 89, 57, 90, 89, 57, 58, 90, 58, 91, 90, 58, 59, 91, 59, 92, 91, 59, 60, 92, 60, 93, 92, 60, 61, 93, 61, 94, 93, 61, 62, 94, 62, 95, 94, 62, 63, 95, 63, 96, 95, 63, 64, 96, 64, 65, 96, 65, 64, 33]
            boundingsphere (float, 4):  [0.3749265670776367, 0.2750549614429474, 0.016730785369873047, 11.22825419384882]
            aabb:
                min (float, 3):  [-9.842865943908691, 0.08930991590023041, -10.917537689208984]
                max (float, 3):  [10.592719078063965, 0.4607999920845032, 10.95099925994873]
            material:
                shader (str, 1):  ['PdxMeshAdvanced']
                diff (str, 1):  ['air_winter_equatorial_rainforest_phase_6_diff.dds']
                spec (str, 1):  ['air_winter_equatorial_rainforest_spec.dds']
                n (str, 1):  ['air_winter_equatorial_rainforest_n.dds']
locator:
