pdxasset (int, 2):  [1, 0]
object:
    air_winter_polar_subpolar_frozen_water:
        mesh:
            p (float, 291):  [0.0, 0.41600000858306885, 0.0, 2.566502332687378, 0.3719367980957031, 0.0, 2.5024871826171875, 0.3415094017982483, 0.497775673866272, 2.3309178352355957, 0.29324832558631897, 0.9654977917671204, 2.161031723022461, 0.24342048168182373, 1.4439551830291748, 1.77597177028656, 0.2088208794593811, 1.77597177028656, 1.352357268333435, 0.20111168920993805, 2.0239458084106445, 0.9981043338775635, 0.22289136052131653, 2.409636974334717, 0.47835686802864075, 0.2668188512325287, 2.404862403869629, 1.5733742874367036e-16, 0.3180879056453705, 2.5695152282714844, -0.502505898475647, 0.35941773653030396, 2.5262677669525146, -0.9180234670639038, 0.37687769532203674, 2.2163047790527344, -1.4249778985977173, 0.36458271741867065, 2.1326301097869873, -1.8729581832885742, 0.3266769051551819, 1.8729581832885742, -2.1390111446380615, 0.27593690156936646, 1.4292415380477905, -2.254751682281494, 0.22946511209011078, 0.9339487552642822, -2.4092001914978027, 0.20292536914348602, 0.4792197048664093, -2.5108861923217773, 0.2052631974220276, 3.0749487683082123e-16, -2.391218423843384, 0.23569057881832123, -0.4756429195404053, -2.40641188621521, 0.28395166993141174, -0.9967684745788574, -2.044215440750122, 0.333779513835907, -1.365900993347168, -1.784208059310913, 0.3683791160583496, -1.784208059310913, -1.3439563512802124, 0.37608832120895386, -2.0113728046417236, -0.974438488483429, 0.3543086349964142, -2.3525025844573975, -0.48193359375, 0.310381144285202, -2.4228436946868896, -4.869982578316302e-16, 0.25911208987236023, -2.651095151901245, 0.49096718430519104, 0.21778224408626556, -2.468258857727051, 0.9880097508430481, 0.20032230019569397, -2.3852665424346924, 1.3841973543167114, 0.21261729300022125, -2.0715978145599365, 1.6882826089859009, 0.25052309036254883, -1.6882826089859009, 2.146113395690918, 0.30126309394836426, -1.4339871406555176, 2.210740804672241, 0.34773489832878113, -0.9157187938690186, 2.349297285079956, 0.3742746412754059, -0.4673042893409729, 5.323826313018799, 0.28353679180145264, 0.0, 4.623681545257568, 0.2531094253063202, 0.9197074174880981, 4.499481201171875, 0.20484833419322968, 1.8637460470199585, 4.018029689788818, 0.15502049028873444, 2.6847617626190186, 3.5711429119110107, 0.12042088061571121, 3.5711429119110107, 2.8076131343841553, 0.11271168291568756, 4.201889991760254, 1.77000892162323, 0.13449136912822723, 4.273179531097412, 0.879388153553009, 0.1784188598394394, 4.420982837677002, 3.30287368771132e-16, 0.2296879142522812, 5.3940019607543945, -0.8991430401802063, 0.27101776003837585, 4.520297050476074, -1.8607779741287231, 0.28847768902778625, 4.492315292358398, -2.9841415882110596, 0.27618271112442017, 4.466083526611328, -3.245445966720581, 0.2382769137620926, 3.245445966720581, -3.7983617782592773, 0.18753689527511597, 2.5379841327667236, -4.506607532501221, 0.1410651057958603, 1.866697907447815, -4.817685604095459, 0.11452537029981613, 0.9582972526550293, -5.459537506103516, 0.1168631985783577, 6.686004805966169e-16, -5.459040641784668, 0.14729058742523193, -1.0858707427978516, -4.178089141845703, 0.19555166363716125, -1.7306212186813354, -4.1867828369140625, 0.2453795075416565, -2.797518730163574, -3.928845167160034, 0.2799791097640991, -3.928845167160034, -2.9317286014556885, 0.28768831491470337, -4.387641906738281, -1.7446449995040894, 0.2659086287021637, -4.211945533752441, -0.9512683153152466, 0.22198115289211273, -4.7823486328125, -8.99868109646945e-16, 0.17071208357810974, -4.898653984069824, 1.009127140045166, 0.12938225269317627, -5.073225021362305, 1.8620214462280273, 0.11192229390144348, -4.495317459106445, 2.860072135925293, 0.12421729415655136, -4.28040075302124, 3.744143009185791, 0.16212308406829834, -3.744143009185791, 3.848071575164795, 0.21286310255527496, -2.5711991786956787, 5.004499435424805, 0.25933489203453064, -2.0729315280914307, 4.969741344451904, 0.2858746349811554, -0.9885429739952087, 6.503904819488525, 0.14121298491954803, 0.0, 7.728730201721191, 0.13047391176223755, 1.5373400449752808, 6.009635925292969, 0.11344058811664581, 2.4892725944519043, 6.536589622497559, 0.09585428982973099, 4.36760950088501, 5.386794090270996, 0.08364266157150269, 5.386794090270996, 3.5767252445220947, 0.08092176914215088, 5.352947235107422, 2.6727025508880615, 0.08860871940851212, 6.452474594116211, 1.4281586408615112, 0.10411253571510315, 7.179838180541992, 4.710133696884022e-16, 0.12220750004053116, 7.692232131958008, -1.3573967218399048, 0.13679450750350952, 6.824094295501709, -2.9159657955169678, 0.14295683801174164, 7.039764404296875, -3.6144399642944336, 0.13861742615699768, 5.409391403198242, -5.616638660430908, 0.12523891031742096, 5.616638660430908, -6.65122652053833, 0.10733066499233246, 4.444207191467285, -7.078196048736572, 0.09092886000871658, 2.931884765625, -6.266785621643066, 0.08156189322471619, 1.246541142463684, -6.408981800079346, 0.08238700777292252, 7.848739108760763e-16, -6.149021625518799, 0.0931260883808136, -1.223116397857666, -7.128681182861328, 0.11015941202640533, -2.952796459197998, -6.815456390380859, 0.12774571776390076, -4.5539422035217285, -5.557408332824707, 0.13995733857154846, -5.557408332824707, -3.7863452434539795, 0.14267823100090027, -5.666666030883789, -2.571437358856201, 0.13499128818511963, -6.207998752593994, -1.2539584636688232, 0.119487464427948, -6.304074764251709, -1.543866094774087e-15, 0.10139250010251999, -8.40441608428955, 1.461354374885559, 0.08680550009012222, -7.346724510192871, 3.098220109939575, 0.08064316213130951, -7.47976541519165, 4.777285575866699, 0.08498257398605347, -7.149713516235352, 5.1002631187438965, 0.09836108982563019, -5.1002631187438965, 6.474633693695068, 0.11626933515071869, -4.326211929321289, 7.780202865600586, 0.13267113268375397, -3.222665548324585, 8.435853958129883, 0.14203810691833496, -1.6779956817626953]
            n (float, 291):  [-0.00012637782492674887, 1.0, -4.117902790312655e-05, 0.025633327662944794, 0.9993036985397339, 0.027109788730740547, 0.019309844821691513, 0.9970475435256958, 0.07431948930025101, 0.009678607806563377, 0.9958454370498657, 0.09054342657327652, 0.00386991398409009, 0.9964131712913513, 0.08453264832496643, 0.011890167370438576, 0.9974629878997803, 0.07018713653087616, 0.04868738725781441, 0.9977633357048035, 0.04580322280526161, 0.06670675426721573, 0.9973078370094299, 0.030449874699115753, 0.09270209074020386, 0.9950756430625916, 0.035080455243587494, 0.08080276101827621, 0.9961027503013611, 0.035359036177396774, 0.03564615175127983, 0.9986088871955872, 0.03885272145271301, -0.0015761938411742449, 0.9996700286865234, 0.025638476014137268, -0.04712466523051262, 0.9988883137702942, 0.0011544952867552638, -0.08240646868944168, 0.9961870312690735, -0.028646770864725113, -0.08652151376008987, 0.9952533841133118, -0.044549766927957535, -0.07858999073505402, 0.996151328086853, -0.03880856931209564, -0.06239621713757515, 0.9980496764183044, -0.001903044176287949, -0.05414312705397606, 0.9980849623680115, 0.02991604618728161, -0.06608512997627258, 0.9963581562042236, 0.05388086289167404, -0.06926276534795761, 0.9961028695106506, 0.054605573415756226, -0.07022925466299057, 0.9965780973434448, 0.043587420135736465, -0.04237588122487068, 0.9990706443786621, 0.007881589233875275, 0.001477367477491498, 0.9995816349983215, -0.028884157538414, 0.040522269904613495, 0.9978373050689697, -0.05175649747252464, 0.06605833023786545, 0.9963110089302063, -0.05477837100625038, 0.07079711556434631, 0.9964502453804016, -0.04554777592420578, 0.06280218809843063, 0.9968972206115723, -0.04745328798890114, 0.026808053255081177, 0.9983465671539307, -0.05084867402911186, 0.0017113469075411558, 0.9977424144744873, -0.06713541597127914, -0.01718931831419468, 0.9955641031265259, -0.09250156581401825, -0.012064491398632526, 0.9960066676139832, -0.08845952153205872, 0.0043333908542990685, 0.9977067112922668, -0.06754627078771591, 0.018750475719571114, 0.9994687438011169, -0.026655636727809906, 0.05298306420445442, 0.9983795881271362, 0.020762750878930092, 0.03283282369375229, 0.9980171322822571, 0.053701698780059814, 0.019391115754842758, 0.9981392025947571, 0.05781009793281555, 0.007164848502725363, 0.9988961815834045, 0.04642279073596001, 0.0037720452528446913, 0.9994459748268127, 0.033069681376218796, 0.01711922511458397, 0.9996182918548584, 0.02168152667582035, 0.039592958986759186, 0.999038815498352, 0.018808327615261078, 0.06686912477016449, 0.9974592924118042, 0.024566257372498512, 0.029369648545980453, 0.9988065361976624, 0.03902386873960495, 0.016025200486183167, 0.9987173676490784, 0.04802887514233589, -0.009236919693648815, 0.9988516569137573, 0.047011248767375946, -0.04712960496544838, 0.998257040977478, 0.03551911562681198, -0.06248970702290535, 0.9980267286300659, -0.006138222757726908, -0.05461539700627327, 0.9982975721359253, -0.020472196862101555, -0.03924018144607544, 0.9990093111991882, -0.020991312339901924, -0.03243166208267212, 0.9994710683822632, -0.0024263509549200535, -0.03609802573919296, 0.9991715550422668, 0.018792513757944107, -0.04577868804335594, 0.998681366443634, 0.02323623187839985, -0.0546492300927639, 0.9979026913642883, 0.034694161266088486, -0.05599213019013405, 0.9982382655143738, 0.019626790657639503, -0.03703982010483742, 0.9988771677017212, -0.029538124799728394, -0.0075971828773617744, 0.9980499744415283, -0.06195525825023651, 0.020604677498340607, 0.99786776304245, -0.061929408460855484, 0.023349929600954056, 0.9984229803085327, -0.05105213820934296, 0.034954242408275604, 0.9988868236541748, -0.03167447820305824, 0.030185319483280182, 0.9993592500686646, -0.019234515726566315, 0.012127088382840157, 0.9996296763420105, -0.024359412491321564, -0.005450467579066753, 0.9994656443595886, -0.03222792595624924, -0.0015466641634702682, 0.9990915060043335, -0.04258832335472107, -0.001729339943267405, 0.9977328181266785, -0.06727742403745651, 0.01912110671401024, 0.9987801909446716, -0.0455256849527359, 0.038035765290260315, 0.9992416501045227, -0.008333020843565464, 0.06447777152061462, 0.9976513981819153, 0.02311651222407818, 0.04527172073721886, 0.9984192252159119, 0.03330862522125244, 0.026312267407774925, 0.998695969581604, 0.04374873638153076, 0.009045276790857315, 0.9996387362480164, 0.025311635807156563, 0.0012838940601795912, 0.9996970891952515, 0.024574629962444305, 0.010934391990303993, 0.9997870922088623, 0.01749906875193119, 0.029347162693738937, 0.9994781017303467, 0.013495844788849354, 0.042976222932338715, 0.9987935423851013, 0.023761631920933723, 0.020771058276295662, 0.9989944696426392, 0.039732370525598526, -0.0004725330218207091, 0.9984081983566284, 0.056398775428533554, -0.017030566930770874, 0.9981637001037598, 0.058131154626607895, -0.048554129898548126, 0.9977629780769348, 0.045951563864946365, -0.039718855172395706, 0.9991604089736938, 0.010045734234154224, -0.035524237900972366, 0.9993399977684021, -0.007581627927720547, -0.029787812381982803, 0.9994495511054993, -0.014605876989662647, -0.0269608311355114, 0.999612033367157, -0.006997793447226286, -0.04039463400840759, 0.9991201758384705, 0.01127099059522152, -0.0498754158616066, 0.9986022710800171, 0.017489643767476082, -0.04678644612431526, 0.998697817325592, 0.020340828225016594, -0.0484120137989521, 0.9988240003585815, 0.0026281734462827444, -0.03989243134856224, 0.9985588192939758, -0.03590104728937149, -0.01234135776758194, 0.9965788722038269, -0.0817207545042038, 0.0026384463999420404, 0.997043251991272, -0.07679717242717743, 0.0010941715445369482, 0.9988386034965515, -0.04816879332065582, 0.017315596342086792, 0.9995800256729126, -0.02323615737259388, 0.020385297015309334, 0.9996957778930664, -0.013885322958230972, 0.0022496881429105997, 0.9999188184738159, -0.012543325312435627, -0.0006554491701535881, 0.9998579025268555, -0.0168448518961668, 0.005627007223665714, 0.9995177388191223, -0.03054002672433853, 0.009905211627483368, 0.9986689686775208, -0.05061730369925499, 0.026214882731437683, 0.9990009665489197, -0.03619157522916794, 0.04523245245218277, 0.9989649057388306, -0.004822114948183298]
            ta (float, 388):  [1.0, 0.00012637797044590116, 7.505293608822683e-10, 1.0, 0.9996711015701294, -0.02564242295920849, -1.2021495422231965e-05, 1.0, 0.9998125433921814, -0.019361188635230064, -2.9605231247842312e-05, 1.0, 0.9999529123306274, -0.009710472077131271, -8.860044181346893e-05, 1.0, 0.9999924898147583, -0.003850196022540331, -0.00039628054946660995, 1.0, 0.9999291300773621, -0.011901823803782463, -0.0002521239221096039, 1.0, 0.9988113045692444, -0.04874427989125252, 0.00012549500388558954, 1.0, 0.9977693557739258, -0.0667528435587883, 0.0004978666547685862, 1.0, 0.9956876635551453, -0.09276849776506424, 0.00026637251721695065, 1.0, 0.9967249631881714, -0.0808662548661232, 0.0003667066339403391, 1.0, 0.9993628859519958, -0.03568768873810768, 0.0003757858357857913, 1.0, 0.9999986886978149, 0.0015788392629474401, -8.29520940897055e-05, 1.0, 0.9988889694213867, 0.047124698758125305, -2.4975836367957527e-06, 1.0, 0.9965958595275879, 0.0824415534734726, 4.4234999222680926e-05, 1.0, 0.996239960193634, 0.08663453161716461, 0.0006086034118197858, 1.0, 0.9969013929367065, 0.07866055518388748, 0.00029226549668237567, 1.0, 0.9980514049530029, 0.0623963363468647, 5.065256118541583e-06, 1.0, 0.9985318779945374, 0.05416709557175636, 9.185157978208736e-06, 1.0, 0.9978066086769104, 0.06619583815336227, -0.00027064012829214334, 1.0, 0.997588038444519, 0.06940865516662598, -0.0007774167461320758, 1.0, 0.9975259304046631, 0.07029963284730911, -8.194697875296697e-05, 1.0, 0.9991016387939453, 0.04237736389040947, -2.1145942810107954e-05, 1.0, 0.9999988675117493, -0.001475504832342267, 8.576630352763459e-05, 1.0, 0.9991756677627563, -0.04059547185897827, -0.0003635654866229743, 1.0, 0.9978071451187134, -0.0661860778927803, -0.0005192502867430449, 1.0, 0.9974826574325562, -0.07090701162815094, -0.0007995794876478612, 1.0, 0.9980206489562988, -0.06288640946149826, -0.0002826906566042453, 1.0, 0.9996395707130432, -0.026845909655094147, -6.156129529699683e-05, 1.0, 0.9999984502792358, -0.0016891766572371125, 0.0003870053624268621, 1.0, 0.9998498558998108, 0.01731809973716736, 0.0005895983777008951, 1.0, 0.9999253153800964, 0.012187591753900051, 0.0008515804074704647, 1.0, 0.9999905824661255, -0.004341040272265673, 3.352388375787996e-05, 1.0, 0.999824047088623, -0.018756965175271034, 6.64732124278089e-06, 1.0, 0.9985936284065247, -0.05301038548350334, 0.0007675153901800513, 1.0, 0.9994589686393738, -0.03289079666137695, 0.00019588904979173094, 1.0, 0.999811053276062, -0.019436880946159363, 0.0002293829311383888, 1.0, 0.9999743103981018, -0.007174106780439615, 3.2819880289025605e-05, 1.0, 0.9999929070472717, -0.0037726566661149263, -4.391662878333591e-05, 1.0, 0.9998533725738525, -0.01712309569120407, -7.067671049298951e-06, 1.0, 0.9992157220840454, -0.039599642157554626, -1.7613225281820633e-05, 1.0, 0.9977602958679199, -0.06689058989286423, 5.221587707637809e-05, 1.0, 0.9995678663253784, -0.02939494326710701, 7.442239439114928e-05, 1.0, 0.9998713731765747, -0.01603952795267105, -8.716039155842736e-05, 1.0, 0.9999573826789856, 0.00923827663064003, 0.0001884077355498448, 1.0, 0.9988835453987122, 0.047214120626449585, -0.0015437870752066374, 1.0, 0.9980455040931702, 0.062491338700056076, 7.35533467377536e-05, 1.0, 0.9985067844390869, 0.0546271950006485, 1.7298292732448317e-05, 1.0, 0.9992295503616333, 0.03924752399325371, -6.205662793945521e-05, 1.0, 0.9994739890098572, 0.03243174031376839, -7.1161994128488e-06, 1.0, 0.9993480443954468, 0.036104194819927216, 1.0789653970277868e-05, 1.0, 0.9989506006240845, 0.04579911381006241, -0.00034753105137497187, 1.0, 0.9985040426254272, 0.054678916931152344, 9.348213643534109e-05, 1.0, 0.9984305500984192, 0.05600326135754585, -1.739332583383657e-05, 1.0, 0.9993130564689636, 0.037058137357234955, 7.277179247466847e-05, 1.0, 0.9999710321426392, 0.007617352996021509, 8.934755896916613e-05, 1.0, 0.9997866153717041, -0.0206557996571064, -0.00018532478134147823, 1.0, 0.9997259974479675, -0.023400085046887398, -0.00038488800055347383, 1.0, 0.9993882775306702, -0.03497228026390076, -1.5486852134927176e-05, 1.0, 0.999544084072113, -0.030192794278264046, -9.830821363721043e-05, 1.0, 0.9999263286590576, -0.01213072333484888, -1.4488512078969507e-06, 1.0, 0.9999851584434509, 0.0054544806480407715, 3.659803405753337e-05, 1.0, 0.9999988079071045, 0.0015489477664232254, 2.0614668756024912e-05, 1.0, 0.9999985098838806, 0.0017386452527716756, 7.975871267262846e-05, 1.0, 0.9998169541358948, -0.01913229003548622, 0.00019007523951586336, 1.0, 0.999276340007782, -0.03803735598921776, -3.2744439522502944e-05, 1.0, 0.9979180097579956, -0.06449531018733978, 1.326886922470294e-05, 1.0, 0.9989740252494812, -0.04528633505105972, -0.0003158915205858648, 1.0, 0.9996530413627625, -0.026336293667554855, -2.7144646082888357e-05, 1.0, 0.9999589920043945, -0.009050816297531128, 0.00010432059207232669, 1.0, 0.9999991655349731, -0.0012850681087002158, 3.1968065741239116e-05, 1.0, 0.9999402165412903, -0.010936025530099869, -2.2913575321581447e-06, 1.0, 0.9995691776275635, -0.029349423944950104, -3.0399840397876687e-05, 1.0, 0.9990757703781128, -0.042983610183000565, -0.0002000983658945188, 1.0, 0.9997842311859131, -0.020766636356711388, -0.0005240749451331794, 1.0, 0.9999998807907104, 0.00047672924119979143, -6.095198477851227e-05, 1.0, 0.9998539686203003, 0.017081597819924355, -0.00038106334977783263, 1.0, 0.9988181591033936, 0.0486038513481617, 3.531006950652227e-05, 1.0, 0.9992108941078186, 0.03971908614039421, 0.00017668779764790088, 1.0, 0.9993687868118286, 0.035524751991033554, -6.682028470095247e-05, 1.0, 0.9995561838150024, 0.029790911823511124, -5.6954163483169395e-06, 1.0, 0.9996364712715149, 0.02696150355041027, 1.6114047411974752e-06, 1.0, 0.999183714389801, 0.04039667919278145, 4.634560536942445e-05, 1.0, 0.9987550377845764, 0.04988419637084007, -6.58154021948576e-05, 1.0, 0.9989044666290283, 0.04679561033844948, 2.531230347813107e-05, 1.0, 0.9988275170326233, 0.048412177711725235, 4.4250136852497235e-06, 1.0, 0.9992033839225769, 0.03990679234266281, -0.00031680663232691586, 1.0, 0.9999217391014099, 0.012467178516089916, 0.0010295447427779436, 1.0, 0.9999964833259583, -0.002616770565509796, 0.0003828891785815358, 1.0, 0.999999463558197, -0.001092830440029502, 5.4181276937015355e-05, 1.0, 0.9998500347137451, -0.017315609380602837, 0.00020059687085449696, 1.0, 0.9997921586036682, -0.02038673684000969, 3.779106918955222e-05, 1.0, 0.9999974966049194, -0.0022495381999760866, 2.6051135137095116e-05, 1.0, 0.9999998211860657, 0.0006543882191181183, -6.850890349596739e-05, 1.0, 0.9999842047691345, -0.005630669184029102, -3.390666824998334e-05, 1.0, 0.9999505877494812, -0.009930097497999668, -0.00024017154646571726, 1.0, 0.9996556043624878, -0.026240255683660507, -0.00022626099234912544, 1.0, 0.998976469039917, -0.04523289203643799, 1.835558759921696e-05, 1.0]
            u0 (float, 194):  [0.5, 0.5, 0.6613137722015381, 0.5, 0.6572902202606201, 0.46871304512023926, 0.6465064883232117, 0.4393150210380554, 0.6358284950256348, 0.40924227237701416, 0.611626148223877, 0.38837385177612305, 0.5850004553794861, 0.37278783321380615, 0.5627344250679016, 0.34854573011398315, 0.5300664305686951, 0.34884583950042725, 0.5, 0.3384968638420105, 0.4684157073497772, 0.3412150740623474, 0.442298948764801, 0.3606973886489868, 0.4104350805282593, 0.3659566044807434, 0.3822779357433319, 0.3822779059410095, 0.3655555546283722, 0.4101670980453491, 0.35828083753585815, 0.4412980079650879, 0.3485732078552246, 0.4698793292045593, 0.34218189120292664, 0.5, 0.34970343112945557, 0.5298958420753479, 0.34874847531318665, 0.5626504421234131, 0.37151381373405457, 0.5858517289161682, 0.3878561854362488, 0.6121438145637512, 0.4155275821685791, 0.6264219284057617, 0.43875306844711304, 0.6478631496429443, 0.46970877051353455, 0.6522843241691589, 0.5, 0.666630744934082, 0.5308590531349182, 0.6551388204097748, 0.5620999336242676, 0.6499224901199341, 0.5870017409324646, 0.6302072703838348, 0.6061145663261414, 0.6061145663261414, 0.6348908543586731, 0.5901311933994293, 0.638952910900116, 0.5575561821460724, 0.6476616859436035, 0.5293717384338379, 0.8346213698387146, 0.5, 0.7906147837638855, 0.4421931505203247, 0.7828083634376526, 0.38285696506500244, 0.7525474429130554, 0.33125317096710205, 0.7244589924812317, 0.2755410075187683, 0.6764684319496155, 0.2358962893486023, 0.6112513542175293, 0.2314155101776123, 0.5552726984024048, 0.22212553024291992, 0.5, 0.16096782684326172, 0.44348567724227905, 0.2158832550048828, 0.383043497800827, 0.21764200925827026, 0.3124361038208008, 0.21929079294204712, 0.29601219296455383, 0.2960122227668762, 0.2612594664096832, 0.34047865867614746, 0.21674372255802155, 0.38267141580581665, 0.19719134271144867, 0.43976759910583496, 0.15684868395328522, 0.5, 0.15687990188598633, 0.568250834941864, 0.23739224672317505, 0.6087757050991058, 0.23684583604335785, 0.6758340001106262, 0.25305813550949097, 0.746941864490509, 0.3157304525375366, 0.7757788896560669, 0.3903428614139557, 0.7647357285022736, 0.44020941853523254, 0.8005875945091248, 0.5, 0.8078978061676025, 0.563427209854126, 0.8188702017068863, 0.6170346736907959, 0.782546654343605, 0.6797657012939453, 0.7690383791923523, 0.7353326678276062, 0.7353326976299286, 0.7418649792671204, 0.6616089940071106, 0.8145505785942078, 0.6302911043167114, 0.8123658895492554, 0.5621334314346313, 0.9087935090065002, 0.5, 0.9857781529426575, 0.40337270498275757, 0.8777269721031189, 0.34354037046432495, 0.9108478426933289, 0.22548025846481323, 0.8385791182518005, 0.16142088174819946, 0.7248098850250244, 0.16354823112487793, 0.6679888367652893, 0.09443902969360352, 0.5897648334503174, 0.04872167110443115, 0.5, 0.016515910625457764, 0.4146828055381775, 0.07108145952224731, 0.31672120094299316, 0.057525813579559326, 0.2728196084499359, 0.1600005030632019, 0.1469743251800537, 0.1469743251800537, 0.08194680511951447, 0.2206658124923706, 0.05511024221777916, 0.3157206177711487, 0.10611027479171753, 0.4216504693031311, 0.09717272222042084, 0.5, 0.11351216584444046, 0.5768772065639496, 0.05193706229329109, 0.6855937540531158, 0.07162437587976456, 0.7862314432859421, 0.15069715678691864, 0.8493028432130814, 0.2620147466659546, 0.8561700880527496, 0.3383760452270508, 0.8901947736740112, 0.4211842715740204, 0.8962334990501404, 0.5, 1.028247369453311, 0.5918512940406799, 0.9617677219212055, 0.6947341561317444, 0.9701298084110022, 0.800269365310669, 0.9493848830461502, 0.820569634437561, 0.820569634437561, 0.9069536924362183, 0.7719177752733231, 0.9890133738517761, 0.7025559842586517, 1.0302233695983887, 0.6054679751396179]
            tri (int, 480):  [0, 2, 1, 0, 3, 2, 0, 4, 3, 0, 5, 4, 0, 6, 5, 0, 7, 6, 0, 8, 7, 0, 9, 8, 0, 10, 9, 0, 11, 10, 0, 12, 11, 0, 13, 12, 0, 14, 13, 0, 15, 14, 0, 16, 15, 0, 17, 16, 0, 18, 17, 0, 19, 18, 0, 20, 19, 0, 21, 20, 0, 22, 21, 0, 23, 22, 0, 24, 23, 0, 25, 24, 0, 26, 25, 0, 27, 26, 0, 28, 27, 0, 29, 28, 0, 30, 29, 0, 31, 30, 0, 32, 31, 0, 1, 32, 1, 34, 33, 1, 2, 34, 2, 35, 34, 2, 3, 35, 3, 36, 35, 3, 4, 36, 4, 37, 36, 4, 5, 37, 5, 38, 37, 5, 6, 38, 6, 39, 38, 6, 7, 39, 7, 40, 39, 7, 8, 40, 8, 41, 40, 8, 9, 41, 9, 42, 41, 9, 10, 42, 10, 43, 42, 10, 11, 43, 11, 44, 43, 11, 12, 44, 12, 45, 44, 12, 13, 45, 13, 46, 45, 13, 14, 46, 14, 47, 46, 14, 15, 47, 15, 48, 47, 15, 16, 48, 16, 49, 48, 16, 17, 49, 17, 50, 49, 17, 18, 50, 18, 51, 50, 18, 19, 51, 19, 52, 51, 19, 20, 52, 20, 53, 52, 20, 21, 53, 21, 54, 53, 21, 22, 54, 22, 55, 54, 22, 23, 55, 23, 56, 55, 23, 24, 56, 24, 57, 56, 24, 25, 57, 25, 58, 57, 25, 26, 58, 26, 59, 58, 26, 27, 59, 27, 60, 59, 27, 28, 60, 28, 61, 60, 28, 29, 61, 29, 62, 61, 29, 30, 62, 30, 63, 62, 30, 31, 63, 31, 64, 63, 31, 32, 64, 32, 33, 64, 33, 32, 1, 33, 66, 65, 33, 34, 66, 34, 67, 66, 34, 35, 67, 35, 68, 67, 35, 36, 68, 36, 69, 68, 36, 37, 69, 37, 70, 69, 37, 38, 70, 38, 71, 70, 38, 39, 71, 39, 72, 71, 39, 40, 72, 40, 73, 72, 40, 41, 73, 41, 74, 73, 41, 42, 74, 42, 75, 74, 42, 43, 75, 43, 76, 75, 43, 44, 76, 44, 77, 76, 44, 45, 77, 45, 78, 77, 45, 46, 78, 46, 79, 78, 46, 47, 79, 47, 80, 79, 47, 48, 80, 48, 81, 80, 48, 49, 81, 49, 82, 81, 49, 50, 82, 50, 83, 82, 50, 51, 83, 51, 84, 83, 51, 52, 84, 52, 85, 84, 52, 53, 85, 53, 86, 85, 53, 54, 86, 54, 87, 86, 54, 55, 87, 55, 88, 87, 55, 56, 88, 56, 89, 88, 56, 57, 89, 57, 90, 89, 57, 58, 90, 58, 91, 90, 58, 59, 91, 59, 92, 91, 59, 60, 92, 60, 93, 92, 60, 61, 93, 61, 94, 93, 61, 62, 94, 62, 95, 94, 62, 63, 95, 63, 96, 95, 63, 64, 96, 64, 65, 96, 65, 64, 33]
            boundingsphere (float, 4):  [0.6535863876342773, 0.24832159280776978, -0.3560919761657715, 8.742027250245297]
            aabb:
                min (float, 3):  [-7.128681182861328, 0.08064316213130951, -8.40441608428955]
                max (float, 3):  [8.435853958129883, 0.41600000858306885, 7.692232131958008]
            material:
                shader (str, 1):  ['PdxMeshAlphaBlend']
                diff (str, 1):  ['air_winter_polar_subpolar_frozen_water_diff.dds']
                spec (str, 1):  ['air_winter_polar_subpolar_frozen_water_spec.dds']
                n (str, 1):  ['air_winter_polar_subpolar_frozen_water_n.dds']
locator:
