pdxasset (int, 2):  [1, 0]
object:
    air_winter_temperate_maritime_phase_1:
        mesh:
            p (float, 291):  [0.0, 0.31679999828338623, 0.0, 3.1495614051818848, 0.2252667248249054, 0.0, 3.258129596710205, 0.1870654821395874, 0.6480822563171387, 2.960664749145508, 0.1598910242319107, 1.2263474464416504, 2.6237425804138184, 0.1529027819633484, 1.7531286478042603, 2.3053348064422607, 0.16845624148845673, 2.3053348064422607, 1.812191367149353, 0.20130890607833862, 2.7121360301971436, 1.2462995052337646, 0.2403874695301056, 3.008833169937134, 0.6338561177253723, 0.2725200653076172, 3.1866097450256348, 1.9468558631250522e-16, 0.28687602281570435, 3.179456949234009, -0.6195297241210938, 0.2786165773868561, 3.114586353302002, -1.2754428386688232, 0.2505256235599518, 3.079191207885742, -1.7783615589141846, 0.2120715081691742, 2.661506175994873, -2.35237979888916, 0.17621563374996185, 2.35237979888916, -2.799647092819214, 0.1550436019897461, 1.8706644773483276, -3.136930465698242, 0.15569166839122772, 1.2993592023849487, -3.3576438426971436, 0.17794139683246613, 0.6678768992424011, -3.1686956882476807, 0.21429327130317688, 3.8805329523820115e-16, -3.10880970954895, 0.2524945139884949, -0.6183807253837585, -3.0934367179870605, 0.27966898679733276, -1.2813434600830078, -2.73646879196167, 0.2866572141647339, -1.8284499645233154, -2.232307195663452, 0.27110376954078674, -2.232307195663452, -1.8488084077835083, 0.23825109004974365, -2.766937494277954, -1.3003628253936768, 0.19917252659797668, -3.1393535137176514, -0.6602950692176819, 0.16703994572162628, -3.3195273876190186, -5.808623197607339e-16, 0.15268395841121674, -3.162067174911499, 0.6226921677589417, 0.1609434187412262, -3.1304850578308105, 1.1812949180603027, 0.1890343874692917, -2.851898193359375, 1.9082659482955933, 0.22748848795890808, -2.855921983718872, 2.2370221614837646, 0.2633443772792816, -2.2370221614837646, 2.78171443939209, 0.2845163941383362, -1.8586821556091309, 3.028113603591919, 0.28386834263801575, -1.2542858123779297, 3.2341952323913574, 0.26161861419677734, -0.6433213949203491, 6.566396713256836, 0.15794672071933746, 0.0, 6.861094951629639, 0.11974548548460007, 1.3647565841674805, 6.163676738739014, 0.09257102012634277, 2.5530784130096436, 5.192816734313965, 0.08558278530836105, 3.46972918510437, 4.224845886230469, 0.1011362373828888, 4.224845886230469, 3.608734130859375, 0.13398891687393188, 5.400852203369141, 2.7306103706359863, 0.17306746542453766, 6.592276573181152, 1.1741421222686768, 0.20520006120204926, 5.902811050415039, 4.158997680769823e-16, 0.2195560336112976, 6.792158603668213, -1.3102847337722778, 0.21129657328128815, 6.587245941162109, -2.311438798904419, 0.18320561945438385, 5.5803070068359375, -3.3928518295288086, 0.14475150406360626, 5.077761650085449, -4.805129528045654, 0.10889563709497452, 4.805129528045654, -5.352588653564453, 0.08772359788417816, 3.5764856338500977, -5.9077019691467285, 0.08837166428565979, 2.4470503330230713, -6.374875068664551, 0.1106213927268982, 1.2680414915084839, -5.955290794372559, 0.14697328209877014, 7.293127847009305e-16, -6.69075870513916, 0.18517450988292694, -1.3308745622634888, -6.148351192474365, 0.21234898269176483, -2.5467302799224854, -5.468687057495117, 0.21933721005916595, -3.654059886932373, -4.453139305114746, 0.2037837654352188, -4.453139305114746, -3.875373125076294, 0.17093108594417572, -5.799905776977539, -2.6762070655822754, 0.13185253739356995, -6.460935592651367, -1.2861193418502808, 0.09971994161605835, -6.465758800506592, -1.0906616457412657e-15, 0.0853639617562294, -5.937285423278809, 1.1749012470245361, 0.09362342208623886, -5.906627178192139, 2.307002305984497, 0.12171438336372375, -5.569596290588379, 3.2907259464263916, 0.16016848385334015, -4.924919605255127, 4.766603469848633, 0.1960243582725525, -4.766603469848633, 5.479757785797119, 0.21719640493392944, -3.661457061767578, 5.6381635665893555, 0.21654833853244781, -2.3354039192199707, 6.980580806732178, 0.1942986100912094, -1.388523817062378, 10.011162757873535, 0.08707649260759354, 0.0, 10.32332992553711, 0.07359369844198227, 2.0534379482269287, 9.800107955932617, 0.06400271505117416, 4.059337615966797, 8.460271835327148, 0.0615362785756588, 5.65297269821167, 6.848208427429199, 0.06702572852373123, 6.848208427429199, 6.1866278648376465, 0.0786207914352417, 9.258943557739258, 3.2287087440490723, 0.09241322427988052, 7.794792175292969, 1.989847183227539, 0.10375414043664932, 10.003637313842773, 6.623668475004172e-16, 0.10882095247507095, 10.81727123260498, -1.859510898590088, 0.10590585321187973, 9.348392486572266, -4.0583086013793945, 0.09599139541387558, 9.797623634338379, -4.77264928817749, 0.08241935819387436, 7.1427741050720215, -6.600588321685791, 0.06976434588432312, 6.600588321685791, -7.378592014312744, 0.062291860580444336, 4.930217742919922, -8.567638397216797, 0.0625205859541893, 3.5488319396972656, -10.042790412902832, 0.07037343084812164, 1.9976352453231812, -8.470703125, 0.0832035094499588, 1.037361885777052e-15, -8.913634300231934, 0.09668629616498947, -1.7730321884155273, -9.882125854492188, 0.10627728700637817, -4.093310832977295, -7.459010124206543, 0.10874371975660324, -4.983951091766357, -5.950549125671387, 0.10325426608324051, -5.950549125671387, -6.203568935394287, 0.09165921062231064, -9.284296989440918, -3.723668098449707, 0.07786677777767181, -8.989729881286621, -1.575047254562378, 0.06652586162090302, -7.918297290802002, -1.8049821060944727e-15, 0.061459045857191086, -9.825864791870117, 1.6540985107421875, 0.06437414884567261, -8.315714836120605, 3.26495361328125, 0.07428860664367676, -7.88229513168335, 5.753711223602295, 0.08786064386367798, -8.611037254333496, 7.129138946533203, 0.10051565617322922, -7.129138946533203, 7.788209438323975, 0.107988141477108, -5.203915119171143, 8.911444664001465, 0.10775940865278244, -3.6912412643432617, 9.597804069519043, 0.0999065637588501, -1.9091219902038574]
            n (float, 291):  [0.0004880047345068306, 0.9999998211860657, -8.130152127705514e-05, 0.024654144421219826, 0.9985191822052002, 0.04849366098642349, 0.018711499869823456, 0.998847484588623, 0.044200338423252106, 0.021144924685359, 0.9990304112434387, 0.038614556193351746, 0.03420122712850571, 0.9992753267288208, 0.016708020120859146, 0.047998107969760895, 0.9988473057746887, -0.0004696181567851454, 0.05673198774456978, 0.9983798861503601, -0.004379756283015013, 0.048513416200876236, 0.9988196492195129, 0.0023954848293215036, 0.031644728034734726, 0.999431848526001, 0.011602760292589664, 0.005638630595058203, 0.999884843826294, 0.014088326133787632, -0.027261363342404366, 0.9995741248130798, 0.010414556600153446, -0.04954805225133896, 0.9987679123878479, 0.0027491345535963774, -0.054725609719753265, 0.998497724533081, -0.002726640086621046, -0.0443168580532074, 0.9990169405937195, -0.0010644877329468727, -0.03574676811695099, 0.9993240833282471, 0.008573287166655064, -0.025992291048169136, 0.999279260635376, 0.027667460963129997, -0.023305973038077354, 0.9990511536598206, 0.03679243102669716, -0.02821623720228672, 0.9985297918319702, 0.04628288373351097, -0.02847233973443508, 0.998694658279419, 0.042407892644405365, -0.02249903231859207, 0.9996519684791565, 0.013772407546639442, -0.007894402369856834, 0.9998596906661987, -0.014770466834306717, 0.009608518332242966, 0.9993844628334045, -0.03373993560671806, 0.021802648901939392, 0.9989703297615051, -0.03978734835982323, 0.03063192591071129, 0.9986868500709534, -0.04106426239013672, 0.02971843257546425, 0.9988502860069275, -0.03761601820588112, 0.010093753226101398, 0.9991779923439026, -0.039260756224393845, -0.015871621668338776, 0.9991134405136108, -0.03899216279387474, -0.033246979117393494, 0.9981677532196045, -0.05055601894855499, -0.028484396636486053, 0.9984274506568909, -0.04828384518623352, -0.014001565985381603, 0.9991055130958557, -0.039901003241539, 0.006506770849227905, 0.9998165965080261, -0.018009940162301064, 0.019588680937886238, 0.9997860789299011, 0.006635288707911968, 0.024123910814523697, 0.9991772770881653, 0.03260092809796333, 0.020481498911976814, 0.9994022846221924, 0.027847573161125183, 0.011500786989927292, 0.9997009038925171, 0.021581724286079407, 0.007319583557546139, 0.9997923970222473, 0.01901428960263729, 0.012489288114011288, 0.999886155128479, 0.008469277061522007, 0.027996962890028954, 0.9996052384376526, -0.002334063407033682, 0.03296225145459175, 0.9994564652442932, -0.0004862086207140237, 0.026918169111013412, 0.9994845390319824, 0.017497548833489418, 0.025357559323310852, 0.9994977712631226, 0.01900412142276764, 0.002615378936752677, 0.9997158646583557, 0.02369503863155842, -0.01946270279586315, 0.999579131603241, 0.02151094190776348, -0.03729049861431122, 0.9992632865905762, 0.009069808758795261, -0.03587663173675537, 0.9993513822555542, 0.003109935438260436, -0.02341415546834469, 0.9997237920761108, 0.002015643520280719, -0.01949906535446644, 0.9998078346252441, 0.00203686929307878, -0.011743004433810711, 0.9998120665550232, 0.01542254164814949, -0.013552275486290455, 0.9997486472129822, 0.017861146479845047, -0.02391340769827366, 0.9992185235023499, 0.03147131949663162, -0.03271999955177307, 0.9991193413734436, 0.026266809552907944, -0.026889320462942123, 0.9996383786201477, -0.00036472140345722437, -0.018517808988690376, 0.9994228482246399, -0.028478795662522316, -0.010069458745419979, 0.9994860887527466, -0.03043392114341259, -0.0009243288659490645, 0.9996970295906067, -0.024597425013780594, 0.0207457784563303, 0.9993274211883545, -0.030235808342695236, 0.01697457768023014, 0.9996060729026794, -0.022349951788783073, 0.005786266643553972, 0.9998177289962769, -0.018194152042269707, -0.009089612402021885, 0.9997539520263672, -0.0202343612909317, -0.018100233748555183, 0.9993894696235657, -0.0298838559538126, -0.01768929697573185, 0.9991226196289062, -0.03796154260635376, 0.0045830984599888325, 0.9995656609535217, -0.029111720621585846, 0.021114667877554893, 0.9996147751808167, -0.018014371395111084, 0.026020487770438194, 0.9996533393859863, -0.004028026480227709, 0.02767108753323555, 0.9995816946029663, 0.008407298475503922, 0.021361567080020905, 0.9996810555458069, 0.013468246906995773, 0.010470028966665268, 0.9998582005500793, 0.013191276229918003, 0.005071884486824274, 0.9999291896820068, 0.010766501538455486, 0.005962601862847805, 0.9999714493751526, 0.004637847654521465, 0.016454892233014107, 0.9998628497123718, -0.0018865590682253242, 0.018743688240647316, 0.9998136162757874, 0.0046239374205470085, 0.02091575413942337, 0.9995180368423462, 0.022939620539546013, 0.022296490147709846, 0.9994402527809143, 0.02494182623922825, 0.0024233506992459297, 0.9996375441551208, 0.026810072362422943, -0.017670540139079094, 0.9994953870773315, 0.026396621018648148, -0.0246057640761137, 0.9995784163475037, 0.015409911051392555, -0.028810059651732445, 0.9995532631874084, 0.007957486435770988, -0.018040455877780914, 0.9998267292976379, 0.004580402281135321, -0.013083318248391151, 0.9999122023582458, 0.0020976446103304625, -0.006750835571438074, 0.9999101161956787, 0.011584320105612278, -0.010223198682069778, 0.9998859167098999, 0.011122150346636772, -0.024578966200351715, 0.9995658993721008, 0.016240909695625305, -0.03668134659528732, 0.9991257190704346, 0.02005717158317566, -0.030293677002191544, 0.9995154738426208, -0.007148521952331066, -0.022909626364707947, 0.9991039633750916, -0.03558671846985817, -0.028271587565541267, 0.9992611408233643, -0.026033852249383926, -0.004614747129380703, 0.9997403621673584, -0.022311409935355186, 0.013941027224063873, 0.9994910359382629, -0.028695371001958847, 0.011241537518799305, 0.9997406005859375, -0.01980377919971943, 0.0010625941213220358, 0.9999545216560364, -0.009474210441112518, -0.003195788711309433, 0.9999138116836548, -0.012736266478896141, -0.012895291671156883, 0.9996051788330078, -0.02496296539902687, -0.005846487358212471, 0.9995764493942261, -0.028507938608527184, 0.010240350849926472, 0.999624490737915, -0.025417031720280647, 0.028724124655127525, 0.9994279146194458, -0.017852583900094032, 0.031191173940896988, 0.9994310140609741, -0.012831305153667927, 0.0295545756816864, 0.9995602965354919, 0.002395669696852565]
            ta (float, 388):  [0.9999998807907104, -0.0004880045016761869, -1.9429446496133096e-08, 1.0, 0.999695360660553, -0.024683495983481407, 6.407443834177684e-06, 1.0, 0.999824583530426, -0.01872844807803631, -3.062427640543319e-05, 1.0, 0.9997761845588684, -0.02115792967379093, -7.183870184235275e-05, 1.0, 0.9994147419929504, -0.03420649468898773, 2.9640756110893562e-05, 1.0, 0.9988474249839783, -0.04799811542034149, -2.2319802610581974e-06, 1.0, 0.9983893036842346, -0.05673259496688843, -1.68039150594268e-05, 1.0, 0.9988224506378174, -0.04851359874010086, 1.7420736185158603e-05, 1.0, 0.9994990825653076, -0.03164780139923096, 8.136027463478968e-05, 1.0, 0.9999842047691345, -0.005638952367007732, -1.6986874470603652e-05, 1.0, 0.9996283054351807, 0.027262995019555092, -1.4721482330060098e-05, 1.0, 0.9987716674804688, 0.04954827204346657, -9.939243682310916e-06, 1.0, 0.9985013604164124, 0.054725874215364456, 2.3501670511905104e-05, 1.0, 0.9990174770355225, 0.04431688413023949, 5.178752871870529e-06, 1.0, 0.9993608593940735, 0.03574812412261963, -5.128721113578649e-06, 1.0, 0.999661922454834, 0.026001056656241417, 4.292380981496535e-05, 1.0, 0.9997280240058899, 0.023321667686104774, 2.563832822488621e-06, 1.0, 0.9996009469032288, 0.028246993198990822, -1.05757535493467e-05, 1.0, 0.9995939135551453, 0.02849733643233776, 1.5087584870343562e-05, 1.0, 0.9997467398643494, 0.022501254454255104, -6.595665581698995e-06, 1.0, 0.9999688267707825, 0.007895097136497498, -1.136218816100154e-05, 1.0, 0.9999538064002991, -0.009618581272661686, -0.00013589984155260026, 1.0, 0.999761700630188, -0.021829238161444664, -0.0002339481288800016, 1.0, 0.9995296597480774, -0.030666232109069824, -0.00020561603014357388, 1.0, 0.9995574355125427, -0.029745444655418396, -0.00015860221174079925, 1.0, 0.9999489784240723, -0.010101346299052238, 4.950036327500129e-06, 1.0, 0.9998737573623657, 0.01588747464120388, 9.662840602686629e-05, 1.0, 0.9994451403617859, 0.0333070270717144, 0.00034552603028714657, 1.0, 0.9995928406715393, 0.028531501069664955, 0.000286520371446386, 1.0, 0.9999017119407654, 0.01401764526963234, 0.00012325421266723424, 1.0, 0.9999788403511047, -0.006506862118840218, 5.356418478186242e-05, 1.0, 0.999808132648468, -0.019589252769947052, 2.1372650735429488e-05, 1.0, 0.9997086524963379, -0.024138430133461952, 5.1782324590021744e-05, 1.0, 0.9997900724411011, -0.020488955080509186, -1.7634089090279303e-05, 1.0, 0.9999339580535889, -0.011503447778522968, -9.4669508143852e-07, 1.0, 0.9999731779098511, -0.007320371922105551, -2.8185051633045077e-05, 1.0, 0.9999220371246338, -0.012489681132137775, -6.367656624206575e-06, 1.0, 0.9996079206466675, -0.02799704298377037, -1.7070765352400485e-06, 1.0, 0.9994566440582275, -0.03296225517988205, -1.6342974049621262e-06, 1.0, 0.9996374845504761, -0.026924457401037216, 0.0001242449798155576, 1.0, 0.9996783137321472, -0.025361355394124985, -4.120823723496869e-05, 1.0, 0.999996542930603, -0.002617861609905958, 7.377944712061435e-05, 1.0, 0.9998103976249695, 0.019472388550639153, -0.00024078103888314217, 1.0, 0.9993044137954712, 0.037292078137397766, -5.084613803774118e-06, 1.0, 0.999356210231781, 0.035876791924238205, 4.147922481934074e-06, 1.0, 0.9997258186340332, 0.02341419830918312, 1.065460537574836e-06, 1.0, 0.9998098015785217, 0.019499104470014572, -4.947446541336831e-07, 1.0, 0.9999310374259949, 0.011744275689125061, 8.161068763001822e-06, 1.0, 0.9999081492424011, 0.013554798439145088, -2.0113724531256594e-05, 1.0, 0.9997137188911438, 0.023925255984067917, 2.138137134011231e-08, 1.0, 0.999464213848114, 0.03273123875260353, 1.8957741758640623e-06, 1.0, 0.9996383190155029, 0.026889320462942123, 7.532444215030409e-07, 1.0, 0.9998283386230469, 0.018529631197452545, 0.00015127014194149524, 1.0, 0.9999492764472961, 0.01007472537457943, 1.970959965547081e-05, 1.0, 0.9999995231628418, 0.0009251980809494853, 2.396140553173609e-05, 1.0, 0.9997846484184265, -0.020754219964146614, 3.469303555903025e-05, 1.0, 0.9998557567596436, -0.01698192022740841, -0.00013877786113880575, 1.0, 0.9999832510948181, -0.0057872687466442585, -2.421039425826166e-06, 1.0, 0.9999586343765259, 0.009092854335904121, 6.827157631050795e-05, 1.0, 0.9998360276222229, 0.01810799352824688, -1.0993302566930652e-05, 1.0, 0.999843418598175, 0.01770179532468319, -6.853121249150718e-06, 1.0, 0.9999895095825195, -0.004582333378493786, 9.300293459091336e-05, 1.0, 0.9997769594192505, -0.02111855521798134, -2.5469371394137852e-05, 1.0, 0.999661386013031, -0.026020674034953117, 6.590556040464435e-06, 1.0, 0.9996170401573181, -0.027671918272972107, -1.737214915920049e-05, 1.0, 0.999771773815155, -0.02136356569826603, 4.416696810949361e-06, 1.0, 0.9999452233314514, -0.010471216402947903, 2.097591459460091e-05, 1.0, 0.9999870657920837, -0.005072410684078932, 2.1618889149976894e-05, 1.0, 0.9999822378158569, -0.005962643306702375, -4.7844068831182085e-06, 1.0, 0.9998645186424255, -0.016454914584755898, 2.493984084139811e-06, 1.0, 0.9998242855072021, -0.0187437254935503, -3.4720411349553615e-05, 1.0, 0.9997811913490295, -0.02092231810092926, 4.6094366553006694e-05, 1.0, 0.9997512698173523, -0.022303853183984756, 1.6991960364975967e-05, 1.0, 0.9999970197677612, -0.002420849399641156, -0.00012571897241286933, 1.0, 0.9998437762260437, 0.01767491176724434, 6.761801341781393e-05, 1.0, 0.9996971487998962, 0.024606486782431602, 0.0001427367824362591, 1.0, 0.9995848536491394, 0.028810910880565643, 7.310954515560297e-06, 1.0, 0.999837338924408, 0.018040569499135017, 1.698461528576445e-05, 1.0, 0.9999144673347473, 0.013083348050713539, 3.8562254189855594e-07, 1.0, 0.9999772310256958, 0.006751322653144598, -3.0038672775845043e-06, 1.0, 0.999947726726532, 0.01022376213222742, 6.1826553974242415e-06, 1.0, 0.9996978044509888, 0.024582264944911003, -3.5016869333048817e-06, 1.0, 0.9993267059326172, 0.036689817905426025, -5.457460065372288e-05, 1.0, 0.9995410442352295, 0.030294204130768776, -3.467614806140773e-05, 1.0, 0.9997372031211853, 0.02292294055223465, -3.373902291059494e-05, 1.0, 0.9996000528335571, 0.028281284496188164, 4.177602932031732e-06, 1.0, 0.9999893307685852, 0.004616832826286554, 4.190490290056914e-05, 1.0, 0.9999027848243713, -0.01394605077803135, 2.508226316422224e-05, 1.0, 0.9999368786811829, -0.011243736371397972, 4.1664731043056236e-07, 1.0, 0.999999463558197, -0.0010625626891851425, 8.336811333720107e-06, 1.0, 0.9999948740005493, 0.0031957714818418026, -2.171869891753886e-05, 1.0, 0.9999168515205383, 0.012897126376628876, -8.752577559789643e-05, 1.0, 0.999983012676239, 0.005844178609549999, -0.0001643028372200206, 1.0, 0.9999474883079529, -0.010250548832118511, -0.00027097249403595924, 1.0, 0.9995872974395752, -0.028728758916258812, -3.1048864457261516e-06, 1.0, 0.9995133280754089, -0.03119385987520218, -9.029571629071143e-06, 1.0, 0.9995630979537964, -0.029554691165685654, 1.332272859144723e-05, 1.0]
            u0 (float, 194):  [0.5, 0.5, 0.652595043182373, 0.5, 0.6578550934791565, 0.46860069036483765, 0.6434430480003357, 0.4405839443206787, 0.6271193027496338, 0.4150615930557251, 0.6116925477981567, 0.38830745220184326, 0.5877999663352966, 0.3685980439186096, 0.5603827238082886, 0.35422319173812866, 0.5307101011276245, 0.34560996294021606, 0.5, 0.34595656394958496, 0.4699840247631073, 0.3490995168685913, 0.4382053017616272, 0.3508144021034241, 0.41383907198905945, 0.3710510730743408, 0.38602811098098755, 0.38602811098098755, 0.36435818672180176, 0.40936702489852905, 0.3480169475078583, 0.43704652786254883, 0.33732345700263977, 0.4676416516304016, 0.3464779257774353, 0.5, 0.34937936067581177, 0.5299603044986725, 0.35012418031692505, 0.562080591917038, 0.36741915345191956, 0.5885877013206482, 0.39184558391571045, 0.6081544160842896, 0.41042596101760864, 0.6340570449829102, 0.4369979202747345, 0.6521004736423492, 0.46800896525382996, 0.6608298122882843, 0.5, 0.6532009243965149, 0.5301691889762878, 0.6516707837581635, 0.5572332739830017, 0.638173371553421, 0.592454731464386, 0.6383683085441589, 0.6083828806877136, 0.6083828508853912, 0.6347730159759521, 0.5900524258613586, 0.6467109322547913, 0.560769647359848, 0.6566954851150513, 0.531168669462204, 0.818139374256134, 0.5, 0.832417368888855, 0.4338780641555786, 0.7986277341842651, 0.3763043284416199, 0.7515899538993835, 0.3318929672241211, 0.7046921253204346, 0.29530787467956543, 0.6748417615890503, 0.23833078145980835, 0.6322970390319824, 0.18060678243637085, 0.5568867325782776, 0.21401113271713257, 0.5, 0.17092257738113403, 0.43651720881462097, 0.18085050582885742, 0.3880116939544678, 0.2296363115310669, 0.33561763167381287, 0.25398439168930054, 0.26719334721565247, 0.2671933174133301, 0.2406691461801529, 0.326720654964447, 0.21377412974834442, 0.3814413547515869, 0.19113977253437042, 0.43856388330459595, 0.21146845817565918, 0.5, 0.17583534121513367, 0.5644803643226624, 0.2021147757768631, 0.6233881115913391, 0.2350442260503769, 0.67703777551651, 0.28424713015556335, 0.7157528698444366, 0.3122396767139435, 0.7810031920671463, 0.3703387975692749, 0.8130298256874084, 0.43768802285194397, 0.8132634907960892, 0.5, 0.7876591831445694, 0.556923508644104, 0.7861738055944443, 0.6117733716964722, 0.7698447704315186, 0.6594343781471252, 0.7386104464530945, 0.7309401035308838, 0.7309400737285614, 0.7654921412467957, 0.6773961782455444, 0.773166835308075, 0.6131494045257568, 0.83820641040802, 0.5672734379768372, 0.9850369691848755, 0.5, 1.0001612901687622, 0.4005117416381836, 0.9748114347457886, 0.30332666635513306, 0.9098969101905823, 0.2261156439781189, 0.8317930698394775, 0.16820693016052246, 0.7997397184371948, 0.051407814025878906, 0.6564297080039978, 0.12234532833099365, 0.5964072942733765, 0.015327632427215576, 0.5, -0.024092555046081543, 0.40990743041038513, 0.04707401990890503, 0.30337652564048767, 0.025308966636657715, 0.26876699924468994, 0.15393537282943726, 0.18020404875278473, 0.18020403385162354, 0.1425100713968277, 0.2611328363418579, 0.08490125089883804, 0.32806044816970825, 0.013430691324174404, 0.40321534872055054, 0.08959772437810898, 0.5, 0.06813786178827286, 0.5859027206897736, 0.021214816719293594, 0.6983193159103394, 0.13861384987831116, 0.7414705157279968, 0.21169821918010712, 0.7883017808198929, 0.19943948090076447, 0.9498205967247486, 0.3195897340774536, 0.9355489239096642, 0.4236895740032196, 0.8836384266614914, 0.5, 0.9760593418031931, 0.5801404118537903, 0.9028931558132172, 0.6581857204437256, 0.8818941488862038, 0.778765082359314, 0.9172014370560646, 0.8454040288925171, 0.8454040288925171, 0.8773357272148132, 0.7521276772022247, 0.9317560195922852, 0.6788392066955566, 0.9650099277496338, 0.5924962162971497]
            tri (int, 480):  [0, 2, 1, 0, 3, 2, 0, 4, 3, 0, 5, 4, 0, 6, 5, 0, 7, 6, 0, 8, 7, 0, 9, 8, 0, 10, 9, 0, 11, 10, 0, 12, 11, 0, 13, 12, 0, 14, 13, 0, 15, 14, 0, 16, 15, 0, 17, 16, 0, 18, 17, 0, 19, 18, 0, 20, 19, 0, 21, 20, 0, 22, 21, 0, 23, 22, 0, 24, 23, 0, 25, 24, 0, 26, 25, 0, 27, 26, 0, 28, 27, 0, 29, 28, 0, 30, 29, 0, 31, 30, 0, 32, 31, 0, 1, 32, 1, 34, 33, 1, 2, 34, 2, 35, 34, 2, 3, 35, 3, 36, 35, 3, 4, 36, 4, 37, 36, 4, 5, 37, 5, 38, 37, 5, 6, 38, 6, 39, 38, 6, 7, 39, 7, 40, 39, 7, 8, 40, 8, 41, 40, 8, 9, 41, 9, 42, 41, 9, 10, 42, 10, 43, 42, 10, 11, 43, 11, 44, 43, 11, 12, 44, 12, 45, 44, 12, 13, 45, 13, 46, 45, 13, 14, 46, 14, 47, 46, 14, 15, 47, 15, 48, 47, 15, 16, 48, 16, 49, 48, 16, 17, 49, 17, 50, 49, 17, 18, 50, 18, 51, 50, 18, 19, 51, 19, 52, 51, 19, 20, 52, 20, 53, 52, 20, 21, 53, 21, 54, 53, 21, 22, 54, 22, 55, 54, 22, 23, 55, 23, 56, 55, 23, 24, 56, 24, 57, 56, 24, 25, 57, 25, 58, 57, 25, 26, 58, 26, 59, 58, 26, 27, 59, 27, 60, 59, 27, 28, 60, 28, 61, 60, 28, 29, 61, 29, 62, 61, 29, 30, 62, 30, 63, 62, 30, 31, 63, 31, 64, 63, 31, 32, 64, 32, 33, 64, 33, 32, 1, 33, 66, 65, 33, 34, 66, 34, 67, 66, 34, 35, 67, 35, 68, 67, 35, 36, 68, 36, 69, 68, 36, 37, 69, 37, 70, 69, 37, 38, 70, 38, 71, 70, 38, 39, 71, 39, 72, 71, 39, 40, 72, 40, 73, 72, 40, 41, 73, 41, 74, 73, 41, 42, 74, 42, 75, 74, 42, 43, 75, 43, 76, 75, 43, 44, 76, 44, 77, 76, 44, 45, 77, 45, 78, 77, 45, 46, 78, 46, 79, 78, 46, 47, 79, 47, 80, 79, 47, 48, 80, 48, 81, 80, 48, 49, 81, 49, 82, 81, 49, 50, 82, 50, 83, 82, 50, 51, 83, 51, 84, 83, 51, 52, 84, 52, 85, 84, 52, 53, 85, 53, 86, 85, 53, 54, 86, 54, 87, 86, 54, 55, 87, 55, 88, 87, 55, 56, 88, 56, 89, 88, 56, 57, 89, 57, 90, 89, 57, 58, 90, 58, 91, 90, 58, 59, 91, 59, 92, 91, 59, 60, 92, 60, 93, 92, 60, 61, 93, 61, 94, 93, 61, 62, 94, 62, 95, 94, 62, 63, 95, 63, 96, 95, 63, 64, 96, 64, 65, 96, 65, 64, 33]
            boundingsphere (float, 4):  [0.14026975631713867, 0.1891295164823532, 0.49570322036743164, 11.6577100869214]
            aabb:
                min (float, 3):  [-10.042790412902832, 0.061459045857191086, -9.825864791870117]
                max (float, 3):  [10.32332992553711, 0.31679999828338623, 10.81727123260498]
            material:
                shader (str, 1):  ['PdxMeshAdvanced']
                diff (str, 1):  ['air_winter_temperate_maritime_phase_1_diff.dds']
                spec (str, 1):  ['air_winter_temperate_maritime_spec.dds']
                n (str, 1):  ['air_winter_temperate_maritime_n.dds']
locator:
