pdxasset (int, 2):  [1, 0]
object:
    air_winter_static_thaw_flood:
        mesh:
            p (float, 36):  [-4.407084941864014, -2.99316143989563, -2.8266515731811523, 4.187081813812256, -2.99316143989563, -3.1433587074279785, 4.407084941864014, 3.1931612491607666, 2.8266515731811523, -4.187081813812256, 3.1931612491607666, 3.1433587074279785, -0.4258246421813965, -3.5608646869659424, -4.7596821784973145, 4.0005316734313965, -3.5608646869659424, 2.613741874694824, 0.4258246421813965, 3.960864782333374, 4.7596821784973145, -4.0005316734313965, 3.960864782333374, -2.613741874694824, 2.898590326309204, -3.872271776199341, -3.3422036170959473, -1.0503671169281006, -3.872271776199341, 4.297543525695801, -2.898590326309204, 4.472271919250488, 3.3422036170959473, 1.0503671169281006, 4.472271919250488, -4.297543525695801]
            n (float, 36):  [-0.026490701362490654, 0.6946583390235901, -0.7188518643379211, -0.026490701362490654, 0.6946583390235901, -0.7188518643379211, -0.026490701362490654, 0.6946583390235901, -0.7188518643379211, -0.026490701362490654, 0.6946583390235901, -0.7188518643379211, 0.7498769164085388, 0.4848096966743469, -0.45016026496887207, 0.7498769164085388, 0.4848096966743469, -0.45016026496887207, 0.7498769164085388, 0.4848096966743469, -0.45016026496887207, 0.7498769164085388, 0.4848096966743469, -0.45016026496887207, 0.8619551062583923, 0.2419220358133316, 0.4455414116382599, 0.8619551062583923, 0.2419220358133316, 0.4455414116382599, 0.8619551062583923, 0.2419220358133316, 0.4455414116382599, 0.8619551062583923, 0.2419220358133316, 0.4455414116382599]
            ta (float, 48):  [0.9993215799331665, 0.0, -0.03682640567421913, 1.0, 0.999321699142456, 0.0, -0.03682640939950943, 1.0, 0.9993215799331665, 0.0, -0.03682640567421913, 1.0, 0.999321699142456, 0.0, -0.03682640939950943, 1.0, 0.5146926045417786, -1.4448453100612824e-08, 0.8573747873306274, 1.0, 0.5146925449371338, -1.4448453100612824e-08, 0.8573747873306274, 1.0, 0.5146926045417786, -1.4448453100612824e-08, 0.8573747873306274, 1.0, 0.5146925449371338, -1.4448453100612824e-08, 0.8573747873306274, 1.0, -0.459181010723114, 7.20983805990727e-09, 0.8883426189422607, 1.0, -0.4591810703277588, 7.2098389480856895e-09, 0.8883427381515503, 1.0, -0.459181010723114, 7.20983805990727e-09, 0.8883426189422607, 1.0, -0.4591810703277588, 7.2098389480856895e-09, 0.8883427381515503, 1.0]
            u0 (float, 24):  [0.0, 1.0, 1.0, 1.0, 1.0, 0.0, 0.0, 0.0, 0.0, 1.0, 1.0, 1.0, 1.0, 0.0, 0.0, 0.0, 0.0, 1.0, 1.0, 1.0, 1.0, 0.0, 0.0, 0.0]
            tri (int, 18):  [0, 2, 1, 0, 3, 2, 4, 6, 5, 4, 7, 6, 8, 10, 9, 8, 11, 10]
            boundingsphere (float, 4):  [0.0, 0.30000007152557373, 0.0, 6.18524614379363]
            aabb:
                min (float, 3):  [-4.407084941864014, -3.872271776199341, -4.7596821784973145]
                max (float, 3):  [4.407084941864014, 4.472271919250488, 4.7596821784973145]
            material:
                shader (str, 1):  ['PdxMeshAlphaBlend']
                diff (str, 1):  ['air_winter_static_thaw_flood_diff.dds']
                spec (str, 1):  ['air_winter_static_thaw_flood_spec.dds']
                n (str, 1):  ['air_winter_static_thaw_flood_n.dds']
locator:
