pdxasset (int, 2):  [1, 0]
object:
    air_winter_static_ash_dirty_snow:
        mesh:
            p (float, 36):  [-4.39019775390625, -2.99316143989563, -2.852808713912964, 4.205699920654297, -2.99316143989563, -3.1184041500091553, 4.39019775390625, 3.1931612491607666, 2.852808713912964, -4.205699920654297, 3.1931612491607666, 3.1184041500091553, -0.8763900995254517, -3.5608646869659424, -4.697641849517822, 4.23089599609375, -3.5608646869659424, 2.2215800285339355, 0.8763900995254517, 3.960864782333374, 4.697641849517822, -4.23089599609375, 3.960864782333374, -2.2215800285339355, 2.947674512863159, -3.872271776199341, -3.298994779586792, -1.113774061203003, -3.872271776199341, 4.281548500061035, -2.947674512863159, 4.472271919250488, 3.298994779586792, 1.113774061203003, 4.472271919250488, -4.281548500061035]
            n (float, 36):  [-0.022215506061911583, 0.6946583986282349, -0.7189966440200806, -0.022215506061911583, 0.6946583986282349, -0.7189966440200806, -0.022215506061911583, 0.6946583986282349, -0.7189966440200806, -0.022215506061911583, 0.6946583986282349, -0.7189966440200806, 0.7036846280097961, 0.4848097264766693, -0.5194107294082642, 0.7036846280097961, 0.4848097264766693, -0.5194107294082642, 0.7036846280097961, 0.4848097264766693, -0.5194107294082642, 0.7036846280097961, 0.4848097264766693, -0.5194107294082642, 0.8552754521369934, 0.24192200601100922, 0.4582332372665405, 0.8552754521369934, 0.24192200601100922, 0.4582332372665405, 0.8552754521369934, 0.24192200601100922, 0.4582332372665405, 0.8552754521369934, 0.24192200601100922, 0.4582332372665405]
            ta (float, 48):  [0.9995229840278625, -1.2939022075997286e-09, -0.030883193016052246, 1.0, 0.9995230436325073, -1.2939022075997286e-09, -0.030883191153407097, 1.0, 0.9995229840278625, -1.2939022075997286e-09, -0.030883193016052246, 1.0, 0.9995230436325073, -1.2939022075997286e-09, -0.030883191153407097, 1.0, 0.5938703417778015, -5.056958940485856e-08, 0.8045606017112732, 1.0, 0.5938703417778015, -4.334535930183847e-08, 0.804560661315918, 1.0, 0.5938703417778015, -5.056958940485856e-08, 0.8045606017112732, 1.0, 0.5938704013824463, -5.779381950787865e-08, 0.804560661315918, 1.0, -0.47226136922836304, 1.441967523163612e-08, 0.8814585208892822, 1.0, -0.4722614288330078, 1.441967700799296e-08, 0.881458580493927, 1.0, -0.47226136922836304, 1.441967523163612e-08, 0.8814585208892822, 1.0, -0.4722614288330078, 1.441967700799296e-08, 0.881458580493927, 1.0]
            u0 (float, 24):  [0.0, 1.0, 1.0, 1.0, 1.0, 0.0, 0.0, 0.0, 0.0, 1.0, 1.0, 1.0, 1.0, 0.0, 0.0, 0.0, 0.0, 1.0, 1.0, 1.0, 1.0, 0.0, 0.0, 0.0]
            tri (int, 18):  [0, 2, 1, 0, 3, 2, 4, 6, 5, 4, 7, 6, 8, 10, 9, 8, 11, 10]
            boundingsphere (float, 4):  [0.0, 0.30000007152557373, 0.0, 6.185245989608282]
            aabb:
                min (float, 3):  [-4.39019775390625, -3.872271776199341, -4.697641849517822]
                max (float, 3):  [4.39019775390625, 4.472271919250488, 4.697641849517822]
            material:
                shader (str, 1):  ['PdxMeshAlphaBlend']
                diff (str, 1):  ['air_winter_static_ash_dirty_snow_diff.dds']
                spec (str, 1):  ['air_winter_static_ash_dirty_snow_spec.dds']
                n (str, 1):  ['air_winter_static_ash_dirty_snow_n.dds']
locator:
