pdxasset (int, 2):  [1, 0]
object:
    air_winter_polar_subpolar_dead_vegetation:
        mesh:
            p (float, 36):  [-5.37821626663208, 0.10000000149011612, -6.193125247955322, 6.193125247955322, 0.10000000149011612, -5.37821626663208, 5.37821626663208, 0.10000000149011612, 6.193125247955322, -6.193125247955322, 0.10000000149011612, 5.37821626663208, 1.262791395187378, -1.203147292137146, -7.982264518737793, 7.940568923950195, -1.203147292137146, 1.502845048904419, -1.262791395187378, 1.6031473875045776, 7.982264518737793, -7.940568923950195, 1.6031473875045776, -1.502845048904419, 7.199187278747559, 1.995755910873413, -3.5462818145751953, 3.2213096618652344, 1.995755910873413, 7.350345611572266, -7.199187278747559, -1.3957557678222656, 3.5462818145751953, -3.2213096618652344, -1.3957557678222656, -7.350345611572266]
            n (float, 36):  [1.6610982034315214e-10, 1.0, 0.0, 1.6610982034315214e-10, 1.0, 0.0, 1.6610982034315214e-10, 1.0, 0.0, 1.6610982034315214e-10, 1.0, 0.0, 0.1978151649236679, 0.9702956676483154, -0.13926731050014496, 0.1978151649236679, 0.9702956676483154, -0.13926731050014496, 0.1978151649236679, 0.9702956676483154, -0.13926731050014496, 0.1978151649236679, 0.9702956676483154, -0.13926731050014496, -0.27464357018470764, 0.9563047885894775, -0.10026024281978607, -0.27464357018470764, 0.9563047885894775, -0.10026025027036667, -0.27464357018470764, 0.9563047885894775, -0.10026024281978607, -0.27464357018470764, 0.9563047885894775, -0.10026025027036667]
            ta (float, 48):  [0.9975293874740601, -1.6569944027988726e-10, 0.07025076448917389, 1.0, 0.9975293278694153, -1.6569941252431164e-10, 0.07025077193975449, 1.0, 0.9975293874740601, -1.6569944027988726e-10, 0.07025076448917389, 1.0, 0.9975293278694153, -1.6569941252431164e-10, 0.07025077193975449, 1.0, 0.5756704211235046, 0.0, 0.8176818490028381, 1.0, 0.5756704211235046, 0.0, 0.8176817893981934, 1.0, 0.5756704211235046, 0.0, 0.8176818490028381, 1.0, 0.5756704211235046, 0.0, 0.8176817893981934, 1.0, -0.3429204821586609, 0.0, 0.939364492893219, 1.0, -0.3429204523563385, 7.125025014431685e-09, 0.9393643736839294, 1.0, -0.3429204821586609, 0.0, 0.939364492893219, 1.0, -0.3429204523563385, 7.125025014431685e-09, 0.9393643736839294, 1.0]
            u0 (float, 24):  [0.0, 1.0, 1.0, 1.0, 1.0, 0.0, 0.0, 0.0, 0.0, 1.0, 1.0, 1.0, 1.0, 0.0, 0.0, 0.0, 0.0, 1.0, 1.0, 1.0, 1.0, 0.0, 0.0, 0.0]
            tri (int, 18):  [0, 2, 1, 0, 3, 2, 4, 6, 5, 4, 7, 6, 8, 10, 9, 8, 11, 10]
            boundingsphere (float, 4):  [0.0, 0.30000007152557373, 0.0, 8.22013621370546]
            aabb:
                min (float, 3):  [-7.940568923950195, -1.3957557678222656, -7.982264518737793]
                max (float, 3):  [7.940568923950195, 1.995755910873413, 7.982264518737793]
            material:
                shader (str, 1):  ['PdxMeshAlphaBlend']
                diff (str, 1):  ['air_winter_polar_subpolar_dead_vegetation_diff.dds']
                spec (str, 1):  ['air_winter_polar_subpolar_dead_vegetation_spec.dds']
                n (str, 1):  ['air_winter_polar_subpolar_dead_vegetation_n.dds']
locator:
