pdxasset (int, 2):  [1, 0]
object:
    air_winter_boreal_continental_phase_2:
        mesh:
            p (float, 291):  [0.0, 0.3456000089645386, 0.0, 3.427734613418579, 0.2642512917518616, 0.0, 3.3589816093444824, 0.29858916997909546, 0.6681429743766785, 2.8684465885162354, 0.3130980432033539, 1.1881494522094727, 2.5899882316589355, 0.30288752913475037, 1.7305748462677002, 2.3931729793548584, 0.27139922976493835, 2.3931729793548584, 1.8604506254196167, 0.22924655675888062, 2.7843611240386963, 1.2723994255065918, 0.19063755869865417, 3.0718441009521484, 0.6233356595039368, 0.16858582198619843, 3.1337201595306396, 2.021915290699298e-16, 0.17052409052848816, 3.3020381927490234, -0.6442557573318481, 0.1957990825176239, 3.2388925552368164, -1.2602360248565674, 0.23589156568050385, 3.0424790382385254, -1.745238184928894, 0.27728796005249023, 2.611933469772339, -2.2903950214385986, 0.3060351312160492, 2.2903950214385986, -2.6821327209472656, 0.3124435544013977, 1.7921438217163086, -3.0895180702209473, 0.2943532168865204, 1.2797203063964844, -3.3755295276641846, 0.2578616440296173, 0.6714345812797546, -3.4253509044647217, 0.21526870131492615, 4.194845173888809e-16, -3.2168397903442383, 0.18093082308769226, -0.639869213104248, -2.9972503185272217, 0.16642194986343384, -1.241501808166504, -2.6447296142578125, 0.17663246393203735, -1.7671517133712769, -2.1901772022247314, 0.20812077820301056, -2.1901772022247314, -1.7191197872161865, 0.2502734363079071, -2.5728445053100586, -1.2442551851272583, 0.28888243436813354, -3.0038976669311523, -0.6240591406822205, 0.3109341859817505, -3.137357234954834, -5.916735306621325e-16, 0.30899590253829956, -3.2209205627441406, 0.6642177700996399, 0.2837209105491638, -3.3392484188079834, 1.2526171207427979, 0.24362842738628387, -3.024085283279419, 1.825451374053955, 0.20223204791545868, -2.731981039047241, 2.2410037517547607, 0.17348486185073853, -2.2410037517547607, 2.5717737674713135, 0.16707643866539001, -1.7184042930603027, 2.957540988922119, 0.18516677618026733, -1.2250535488128662, 3.0733494758605957, 0.2216583639383316, -0.6113271713256836, 6.542683124542236, 0.19081129133701324, 0.0, 7.104994297027588, 0.22514916956424713, 1.413271188735962, 6.26259183883667, 0.23965804278850555, 2.594050645828247, 5.047915458679199, 0.22944754362106323, 3.3729093074798584, 5.015672206878662, 0.19795921444892883, 5.015672206878662, 3.8635435104370117, 0.1558065563440323, 5.782201766967773, 2.626983404159546, 0.11719756573438644, 6.342098712921143, 1.3874694108963013, 0.0951458215713501, 6.975279808044434, 4.228427118571686e-16, 0.09708409756422043, 6.905545711517334, -1.3547313213348389, 0.12235908210277557, 6.810694694519043, -2.417799472808838, 0.16245156526565552, 5.8370842933654785, -4.010527610778809, 0.2038479596376419, 6.002179145812988, -5.085062026977539, 0.23259513080120087, 5.085062026977539, -5.0232462882995605, 0.23900356888771057, 3.3564257621765137, -6.36810827255249, 0.22091321647167206, 2.637756824493408, -6.705620288848877, 0.18442164361476898, 1.3338308334350586, -6.472573757171631, 0.14182870090007782, 7.9266169061181e-16, -6.445324420928955, 0.10749083012342453, -1.2820546627044678, -6.01783561706543, 0.09298195689916611, -2.492669105529785, -5.935135364532471, 0.10319246351718903, -3.965730667114258, -4.616847038269043, 0.13468077778816223, -4.616847038269043, -3.891281843185425, 0.17683345079421997, -5.823714733123779, -2.417875051498413, 0.21544243395328522, -5.837266445159912, -1.380817174911499, 0.23749418556690216, -6.941836357116699, -1.3046224858550572e-15, 0.23555590212345123, -7.102034091949463, 1.2626259326934814, 0.2102809101343155, -6.347649574279785, 2.535367727279663, 0.17018842697143555, -6.120919227600098, 3.9621388912200928, 0.12879204750061035, -5.929759979248047, 4.843238830566406, 0.1000448614358902, -4.843238830566406, 5.4118428230285645, 0.09363643079996109, -3.6160776615142822, 5.661973476409912, 0.111726775765419, -2.345266342163086, 6.1555986404418945, 0.14821836352348328, -1.2244247198104858, 10.232242584228516, 0.1015239879488945, 0.0, 8.377974510192871, 0.11364323645830154, 1.6664828062057495, 10.063223838806152, 0.1187640130519867, 4.168323993682861, 7.3713603019714355, 0.11516030877828598, 4.925385475158691, 7.709758281707764, 0.1040467843413353, 7.709758281707764, 4.99829626083374, 0.08916937559843063, 7.4804792404174805, 4.2282395362854, 0.07554266601800919, 10.20787239074707, 2.000311851501465, 0.06775970011949539, 10.056246757507324, 5.88654652298559e-16, 0.06844379752874374, 9.613460540771484, -1.883836030960083, 0.07736438512802124, 9.470683097839355, -3.8573267459869385, 0.09151466935873032, 9.312410354614258, -5.4882612228393555, 0.10612516105175018, 8.213763236999512, -6.366734981536865, 0.11627122759819031, 6.366734981536865, -7.212474346160889, 0.11853302270174026, 4.819221019744873, -8.904048919677734, 0.11214819550514221, 3.6881775856018066, -10.764512062072754, 0.09926881641149521, 2.1411945819854736, -9.990504264831543, 0.0842360109090805, 1.2234838234090285e-15, -8.096176147460938, 0.07211676239967346, -1.6104295253753662, -9.807005882263184, 0.06699598580598831, -4.06219482421875, -8.577280044555664, 0.07059969007968903, -5.7311553955078125, -7.701416015625, 0.08171321451663971, -7.701416015625, -4.790328502655029, 0.09659063071012497, -7.169233322143555, -3.9705212116241455, 0.11021733283996582, -9.585685729980469, -1.600159764289856, 0.11800029873847961, -8.044546127319336, -1.8524775727876263e-15, 0.11731620132923126, -10.084418296813965, 1.7326322793960571, 0.10839562118053436, -8.710530281066895, 3.3423268795013428, 0.09424532949924469, -8.069090843200684, 5.994356155395508, 0.07963483780622482, -8.971187591552734, 5.906215667724609, 0.0694887787103653, -5.906215667724609, 8.041013717651367, 0.06722697615623474, -5.372833728790283, 9.905181884765625, 0.0736118033528328, -4.102860450744629, 8.622698783874512, 0.0864911824464798, -1.7151614427566528]
            n (float, 291):  [0.00019358094141352922, 0.9999998211860657, -0.0005082775605842471, 0.022421523928642273, 0.9983111023902893, -0.05359314754605293, 0.02206265740096569, 0.9994664192199707, -0.024085164070129395, 0.012574125081300735, 0.9998880624771118, 0.0081106498837471, 0.0008790481952019036, 0.9995266795158386, 0.03075215220451355, -0.01329624280333519, 0.99899822473526, 0.04272746294736862, -0.027737179771065712, 0.9983048439025879, 0.05116729810833931, -0.024595016613602638, 0.9986842274665833, 0.04499875381588936, -0.00553869316354394, 0.9991540312767029, 0.04075045511126518, 0.018657250329852104, 0.9992080330848694, 0.03514358401298523, 0.03219367936253548, 0.9986974596977234, 0.039584312587976456, 0.03617068752646446, 0.9983564019203186, 0.0444544181227684, 0.027902649715542793, 0.998680055141449, 0.0431223139166832, 0.0024668665137141943, 0.9996978044509888, 0.024457862600684166, -0.017923817038536072, 0.9998361468315125, 0.0025322092697024345, -0.02822006307542324, 0.9993987679481506, -0.02014416828751564, -0.03241707384586334, 0.9985324740409851, -0.043382592499256134, -0.029720645397901535, 0.9982677102088928, -0.05077696964144707, -0.029065106064081192, 0.9987140893936157, -0.0415390208363533, -0.033661335706710815, 0.9992787837982178, -0.01757330633699894, -0.042742908000946045, 0.9990861415863037, -0.00018688110867515206, -0.056009139865636826, 0.9983803629875183, 0.009985053911805153, -0.06012892723083496, 0.9981415867805481, 0.009891100227832794, -0.04407418146729469, 0.9990246295928955, -0.002674960531294346, -0.01766294613480568, 0.9997766017913818, -0.011613032780587673, 0.017444472759962082, 0.9997346997261047, -0.015036424621939659, 0.04479546472430229, 0.9989272952079773, -0.011734085157513618, 0.05786479637026787, 0.998314619064331, -0.00444550858810544, 0.05432760715484619, 0.9985231161117554, -2.9553784770541824e-05, 0.046468961983919144, 0.9989033937454224, -0.005709581542760134, 0.030295083299279213, 0.9991385340690613, -0.028362037613987923, 0.01906466856598854, 0.998725175857544, -0.046739645302295685, 0.020542139187455177, 0.9977754354476929, -0.06342209875583649, 0.025804758071899414, 0.9991271495819092, -0.03284949064254761, 0.03811908885836601, 0.9992108345031738, -0.011170805431902409, 0.02380577102303505, 0.9995819330215454, 0.016405373811721802, 0.013616356998682022, 0.9995182752609253, 0.027886832132935524, 0.00697487173601985, 0.9995828866958618, 0.02802463434636593, -0.012017561122775078, 0.9993170499801636, 0.034944143146276474, -0.010698661208152771, 0.9996781349182129, 0.02300441823899746, -0.004552958998829126, 0.9998677968978882, 0.01561013888567686, 0.008656321093440056, 0.999824047088623, 0.016641072928905487, 0.015501602552831173, 0.999646008014679, 0.02162293717265129, 0.022507546469569206, 0.9991862773895264, 0.033468130975961685, 0.0015528070507571101, 0.9993743300437927, 0.03533516079187393, -0.02938823774456978, 0.9992709159851074, 0.024371512234210968, -0.028623459860682487, 0.9995049238204956, 0.013059449382126331, -0.028680257499217987, 0.9995554089546204, 0.008154168725013733, -0.026571325957775116, 0.9994210004806519, -0.02124904841184616, -0.021335404366254807, 0.999203085899353, -0.03373267129063606, -0.015598119236528873, 0.9996500611305237, -0.021366847679018974, -0.01650012843310833, 0.9998548626899719, -0.004239293280988932, -0.018208671361207962, 0.9998302459716797, 0.0028113301377743483, -0.031188732013106346, 0.9995055794715881, 0.0039751543663442135, -0.03513186052441597, 0.9993525147438049, -0.007767392322421074, -0.031925540417432785, 0.9993647933006287, -0.015832331031560898, -0.017108704894781113, 0.9991775751113892, -0.0367615707218647, 0.00722135603427887, 0.9993558526039124, -0.03515200316905975, 0.036020275205373764, 0.9990724325180054, -0.023595334962010384, 0.03232676535844803, 0.9993547797203064, -0.01565616950392723, 0.027408692985773087, 0.9996157288551331, -0.004149541258811951, 0.02434888482093811, 0.9997026920318604, -0.0012488944921642542, 0.011735042557120323, 0.9998622536659241, -0.011737549677491188, 0.009928510524332523, 0.9996557235717773, -0.02428746037185192, 0.015587466768920422, 0.9992446899414062, -0.03559580072760582, 0.03054646961390972, 0.9993842244148254, -0.017263595014810562, 0.046322233974933624, 0.9988946318626404, -0.007983763702213764, 0.03212568163871765, 0.9993451833724976, 0.016647016629576683, 0.02505829744040966, 0.9993278384208679, 0.026755044236779213, 0.01279884297400713, 0.9995771050453186, 0.026109259575605392, -0.002647333312779665, 0.9995204210281372, 0.030855033546686172, -0.003101408714428544, 0.999893069267273, 0.014292525127530098, -0.0045140935108065605, 0.9999269247055054, 0.011218292638659477, 0.003935474902391434, 0.9999204277992249, 0.011982432566583157, 0.009578533470630646, 0.9997811913490295, 0.018597297370433807, 0.008609773591160774, 0.9995701909065247, 0.028023414313793182, -0.007867199368774891, 0.9993682503700256, 0.034658774733543396, -0.041166964918375015, 0.9987565279006958, 0.028119245544075966, -0.04149223119020462, 0.9987875819206238, 0.026489857584238052, -0.028633199632167816, 0.9994858503341675, 0.014429855160415173, -0.02445818856358528, 0.9996494054794312, -0.010144621133804321, -0.01991392858326435, 0.9995173215866089, -0.023843782022595406, -0.013414495624601841, 0.999813973903656, -0.013862497173249722, -0.009767784737050533, 0.9999522566795349, -0.00014001676754560322, -0.013215640559792519, 0.9999116659164429, 0.001370888901874423, -0.017270445823669434, 0.9998459815979004, -0.0031153697054833174, -0.029124591499567032, 0.9994599223136902, -0.015219485387206078, -0.023468151688575745, 0.9992817044258118, -0.029753878712654114, -0.021410930901765823, 0.9984955787658691, -0.05047870799899101, 0.004826683551073074, 0.9989525675773621, -0.04550176113843918, 0.03435838595032692, 0.9987710118293762, -0.03572292998433113, 0.01778176613152027, 0.9995380640029907, -0.024645959958434105, 0.019649416208267212, 0.9997693300247192, -0.008676822297275066, 0.020298002287745476, 0.9997915625572205, -0.0021740002557635307, 0.004835512954741716, 0.9999260306358337, -0.011160475201904774, 0.006344156805425882, 0.9999080896377563, -0.011976204812526703, 0.01621859334409237, 0.9996119737625122, -0.02264442667365074]
            ta (float, 388):  [1.0, -0.00019358076679054648, 8.901721137988261e-09, 1.0, 0.9997480511665344, -0.022445999085903168, 0.00014527791063301265, 1.0, 0.9997565150260925, -0.02206929214298725, -9.632642104406841e-06, 1.0, 0.9999209046363831, -0.012574599124491215, 7.651983651157934e-06, 1.0, 0.9999995827674866, -0.000878655060660094, -2.6302295736968517e-05, 1.0, 0.9999112486839294, 0.013318334706127644, -0.0002323966327821836, 1.0, 0.9996135234832764, 0.027797065675258636, -0.00045905529987066984, 1.0, 0.9996962547302246, 0.024640530347824097, -0.00045698534813709557, 1.0, 0.9999846816062927, 0.005545963533222675, -6.536261935252696e-05, 1.0, 0.9998255968093872, -0.01867535151541233, 0.00018681742949411273, 1.0, 0.9994804859161377, -0.032229356467723846, 0.00026333198184147477, 1.0, 0.9993435144424438, -0.036225397139787674, 0.00042555839172564447, 1.0, 0.9996095299720764, -0.02793964557349682, 0.0002553976373746991, 1.0, 0.9999969601631165, -0.002470500534400344, 0.00011837706551887095, 1.0, 0.9998393058776855, 0.017923884093761444, -3.4855086141760694e-06, 1.0, 0.9996014833450317, 0.028227612376213074, 9.044337639352307e-05, 1.0, 0.9994733929634094, 0.03244965896010399, 4.691897993325256e-05, 1.0, 0.999557375907898, 0.029752399772405624, -0.00013045998639427125, 1.0, 0.9995768666267395, 0.029085583984851837, -0.00011135412205476314, 1.0, 0.999433159828186, 0.03366614878177643, -2.212878825957887e-05, 1.0, 0.9990860223770142, 0.042742904275655746, 7.024087267382129e-07, 1.0, 0.998430073261261, 0.05601273104548454, -7.970035949256271e-05, 1.0, 0.9981904029846191, 0.06013259291648865, -7.3197232268285e-05, 1.0, 0.999028205871582, 0.04407442361116409, 3.105072391917929e-05, 1.0, 0.9998438954353333, 0.01766415685415268, 1.856720359683095e-06, 1.0, 0.9998477697372437, -0.01744656451046467, -7.85368956712773e-06, 1.0, 0.9989959597587585, -0.04479977488517761, -0.00010454239236423746, 1.0, 0.9983243942260742, -0.05786558613181114, -5.004120248486288e-05, 1.0, 0.9985231757164001, -0.05432761088013649, -2.3378797209261393e-07, 1.0, 0.998919665813446, -0.046469796448946, -1.3150144695828203e-05, 1.0, 0.9995406866073608, -0.030306966975331306, 1.099008568417048e-05, 1.0, 0.9998180270195007, -0.019077425822615623, 0.00017315721197519451, 1.0, 0.9997884035110474, -0.020570311695337296, 0.0002087990869767964, 1.0, 0.9996666312217712, -0.025821976363658905, -9.988983947550878e-05, 1.0, 0.999272882938385, -0.038125038146972656, -0.00032118745730258524, 1.0, 0.999716579914093, -0.023809485137462616, 3.0692597647430375e-05, 1.0, 0.9999071955680847, -0.013622839003801346, 4.236167296767235e-05, 1.0, 0.9999756813049316, -0.006979759316891432, 7.654368528164923e-05, 1.0, 0.9999276995658875, 0.012024485506117344, 1.196768062072806e-05, 1.0, 0.9999427199363708, 0.010701026767492294, 2.0260469682398252e-05, 1.0, 0.9999896287918091, 0.004553621169179678, -6.899966138007585e-06, 1.0, 0.9999624490737915, -0.008657843805849552, 1.9436592992860824e-05, 1.0, 0.999879777431488, -0.01550440862774849, -3.78181975975167e-05, 1.0, 0.9997463822364807, -0.02252197079360485, 5.396895357989706e-05, 1.0, 0.9999988079071045, -0.0015560563188046217, 6.445828330470249e-05, 1.0, 0.9995677471160889, 0.029397591948509216, -2.564602800703142e-05, 1.0, 0.9995902180671692, 0.02862582542002201, 5.90834861213807e-06, 1.0, 0.999588668346405, 0.028681516647338867, -3.760057006729767e-05, 1.0, 0.999646782875061, 0.026577701792120934, 1.7478658264735714e-05, 1.0, 0.9997721314430237, 0.02134792134165764, 1.0870333426282741e-05, 1.0, 0.9998782277107239, 0.015603032894432545, 6.327147275442258e-05, 1.0, 0.9998639225959778, 0.01650029793381691, 4.3927088881901e-06, 1.0, 0.9998342394828796, 0.018208738416433334, 1.6605598602836835e-06, 1.0, 0.9995135068893433, 0.031188996508717537, -4.543711838778108e-06, 1.0, 0.9993826746940613, 0.03513352572917938, 7.786689820932224e-05, 1.0, 0.9994902014732361, 0.03192964941263199, 6.48708328299108e-06, 1.0, 0.9998520612716675, 0.017161302268505096, 0.0011156703112646937, 1.0, 0.9999739527702332, -0.0072276778519153595, -5.273102215141989e-05, 1.0, 0.9993507266044617, -0.0360296405851841, 2.8141232178313658e-05, 1.0, 0.9994773268699646, -0.03233110532164574, -2.415261224086862e-05, 1.0, 0.9996243119239807, -0.027408920228481293, 1.5920311398076592e-06, 1.0, 0.9997034668922424, -0.0243489108979702, -4.286171588319121e-06, 1.0, 0.9999312162399292, -0.011735884472727776, -2.7481719371280633e-06, 1.0, 0.9999507069587708, -0.009932266548275948, -3.406195537536405e-05, 1.0, 0.9998782873153687, -0.015600424259901047, -8.633132529212162e-05, 1.0, 0.9995332360267639, -0.030549123883247375, 0.00010979039507219568, 1.0, 0.99892657995224, -0.046323854476213455, -1.7261796529055573e-05, 1.0, 0.9994837641716003, -0.032128866761922836, -7.594940689159557e-05, 1.0, 0.9996857643127441, -0.02506694383919239, -1.2262963537068572e-05, 1.0, 0.9999180436134338, -0.01280290074646473, -1.176818386738887e-05, 1.0, 0.9999964833259583, 0.0026482953689992428, 9.694501386547927e-06, 1.0, 0.999995231628418, 0.003101011272519827, 4.994955816073343e-05, 1.0, 0.9999898672103882, 0.004514348227530718, 2.6067514227179345e-06, 1.0, 0.9999922513961792, -0.003935622051358223, -1.1287105735391378e-05, 1.0, 0.999954104423523, -0.009578494355082512, -9.118718298850581e-05, 1.0, 0.9999628663063049, -0.0086093470454216, -0.00013591159950010478, 1.0, 0.9999687671661377, 0.007888986729085445, -0.0004919287748634815, 1.0, 0.9991515874862671, 0.04118399694561958, -2.651422801136505e-05, 1.0, 0.9991381764411926, 0.04150675609707832, 1.5120017451408785e-06, 1.0, 0.9995899200439453, 0.028635576367378235, 4.191445987089537e-05, 1.0, 0.9997008442878723, 0.024459129199385643, -3.123273199889809e-05, 1.0, 0.9998016357421875, 0.019920144230127335, 2.3004164177109487e-05, 1.0, 0.9999100565910339, 0.013415791094303131, 4.3922452164224524e-07, 1.0, 0.9999522566795349, 0.009767785668373108, -1.5553096943676792e-07, 1.0, 0.999912679195404, 0.013215653598308563, 3.727587909452268e-07, 1.0, 0.9998508095741272, 0.017270471900701523, -1.8475117030902766e-05, 1.0, 0.999575674533844, 0.029128024354577065, 3.7501083625102183e-06, 1.0, 0.9997244477272034, 0.023471063002943993, -0.0002513905055820942, 1.0, 0.9997701048851013, 0.021442335098981857, 8.065450674621388e-05, 1.0, 0.9999883770942688, -0.004821151029318571, 0.00023130880435928702, 1.0, 0.9994089603424072, -0.03437766060233116, 7.466156966984272e-05, 1.0, 0.9998418092727661, -0.017786633223295212, 2.1732617824454792e-05, 1.0, 0.9998068809509277, -0.01964973472058773, 4.8546404286753386e-05, 1.0, 0.9997939467430115, -0.020298052579164505, 2.352840411390389e-08, 1.0, 0.999988317489624, -0.004835663828998804, 1.3464048606692813e-05, 1.0, 0.9999799132347107, -0.006344576366245747, 3.0841545139992377e-06, 1.0, 0.9998684525489807, -0.016222728416323662, 1.187512680189684e-06, 1.0]
            u0 (float, 194):  [0.5, 0.5, 0.666072428226471, 0.5, 0.6627413630485535, 0.46762871742248535, 0.6389751434326172, 0.4424346089363098, 0.6254839301109314, 0.41615432500839233, 0.6159483194351196, 0.38405168056488037, 0.5901381373405457, 0.365098774433136, 0.5616472363471985, 0.3511703610420227, 0.5302003622055054, 0.34817248582839966, 0.5, 0.34001755714416504, 0.4687860608100891, 0.3430769443511963, 0.4389420449733734, 0.3525930643081665, 0.41544389724731445, 0.3734528422355652, 0.3890312612056732, 0.38903123140335083, 0.37005171179771423, 0.41317135095596313, 0.35031405091285706, 0.43799805641174316, 0.33645689487457275, 0.4674692749977112, 0.33404308557510376, 0.5, 0.34414535760879517, 0.5310014188289642, 0.35478436946868896, 0.5601502656936646, 0.37186387181282043, 0.5856178104877472, 0.3938867747783661, 0.6061132252216339, 0.416709303855896, 0.6246533095836639, 0.43971630930900574, 0.6455376744270325, 0.4697645902633667, 0.6520037353038788, 0.5, 0.6560523509979248, 0.5321810841560364, 0.6617852747440338, 0.5606887936592102, 0.6465157568454742, 0.5884423851966858, 0.6323634088039398, 0.6085757613182068, 0.6085757613182068, 0.624601423740387, 0.5832560360431671, 0.643291711807251, 0.55935338139534, 0.6489025950431824, 0.5296185612678528, 0.8169904351234436, 0.5, 0.8442342281341553, 0.4315275549888611, 0.8034201860427856, 0.37431925535202026, 0.7445695400238037, 0.33658385276794434, 0.7430073618888855, 0.2569926381111145, 0.6871871948242188, 0.21985459327697754, 0.6272763013839722, 0.19272774457931519, 0.5672223567962646, 0.16205042600631714, 0.5, 0.1654289960861206, 0.43436378240585327, 0.17002451419830322, 0.382858544588089, 0.2171955108642578, 0.3056914806365967, 0.20919674634933472, 0.25363072752952576, 0.25363069772720337, 0.2566256523132324, 0.3373824954032898, 0.19146762788295746, 0.37220168113708496, 0.17511530220508575, 0.4353764057159424, 0.18640629947185516, 0.5, 0.18772654235363007, 0.5621150434017181, 0.2084381878376007, 0.6207688450813293, 0.2124449759721756, 0.6921381056308746, 0.2763155400753021, 0.7236844599246979, 0.3114688992500305, 0.7821567207574844, 0.3828549087047577, 0.7828132957220078, 0.4330999553203583, 0.8363292962312698, 0.5, 0.8440907895565033, 0.5611737370491028, 0.807541161775589, 0.6228376030921936, 0.7965561747550964, 0.6919640898704529, 0.7872945815324783, 0.7346530556678772, 0.7346530258655548, 0.7622016668319702, 0.675197571516037, 0.7743204236030579, 0.6136272549629211, 0.7982363700866699, 0.5593228936195374, 0.9957482218742371, 0.5, 0.9059095978736877, 0.41925954818725586, 0.9875593185424805, 0.2980462908744812, 0.857139527797699, 0.26136696338653564, 0.8735347986221313, 0.12646520137786865, 0.7421655058860779, 0.13757365942001343, 0.7048565745353699, 0.005432546138763428, 0.5969143509864807, 0.012778759002685547, 0.5, 0.034231603145599365, 0.40872886776924133, 0.0411490797996521, 0.3131140172481537, 0.04881727695465088, 0.23409588634967804, 0.10204637050628662, 0.191534161567688, 0.191534161567688, 0.15055842697620392, 0.26651060581207275, 0.0686022937297821, 0.3213092088699341, -0.02153642289340496, 0.39625996351242065, 0.01596396416425705, 0.5, 0.10774342715740204, 0.578024685382843, 0.024854343384504318, 0.6968117654323578, 0.08443409204483032, 0.7776722609996796, 0.12686939537525177, 0.8731306046247482, 0.2679104208946228, 0.8473465889692307, 0.30762979388237, 0.9644227661192417, 0.42247289419174194, 0.8897551447153091, 0.5, 0.9885861752554774, 0.5839453339576721, 0.9220218285918236, 0.6619344353675842, 0.8909443318843842, 0.7904242277145386, 0.9346505776047707, 0.7861538529396057, 0.7861538678407669, 0.8895840048789978, 0.7603117078542709, 0.9799022078514099, 0.6987819969654083, 0.9177664518356323, 0.5830989181995392]
            tri (int, 480):  [0, 2, 1, 0, 3, 2, 0, 4, 3, 0, 5, 4, 0, 6, 5, 0, 7, 6, 0, 8, 7, 0, 9, 8, 0, 10, 9, 0, 11, 10, 0, 12, 11, 0, 13, 12, 0, 14, 13, 0, 15, 14, 0, 16, 15, 0, 17, 16, 0, 18, 17, 0, 19, 18, 0, 20, 19, 0, 21, 20, 0, 22, 21, 0, 23, 22, 0, 24, 23, 0, 25, 24, 0, 26, 25, 0, 27, 26, 0, 28, 27, 0, 29, 28, 0, 30, 29, 0, 31, 30, 0, 32, 31, 0, 1, 32, 1, 34, 33, 1, 2, 34, 2, 35, 34, 2, 3, 35, 3, 36, 35, 3, 4, 36, 4, 37, 36, 4, 5, 37, 5, 38, 37, 5, 6, 38, 6, 39, 38, 6, 7, 39, 7, 40, 39, 7, 8, 40, 8, 41, 40, 8, 9, 41, 9, 42, 41, 9, 10, 42, 10, 43, 42, 10, 11, 43, 11, 44, 43, 11, 12, 44, 12, 45, 44, 12, 13, 45, 13, 46, 45, 13, 14, 46, 14, 47, 46, 14, 15, 47, 15, 48, 47, 15, 16, 48, 16, 49, 48, 16, 17, 49, 17, 50, 49, 17, 18, 50, 18, 51, 50, 18, 19, 51, 19, 52, 51, 19, 20, 52, 20, 53, 52, 20, 21, 53, 21, 54, 53, 21, 22, 54, 22, 55, 54, 22, 23, 55, 23, 56, 55, 23, 24, 56, 24, 57, 56, 24, 25, 57, 25, 58, 57, 25, 26, 58, 26, 59, 58, 26, 27, 59, 27, 60, 59, 27, 28, 60, 28, 61, 60, 28, 29, 61, 29, 62, 61, 29, 30, 62, 30, 63, 62, 30, 31, 63, 31, 64, 63, 31, 32, 64, 32, 33, 64, 33, 32, 1, 33, 66, 65, 33, 34, 66, 34, 67, 66, 34, 35, 67, 35, 68, 67, 35, 36, 68, 36, 69, 68, 36, 37, 69, 37, 70, 69, 37, 38, 70, 38, 71, 70, 38, 39, 71, 39, 72, 71, 39, 40, 72, 40, 73, 72, 40, 41, 73, 41, 74, 73, 41, 42, 74, 42, 75, 74, 42, 43, 75, 43, 76, 75, 43, 44, 76, 44, 77, 76, 44, 45, 77, 45, 78, 77, 45, 46, 78, 46, 79, 78, 46, 47, 79, 47, 80, 79, 47, 48, 80, 48, 81, 80, 48, 49, 81, 49, 82, 81, 49, 50, 82, 50, 83, 82, 50, 51, 83, 51, 84, 83, 51, 52, 84, 52, 85, 84, 52, 53, 85, 53, 86, 85, 53, 54, 86, 54, 87, 86, 54, 55, 87, 55, 88, 87, 55, 56, 88, 56, 89, 88, 56, 57, 89, 57, 90, 89, 57, 58, 90, 58, 91, 90, 58, 59, 91, 59, 92, 91, 59, 60, 92, 60, 93, 92, 60, 61, 93, 61, 94, 93, 61, 62, 94, 62, 95, 94, 62, 63, 95, 63, 96, 95, 63, 64, 96, 64, 65, 96, 65, 64, 33]
            boundingsphere (float, 4):  [-0.26613473892211914, 0.20629799365997314, 0.061727046966552734, 11.11608994520398]
            aabb:
                min (float, 3):  [-10.764512062072754, 0.06699598580598831, -10.084418296813965]
                max (float, 3):  [10.232242584228516, 0.3456000089645386, 10.20787239074707]
            material:
                shader (str, 1):  ['PdxMeshAdvanced']
                diff (str, 1):  ['air_winter_boreal_continental_phase_2_diff.dds']
                spec (str, 1):  ['air_winter_boreal_continental_spec.dds']
                n (str, 1):  ['air_winter_boreal_continental_n.dds']
locator:
