pdxasset (int, 2):  [1, 0]
object:
    air_winter_island_oceanic_phase_4:
        mesh:
            p (float, 291):  [0.0, 0.4032000005245209, 0.0, 3.103280544281006, 0.35533246397972107, 0.0, 3.0559146404266357, 0.32020190358161926, 0.607859194278717, 2.984773874282837, 0.2714264392852783, 1.2363338470458984, 2.5968031883239746, 0.2254464328289032, 1.735128402709961, 2.4098527431488037, 0.19775991141796112, 2.4098527431488037, 1.721255898475647, 0.1976989209651947, 2.5760414600372314, 1.2540528774261475, 0.22528402507305145, 3.0275514125823975, 0.6250210404396057, 0.27121734619140625, 3.142193078994751, 2.076029314023619e-16, 0.3200165927410126, 3.390413284301758, -0.6129357814788818, 0.35523343086242676, 3.0814363956451416, -1.2267124652862549, 0.36499765515327454, 2.961545944213867, -1.7802282571792603, 0.34601813554763794, 2.664299964904785, -2.2432987689971924, 0.3046920895576477, 2.2432987689971924, -2.565150022506714, 0.2549489438533783, 1.7139785289764404, -2.9944047927856445, 0.21355515718460083, 1.2403230667114258, -3.0560648441314697, 0.19446294009685516, 0.6078891158103943, -3.299042224884033, 0.20410752296447754, 4.0401613405502087e-16, -3.049819231033325, 0.23923811316490173, -0.606646716594696, -2.954328775405884, 0.2880135476589203, -1.22372305393219, -2.698489189147949, 0.3339935839176178, -1.8030729293823242, -2.410918951034546, 0.3616800904273987, -2.410918951034546, -1.7321492433547974, 0.3617410957813263, -2.5923445224761963, -1.1999140977859497, 0.33415597677230835, -2.896848678588867, -0.6570929884910583, 0.28822264075279236, -3.303429365158081, -5.680103947311628e-16, 0.23942340910434723, -3.09210467338562, 0.6655739545822144, 0.20420657098293304, -3.3460662364959717, 1.2591649293899536, 0.19444234669208527, -3.0398929119110107, 1.7665694952011108, 0.21342186629772186, -2.6438581943511963, 2.3937666416168213, 0.2547478973865509, -2.3937666416168213, 2.7941603660583496, 0.3044910430908203, -1.8669981956481934, 2.9636175632476807, 0.3458848297595978, -1.227570652961731, 3.307452440261841, 0.36497706174850464, -0.657893180847168, 6.1070075035095215, 0.26965248584747314, 0.0, 6.555962562561035, 0.23452189564704895, 1.304062008857727, 6.067009449005127, 0.1857464462518692, 2.51303768157959, 5.797222137451172, 0.13976642489433289, 3.873579978942871, 4.428389549255371, 0.1120799109339714, 4.428389549255371, 3.5455679893493652, 0.11201892048120499, 5.306317329406738, 2.6461517810821533, 0.13960401713848114, 6.388375759124756, 1.2771224975585938, 0.18553735315799713, 6.420528411865234, 4.15979203885567e-16, 0.23433659970760345, 6.793455600738525, -1.3123135566711426, 0.26955342292785645, 6.597445964813232, -2.5897514820098877, 0.2793176472187042, 6.252213478088379, -3.9380173683166504, 0.2603381276130676, 5.893659591674805, -4.601914405822754, 0.2190120965242386, 4.601914405822754, -5.629007816314697, 0.16926895081996918, 3.7611827850341797, -5.864595890045166, 0.1278751641511917, 2.4291951656341553, -5.743134498596191, 0.10878293216228485, 1.1423804759979248, -6.893033504486084, 0.11842752248048782, 8.441531411127541e-16, -5.953888893127441, 0.15355810523033142, -1.1843022108078003, -6.455926418304443, 0.20233355462551117, -2.6741323471069336, -5.921777725219727, 0.24831357598304749, -3.956805467605591, -4.776520252227783, 0.27600008249282837, -4.776520252227783, -3.363560676574707, 0.276061087846756, -5.033924579620361, -2.408527374267578, 0.24847598373889923, -5.814699649810791, -1.243064045906067, 0.20254264771938324, -6.249305248260498, -1.0866004403965366e-15, 0.15374340116977692, -5.915177345275879, 1.2614365816116333, 0.11852656304836273, -6.341670036315918, 2.538370370864868, 0.10876233875751495, -6.12816858291626, 3.4959936141967773, 0.12774187326431274, -5.232123851776123, 4.300229549407959, 0.16906790435314178, -4.300229549407959, 4.936042785644531, 0.2188110500574112, -3.2981581687927246, 6.2013421058654785, 0.26020485162734985, -2.5686800479888916, 5.716354846954346, 0.2792970538139343, -1.1370536088943481, 9.13086223602295, 0.13504675030708313, 0.0, 8.5739107131958, 0.122647725045681, 1.7054567337036133, 8.962895393371582, 0.10543286055326462, 3.712552785873413, 8.571258544921875, 0.08920462429523468, 5.727132320404053, 7.704775333404541, 0.079432912170887, 7.704775333404541, 5.577770233154297, 0.07941137999296188, 8.347723007202148, 4.269981861114502, 0.08914729952812195, 10.308648109436035, 2.159677028656006, 0.10535906255245209, 10.857429504394531, 6.130466071410819e-16, 0.1225823238492012, 10.011810302734375, -1.70807945728302, 0.13501180708408356, 8.587095260620117, -3.65413498878479, 0.1384579986333847, 8.82186222076416, -4.766016960144043, 0.13175934553146362, 7.132848739624023, -7.8902668952941895, 0.1171736791729927, 7.8902668952941895, -7.835915565490723, 0.09961728006601334, 5.2357916831970215, -9.605786323547363, 0.08500770479440689, 3.978846788406372, -7.999092102050781, 0.07826927304267883, 1.591118335723877, -8.442816734313965, 0.08167324215173721, 1.0339468606919595e-15, -8.462200164794922, 0.09407227486371994, -1.6832363605499268, -8.156152725219727, 0.11128713935613632, -3.3783891201019287, -7.5923871994018555, 0.12751537561416626, -5.073071002960205, -6.277321815490723, 0.13728709518909454, -6.277321815490723, -5.2177839279174805, 0.13730861246585846, -7.80896520614624, -3.57720685005188, 0.127572700381279, -8.636140823364258, -1.630976676940918, 0.11136093735694885, -8.19947338104248, -1.508950655534436e-15, 0.09413767606019974, -8.21434497833252, 1.7832883596420288, 0.08170820027589798, -8.965195655822754, 3.1752328872680664, 0.07826200127601624, -7.665689945220947, 5.2159037590026855, 0.08496066182851791, -7.806151390075684, 5.6873459815979, 0.09954632073640823, -5.6873459815979, 8.076411247253418, 0.1171027198433876, -5.396485805511475, 7.620894908905029, 0.13171230256557465, -3.1566779613494873, 10.018960952758789, 0.1384507268667221, -1.9928953647613525]
            n (float, 291):  [-0.00040876673301681876, 0.9999998211860657, 0.00037587841507047415, 0.02079436182975769, 0.9993438124656677, 0.029657084494829178, 0.014923537150025368, 0.99831223487854, 0.05612502247095108, 0.006102868355810642, 0.9977428317070007, 0.06687323749065399, 0.011356432922184467, 0.9981042742729187, 0.06048935279250145, 0.013220338150858879, 0.9990348815917969, 0.041887592524290085, 0.041010256856679916, 0.9986034035682678, 0.03330899402499199, 0.05971755459904671, 0.9981038570404053, 0.0149157689884305, 0.06832972168922424, 0.9974474906921387, 0.020725823938846588, 0.05194235220551491, 0.9983585476875305, 0.024128884077072144, 0.02332223951816559, 0.9994398355484009, 0.02400248870253563, -0.010607867501676083, 0.9998374581336975, 0.014580091461539268, -0.044391050934791565, 0.99899822473526, -0.005654624197632074, -0.06279546767473221, 0.9977253675460815, -0.024512650445103645, -0.0640254020690918, 0.9975306391716003, -0.028866730630397797, -0.0535946860909462, 0.9982720613479614, -0.024096356704831123, -0.05032755434513092, 0.9987092018127441, 0.006859691813588142, -0.039174165576696396, 0.9987913966178894, 0.029684068635106087, -0.05102143809199333, 0.9977006912231445, 0.04460907727479935, -0.05254653841257095, 0.9973104596138, 0.051096558570861816, -0.04460345581173897, 0.9986037611961365, 0.028303736820816994, -0.02150116302073002, 0.9997504949569702, -0.006052886135876179, 0.007573907729238272, 0.9995641112327576, -0.028534777462482452, 0.03168845176696777, 0.9987053275108337, -0.039792582392692566, 0.05582030117511749, 0.9975758790969849, -0.041552066802978516, 0.054783791303634644, 0.9975113868713379, -0.04438171908259392, 0.028166592121124268, 0.998998761177063, -0.03475794941186905, 0.01787903718650341, 0.9990100860595703, -0.040733691304922104, -0.008380847983062267, 0.9981306195259094, -0.060538288205862045, -0.016545528545975685, 0.9975824356079102, -0.06749551743268967, -0.007488938979804516, 0.9978128671646118, -0.06567632406949997, 0.005071923136711121, 0.998984158039093, -0.044776204973459244, 0.021668724715709686, 0.9997435808181763, -0.0065755173563957214, 0.034401170909404755, 0.9992514848709106, 0.017693668603897095, 0.030667511746287346, 0.9990956783294678, 0.02945105917751789, 0.013062744401395321, 0.9992014169692993, 0.03776085004210472, 0.0037860111333429813, 0.9996073246002197, 0.02776392735540867, 0.004445896949619055, 0.9997003674507141, 0.024068394675850868, 0.02173025533556938, 0.9997249841690063, 0.008819164708256721, 0.02909287065267563, 0.9995554685592651, 0.006515590474009514, 0.03633411228656769, 0.9992102384567261, 0.016088124364614487, 0.020669501274824142, 0.9993373155593872, 0.029959822073578835, 0.006174059584736824, 0.9991441965103149, 0.040900081396102905, -0.01640957035124302, 0.9991927146911621, 0.0366680882871151, -0.035179853439331055, 0.9990587830543518, 0.025374464690685272, -0.042388081550598145, 0.9990872144699097, -0.005291645415127277, -0.03668760880827904, 0.9992262125015259, -0.014176364056766033, -0.02947656624019146, 0.9994032382965088, -0.018006611615419388, -0.02556714229285717, 0.999667227268219, 0.0034218134824186563, -0.02195437252521515, 0.9996445178985596, 0.015126976184546947, -0.0352296382188797, 0.9989205002784729, 0.030277777463197708, -0.04742574691772461, 0.9986034631729126, 0.02327796071767807, -0.04806871339678764, 0.9988304972648621, -0.005207426846027374, -0.031636860221624374, 0.999140739440918, -0.02677587978541851, -0.0074481540359556675, 0.9993031024932861, -0.03657746687531471, 0.012288562953472137, 0.9990294575691223, -0.04229780286550522, 0.0328497439622879, 0.9985970258712769, -0.041530974209308624, 0.03346305713057518, 0.9989859461784363, -0.030121689662337303, 0.014603527262806892, 0.9997000694274902, -0.019661907106637955, 0.0060867122374475, 0.9997725486755371, -0.0204385444521904, -0.001475201454013586, 0.9995604753494263, -0.029610026627779007, -0.003918576519936323, 0.9989481568336487, -0.04568621888756752, 0.004110313951969147, 0.9986282587051392, -0.05219942331314087, 0.029090287163853645, 0.9989679455757141, -0.03488195315003395, 0.03213724121451378, 0.9994539618492126, -0.007678281515836716, 0.04212482273578644, 0.9990265369415283, 0.013093613088130951, 0.039190586656332016, 0.9990387558937073, 0.01963689923286438, 0.01911747083067894, 0.999596118927002, 0.021024562418460846, 0.005195934325456619, 0.9998325109481812, 0.017554061487317085, 0.0020912373438477516, 0.9999310970306396, 0.01154695637524128, 0.011696170084178448, 0.9999216794967651, 0.004447852727025747, 0.019431594759225845, 0.9997898936271667, 0.006525624543428421, 0.018104637041687965, 0.9997215867042542, 0.015132610686123371, 0.008175772614777088, 0.9995023608207703, 0.030464107170701027, -0.003865245496854186, 0.9985654354095459, 0.053405918180942535, -0.022432321682572365, 0.9982932806015015, 0.053919896483421326, -0.032743148505687714, 0.9986987709999084, 0.039097223430871964, -0.03058690018951893, 0.9994926452636719, 0.008886654861271381, -0.03051704913377762, 0.9995107650756836, -0.00686156190931797, -0.019925130531191826, 0.9997633695602417, -0.008731809444725513, -0.016760876402258873, 0.9998546242713928, -0.003129799384623766, -0.020818818360567093, 0.9997217059135437, 0.011095976456999779, -0.03425247594714165, 0.9992766380310059, 0.016525067389011383, -0.05296668782830238, 0.9985510110855103, 0.00950926449149847, -0.05498381704092026, 0.9982596635818481, -0.021317102015018463, -0.03878530487418175, 0.9984121918678284, -0.04085096716880798, -0.0194198340177536, 0.9989745616912842, -0.04089868813753128, 0.0012439941056072712, 0.9990044236183167, -0.04459362104535103, 0.02292597107589245, 0.9986979365348816, -0.04557216539978981, 0.016707634553313255, 0.9994903802871704, -0.027199609205126762, 0.010344290174543858, 0.9998235702514648, -0.01567600853741169, 0.004113500006496906, 0.9998568296432495, -0.016412261873483658, 0.0020243420731276274, 0.9997822046279907, -0.020773982629179955, 0.0036641438491642475, 0.9993350505828857, -0.03627584129571915, 0.01736408658325672, 0.999104380607605, -0.03858593851327896, 0.03575730323791504, 0.9988161325454712, -0.03297918662428856, 0.038275834172964096, 0.9992261528968811, -0.009056182578206062]
            ta (float, 388):  [0.9999998807907104, 0.0004087677807547152, -4.400478648136641e-09, 1.0, 0.9997835159301758, -0.020805630832910538, 7.137509237509221e-05, 1.0, 0.9998883008956909, -0.014943836256861687, -5.8027435443364084e-05, 1.0, 0.9999813437461853, -0.006088160444051027, -0.0004237226094119251, 1.0, 0.9999353885650635, -0.011373681016266346, -5.9181715187150985e-05, 1.0, 0.9999125003814697, -0.013229791074991226, -5.158316344022751e-05, 1.0, 0.9991577863693237, -0.041033294051885605, 8.095476005109958e-06, 1.0, 0.9982147812843323, -0.05972585827112198, 0.00011103496217401698, 1.0, 0.9976613521575928, -0.06834965944290161, 0.0002543400041759014, 1.0, 0.9986491203308105, -0.05196204409003258, 0.00018899273709394038, 1.0, 0.9997277855873108, -0.02333136275410652, 0.00010002058115787804, 1.0, 0.999943733215332, 0.010609556920826435, -3.852675945381634e-05, 1.0, 0.999014139175415, 0.04439190402626991, 2.5399000151082873e-05, 1.0, 0.9980247616767883, 0.06282119452953339, 0.00028004805790260434, 1.0, 0.9979462027549744, 0.06405653059482574, 0.00015428871847689152, 1.0, 0.9985617995262146, 0.053610775619745255, 2.2044989236746915e-05, 1.0, 0.9987326860427856, 0.050328757613897324, -2.5096901481447276e-06, 1.0, 0.9992316365242004, 0.039193641394376755, -7.425159128615633e-05, 1.0, 0.9986947178840637, 0.051076412200927734, -9.266062988899648e-05, 1.0, 0.9986146092414856, 0.05261922627687454, -7.755569095024839e-05, 1.0, 0.9990038275718689, 0.04462471604347229, -0.0001197403616970405, 1.0, 0.9997687935829163, 0.021501807495951653, 4.132412141188979e-05, 1.0, 0.9999712109565735, -0.007579500321298838, -8.784064266365021e-05, 1.0, 0.9994966983795166, -0.031721699982881546, -0.0002043100248556584, 1.0, 0.9984374046325684, -0.05588216334581375, -0.0003279985976405442, 1.0, 0.9984944462776184, -0.054851993918418884, -0.0003195181780029088, 1.0, 0.9996024966239929, -0.02819162793457508, -0.00023020608932711184, 1.0, 0.9998398423194885, -0.017893999814987183, -2.8100262170482893e-06, 1.0, 0.9999645352363586, 0.008411786518990993, 0.00025621504755690694, 1.0, 0.9998618960380554, 0.016615886241197586, 0.0004810995305888355, 1.0, 0.9999716877937317, 0.007518351078033447, 0.00020068623416591436, 1.0, 0.9999870657920837, -0.005076408386230469, 1.3519327694666572e-05, 1.0, 0.9997652769088745, -0.021669331938028336, -2.0907644284307025e-05, 1.0, 0.9994078874588013, -0.03440653160214424, -1.5046693988551851e-06, 1.0, 0.9995291233062744, -0.030684160068631172, 0.0001134906560764648, 1.0, 0.9999145865440369, -0.013075976632535458, 0.00010348059731768444, 1.0, 0.999992847442627, -0.00378615316003561, -4.7464163799304515e-05, 1.0, 0.9999900460243225, -0.004446766804903746, -1.7373789887642488e-05, 1.0, 0.9997639060020447, -0.02173122949898243, 1.446988699171925e-05, 1.0, 0.9995766282081604, -0.02909350022673607, 1.085114718080149e-06, 1.0, 0.9993395805358887, -0.036339420825242996, 3.7591504224110395e-05, 1.0, 0.9997859597206116, -0.020685948431491852, 0.00023901731765363365, 1.0, 0.9999808669090271, -0.006182445678859949, 7.857062882976606e-05, 1.0, 0.9998651742935181, 0.016420485451817513, 3.5329653655935545e-06, 1.0, 0.9993798732757568, 0.035207439213991165, -0.0006407697801478207, 1.0, 0.9991012215614319, 0.04238874092698097, 1.2745094863930717e-05, 1.0, 0.9993265867233276, 0.03669234365224838, 7.432694110320881e-05, 1.0, 0.9995653629302979, 0.029481951147317886, 3.3611860999371856e-05, 1.0, 0.999673068523407, 0.025567276403307915, 4.21820004703477e-06, 1.0, 0.9997589588165283, 0.021956689655780792, 1.3059129742032383e-05, 1.0, 0.9993787407875061, 0.03524357080459595, 7.351558451773599e-05, 1.0, 0.9988741874694824, 0.04743747040629387, 4.863990034209564e-05, 1.0, 0.9988439679145813, 0.0480693019926548, -1.1571829418244306e-05, 1.0, 0.9994991421699524, 0.03164562210440636, -9.671291627455503e-05, 1.0, 0.9999722838401794, 0.007447986863553524, -0.00014081376139074564, 1.0, 0.9999244213104248, -0.01229608990252018, 8.221490861615166e-05, 1.0, 0.9994593858718872, -0.03287478908896446, 7.992052269401029e-05, 1.0, 0.9994394183158875, -0.03348056599497795, -7.680181442992762e-05, 1.0, 0.9998933672904968, -0.014605999924242496, 1.785013228072785e-05, 1.0, 0.9999814629554749, -0.00608792994171381, 2.6292491384083405e-06, 1.0, 0.999998927116394, 0.0014740719925612211, -5.996705294819549e-05, 1.0, 0.9999923706054688, 0.003919919487088919, -6.0196671256562695e-05, 1.0, 0.9999915361404419, -0.004119226709008217, -6.316469807643443e-05, 1.0, 0.9995750784873962, -0.02913743071258068, -0.0008438124204985797, 1.0, 0.9994834661483765, -0.03213834390044212, -2.0257968571968377e-05, 1.0, 0.9991122484207153, -0.04212837293744087, -5.030753072787775e-06, 1.0, 0.9992313981056213, -0.039198458194732666, 1.5821109627722763e-05, 1.0, 0.9998171329498291, -0.019120724871754646, -4.6303666749736294e-05, 1.0, 0.9999864101409912, -0.0051986705511808395, 0.00011039300443371758, 1.0, 0.9999977946281433, -0.0020916173234581947, 2.081423554045614e-05, 1.0, 0.9999315738677979, -0.011696266010403633, -4.408714630699251e-06, 1.0, 0.9998111724853516, -0.019431719556450844, -4.425240695127286e-05, 1.0, 0.9998360872268677, -0.018104685470461845, -0.0001338378497166559, 1.0, 0.999966561794281, -0.008171668276190758, -0.00025918002938851714, 1.0, 0.9999925494194031, 0.0038722429890185595, -2.7547455829335377e-05, 1.0, 0.999747633934021, 0.02246268279850483, 4.292113953852095e-05, 1.0, 0.999462902545929, 0.03277035802602768, -5.502413841895759e-05, 1.0, 0.9995321035385132, 0.03058733232319355, 8.713203715160489e-05, 1.0, 0.9995341300964355, 0.030517667531967163, -1.383182006975403e-05, 1.0, 0.999801516532898, 0.01992535963654518, -6.094171476433985e-05, 1.0, 0.9998595118522644, 0.016760963946580887, 1.726613277241995e-06, 1.0, 0.9997832179069519, 0.020820455625653267, -3.206222754670307e-05, 1.0, 0.999413013458252, 0.03425749018788338, -2.0558210962917656e-05, 1.0, 0.9985960721969604, 0.052969545125961304, -4.929268834530376e-05, 1.0, 0.9984865188598633, 0.054996080696582794, -1.0885377378144767e-05, 1.0, 0.9992453455924988, 0.038838647305965424, 0.0005125829484313726, 1.0, 0.9998109936714172, 0.0194424856454134, 0.00015613743744324893, 1.0, 0.9999992251396179, -0.001242399332113564, 6.348412716761231e-05, 1.0, 0.9997369050979614, -0.022935209795832634, 0.0003201882354915142, 1.0, 0.9998603463172913, -0.016711734235286713, 7.650974293937907e-05, 1.0, 0.9999464750289917, -0.010344804264605045, 4.8444358981214464e-05, 1.0, 0.9999915957450867, -0.00411404762417078, 3.994777557636553e-07, 1.0, 0.9999979734420776, -0.0020250584930181503, -1.3445424883684609e-05, 1.0, 0.9999932646751404, -0.0036667953245341778, -6.5625877141428646e-06, 1.0, 0.9998490810394287, -0.017375558614730835, 3.806006861850619e-05, 1.0, 0.9993597865104675, -0.035776033997535706, 2.2178624931257218e-05, 1.0, 0.9992672204971313, -0.038276784121990204, 6.899979780428112e-05, 1.0]
            u0 (float, 194):  [0.5, 0.5, 0.6503527164459229, 0.5, 0.6480578780174255, 0.47054946422576904, 0.644611120223999, 0.4401000738143921, 0.6258141398429871, 0.4159337282180786, 0.6167564392089844, 0.3832435607910156, 0.5833941698074341, 0.3751918077468872, 0.5607583522796631, 0.3533163070678711, 0.5302820205688477, 0.34776198863983154, 0.5, 0.3357357978820801, 0.4703035056591034, 0.350705623626709, 0.4405662417411804, 0.35651421546936035, 0.4137486219406128, 0.3709157109260559, 0.3913130462169647, 0.3913130760192871, 0.37571945786476135, 0.41695839166641235, 0.35492223501205444, 0.4399068355560303, 0.35193485021591187, 0.47054803371429443, 0.3401626944541931, 0.5, 0.35223743319511414, 0.5293917953968048, 0.35686391592025757, 0.5592889189720154, 0.369259238243103, 0.5873581767082214, 0.38319191336631775, 0.6168080866336823, 0.41607803106307983, 0.6255980730056763, 0.44186463952064514, 0.6403512060642242, 0.4681640863418579, 0.6600498855113983, 0.5, 0.6498112678527832, 0.5322468280792236, 0.662115603685379, 0.5610060691833496, 0.6472816467285156, 0.585589587688446, 0.6280938982963562, 0.6159770488739014, 0.6159770786762238, 0.6353759765625, 0.5904553532600403, 0.6435860991477966, 0.5594753324985504, 0.6602447628974915, 0.5318746566772461, 0.7958821654319763, 0.5, 0.817633867263794, 0.4368187189102173, 0.793944239616394, 0.3782442808151245, 0.78087317943573, 0.3123265504837036, 0.7145537734031677, 0.2854462265968323, 0.6717814207077026, 0.2429109811782837, 0.6282050013542175, 0.1904856562614441, 0.561876118183136, 0.18892788887023926, 0.5, 0.170859694480896, 0.43641892075538635, 0.18035632371902466, 0.37452754378318787, 0.19708269834518433, 0.3092045783996582, 0.21445447206497192, 0.2770390212535858, 0.2770390510559082, 0.2272767573595047, 0.31777215003967285, 0.21586260199546814, 0.38230645656585693, 0.22174735367298126, 0.44465208053588867, 0.16603520512580872, 0.5, 0.21153637766838074, 0.5573789775371552, 0.18721286952495575, 0.6295606791973114, 0.2130921632051468, 0.6917057037353516, 0.2685794532299042, 0.7314205467700958, 0.33703678846359253, 0.7438916862010956, 0.3833077847957611, 0.7817199379205704, 0.4397740364074707, 0.8027764111757278, 0.5, 0.786588042974472, 0.561116099357605, 0.8072514533996582, 0.6229830384254456, 0.7969073802232742, 0.6693795323371887, 0.753494381904602, 0.7083444595336914, 0.7083444595336914, 0.7391493320465088, 0.6597944796085358, 0.8004526495933533, 0.6244515478610992, 0.7769551873207092, 0.5550898015499115, 0.9423867464065552, 0.5, 0.9154026508331299, 0.4173712730407715, 0.9342488050460815, 0.32012826204299927, 0.9152742028236389, 0.22252267599105835, 0.873293399810791, 0.12670660018920898, 0.7702407836914062, 0.09555608034133911, 0.7068789601325989, 0.0005499720573425293, 0.6046355366706848, -0.026038289070129395, 0.5, 0.014931678771972656, 0.41724422574043274, 0.08395856618881226, 0.3229585886001587, 0.07258421182632446, 0.2690883278846741, 0.1544162631034851, 0.1177196353673935, 0.11771965026855469, 0.12035291641950607, 0.2463279366493225, 0.03460339829325676, 0.30722641944885254, 0.1124470978975296, 0.4229109287261963, 0.09094879031181335, 0.5, 0.0900096744298935, 0.5815521478652954, 0.104837566614151, 0.6636816263198853, 0.1321517825126648, 0.7457883358001709, 0.1958661824464798, 0.8041338175535202, 0.2472003996372223, 0.8783413469791412, 0.32668572664260864, 0.9184176996350288, 0.4209797978401184, 0.8972613215446472, 0.5, 0.8979818150401115, 0.5863996148109436, 0.9343602731823921, 0.6538388133049011, 0.8713997155427933, 0.7527084946632385, 0.8782050162553787, 0.7755497097969055, 0.7755497097969055, 0.8912990093231201, 0.7614576369524002, 0.8692294359207153, 0.6529398262500763, 0.9854148030281067, 0.5965549945831299]
            tri (int, 480):  [0, 2, 1, 0, 3, 2, 0, 4, 3, 0, 5, 4, 0, 6, 5, 0, 7, 6, 0, 8, 7, 0, 9, 8, 0, 10, 9, 0, 11, 10, 0, 12, 11, 0, 13, 12, 0, 14, 13, 0, 15, 14, 0, 16, 15, 0, 17, 16, 0, 18, 17, 0, 19, 18, 0, 20, 19, 0, 21, 20, 0, 22, 21, 0, 23, 22, 0, 24, 23, 0, 25, 24, 0, 26, 25, 0, 27, 26, 0, 28, 27, 0, 29, 28, 0, 30, 29, 0, 31, 30, 0, 32, 31, 0, 1, 32, 1, 34, 33, 1, 2, 34, 2, 35, 34, 2, 3, 35, 3, 36, 35, 3, 4, 36, 4, 37, 36, 4, 5, 37, 5, 38, 37, 5, 6, 38, 6, 39, 38, 6, 7, 39, 7, 40, 39, 7, 8, 40, 8, 41, 40, 8, 9, 41, 9, 42, 41, 9, 10, 42, 10, 43, 42, 10, 11, 43, 11, 44, 43, 11, 12, 44, 12, 45, 44, 12, 13, 45, 13, 46, 45, 13, 14, 46, 14, 47, 46, 14, 15, 47, 15, 48, 47, 15, 16, 48, 16, 49, 48, 16, 17, 49, 17, 50, 49, 17, 18, 50, 18, 51, 50, 18, 19, 51, 19, 52, 51, 19, 20, 52, 20, 53, 52, 20, 21, 53, 21, 54, 53, 21, 22, 54, 22, 55, 54, 22, 23, 55, 23, 56, 55, 23, 24, 56, 24, 57, 56, 24, 25, 57, 25, 58, 57, 25, 26, 58, 26, 59, 58, 26, 27, 59, 27, 60, 59, 27, 28, 60, 28, 61, 60, 28, 29, 61, 29, 62, 61, 29, 30, 62, 30, 63, 62, 30, 31, 63, 31, 64, 63, 31, 32, 64, 32, 33, 64, 33, 32, 1, 33, 66, 65, 33, 34, 66, 34, 67, 66, 34, 35, 67, 35, 68, 67, 35, 36, 68, 36, 69, 68, 36, 37, 69, 37, 70, 69, 37, 38, 70, 38, 71, 70, 38, 39, 71, 39, 72, 71, 39, 40, 72, 40, 73, 72, 40, 41, 73, 41, 74, 73, 41, 42, 74, 42, 75, 74, 42, 43, 75, 43, 76, 75, 43, 44, 76, 44, 77, 76, 44, 45, 77, 45, 78, 77, 45, 46, 78, 46, 79, 78, 46, 47, 79, 47, 80, 79, 47, 48, 80, 48, 81, 80, 48, 49, 81, 49, 82, 81, 49, 50, 82, 50, 83, 82, 50, 51, 83, 51, 84, 83, 51, 52, 84, 52, 85, 84, 52, 53, 85, 53, 86, 85, 53, 54, 86, 54, 87, 86, 54, 55, 87, 55, 88, 87, 55, 56, 88, 56, 89, 88, 56, 57, 89, 57, 90, 89, 57, 58, 90, 58, 91, 90, 58, 59, 91, 59, 92, 91, 59, 60, 92, 60, 93, 92, 60, 61, 93, 61, 94, 93, 61, 62, 94, 62, 95, 94, 62, 63, 95, 63, 96, 95, 63, 64, 96, 64, 65, 96, 65, 64, 33]
            boundingsphere (float, 4):  [0.2065873146057129, 0.24073100090026855, 0.9461169242858887, 10.667499052483693]
            aabb:
                min (float, 3):  [-9.605786323547363, 0.07826200127601624, -8.965195655822754]
                max (float, 3):  [10.018960952758789, 0.4032000005245209, 10.857429504394531]
            material:
                shader (str, 1):  ['PdxMeshAdvanced']
                diff (str, 1):  ['air_winter_island_oceanic_phase_4_diff.dds']
                spec (str, 1):  ['air_winter_island_oceanic_spec.dds']
                n (str, 1):  ['air_winter_island_oceanic_n.dds']
locator:
