pdxasset (int, 2):  [1, 0]
object:
    air_winter_mountain_highland_phase_5:
        mesh:
            p (float, 291):  [0.0, 0.4320000112056732, 0.0, 3.1729769706726074, 0.24344807863235474, 0.0, 3.2299087047576904, 0.293232798576355, 0.6424688100814819, 3.1722030639648438, 0.3451973497867584, 1.3139694929122925, 2.7610228061676025, 0.3818265199661255, 1.8448563814163208, 2.303558826446533, 0.39077407121658325, 2.303558826446533, 1.775278925895691, 0.3690241277217865, 2.6568925380706787, 1.1993151903152466, 0.323907732963562, 2.8954031467437744, 0.6717091202735901, 0.2706318795681, 3.3769099712371826, 2.0545375735227153e-16, 0.2271537184715271, 3.3553144931793213, -0.6192715764045715, 0.20812807977199554, 3.113288402557373, -1.2620488405227661, 0.21996775269508362, 3.0468554496765137, -1.855025291442871, 0.2586820125579834, 2.7762415409088135, -2.411269426345825, 0.3112218379974365, 2.411269426345825, -2.648344039916992, 0.3598781228065491, 1.7695668935775757, -2.9536657333374023, 0.3882507085800171, 1.223448395729065, -3.0911638736724854, 0.38677629828453064, 0.6148707270622253, -3.2962310314178467, 0.3559519052505493, 4.036718681015212e-16, -3.3498804569244385, 0.30616721510887146, -0.6663326621055603, -3.0933380126953125, 0.254202663898468, -1.281302571296692, -2.606320858001709, 0.21757347881793976, -1.741487979888916, -2.2755229473114014, 0.208625927567482, -2.2755229473114014, -1.7289068698883057, 0.23037587106227875, -2.587491989135742, -1.2024896144866943, 0.27549225091934204, -2.903066873550415, -0.6362841725349426, 0.32876813411712646, -3.1988165378570557, -5.767247226320742e-16, 0.37224626541137695, -3.139543056488037, 0.6207045316696167, 0.3912719190120697, -3.120492458343506, 1.2137835025787354, 0.3794322609901428, -2.930332660675049, 1.7979117631912231, 0.34071797132492065, -2.690765142440796, 2.3983066082000732, 0.28817814588546753, -2.3983066082000732, 2.634948492050171, 0.23952189087867737, -1.7606163024902344, 3.0530335903167725, 0.21114930510520935, -1.2646079063415527, 3.166086196899414, 0.2126236855983734, -0.6297736763954163, 6.228576183319092, 0.15164808928966522, 0.0, 6.118696212768555, 0.20143279433250427, 1.2170844078063965, 6.401111602783203, 0.2533973455429077, 2.6514272689819336, 5.837061882019043, 0.2900265157222748, 3.9001998901367188, 4.852011680603027, 0.29897406697273254, 4.852011680603027, 3.9370388984680176, 0.2772241234779358, 5.892194747924805, 2.6236698627471924, 0.2321077436208725, 6.334099292755127, 1.2171250581741333, 0.17883186042308807, 6.118900775909424, 3.763205124901898e-16, 0.13535372912883759, 6.145780086517334, -1.2922433614730835, 0.11632809042930603, 6.496545791625977, -2.5581371784210205, 0.1281677484512329, 6.175889492034912, -3.8540029525756836, 0.16688202321529388, 5.767922878265381, -5.028514862060547, 0.219421848654747, 5.028514862060547, -5.783446311950684, 0.26807811856269836, 3.864375114440918, -6.662692070007324, 0.2964507043361664, 2.759777307510376, -6.647951126098633, 0.2949763238430023, 1.3223596811294556, -6.79010534286499, 0.264151930809021, 8.315480732477485e-16, -6.824117183685303, 0.21436721086502075, -1.3574013710021973, -6.02703332901001, 0.1624026596546173, -2.496479034423828, -5.783716201782227, 0.12577347457408905, -3.8645553588867188, -4.997107028961182, 0.11682592332363129, -4.997107028961182, -3.63657283782959, 0.13857586681842804, -5.442515850067139, -2.4118292331695557, 0.18369226157665253, -5.822670936584473, -1.240217685699463, 0.23696812987327576, -6.234995365142822, -1.2288450125695562e-15, 0.28044626116752625, -6.689520835876465, 1.2920613288879395, 0.299471914768219, -6.495630741119385, 2.4954445362091064, 0.2876322567462921, -6.0245361328125, 3.538438320159912, 0.24891798198223114, -5.295647144317627, 4.85791540145874, 0.19637814164161682, -4.85791540145874, 5.648439407348633, 0.14772188663482666, -3.7741665840148926, 6.610307216644287, 0.11934930831193924, -2.738079071044922, 7.053461074829102, 0.1208236888051033, -1.4030206203460693, 8.05884075164795, 0.0962463840842247, 0.0, 9.106206893920898, 0.11381745338439941, 1.8113371133804321, 9.580446243286133, 0.13215789198875427, 3.968350887298584, 8.077051162719727, 0.14508582651615143, 5.396913528442383, 7.052329063415527, 0.14824378490447998, 7.052329063415527, 4.90579080581665, 0.1405673325061798, 7.342034816741943, 3.534810781478882, 0.12464390695095062, 8.533788681030273, 2.095914363861084, 0.10584066063165665, 10.536872863769531, 6.208621801453973e-16, 0.09049542993307114, 10.139449119567871, -2.106806755065918, 0.08378050476312637, 10.591632843017578, -4.180548191070557, 0.08795920759439468, 10.09273624420166, -6.07413387298584, 0.1016230657696724, 9.090583801269531, -7.606016159057617, 0.12016653269529343, 7.606016159057617, -9.077178001403809, 0.13733933866024017, 6.065176486968994, -10.032620429992676, 0.1473531872034073, 4.1556477546691895, -10.750960350036621, 0.14683280885219574, 2.1384990215301514, -9.326895713806152, 0.1359536200761795, 1.142215353163833e-15, -9.129037857055664, 0.1183825433254242, -1.8158785104751587, -8.711142539978027, 0.10004211217164993, -3.608273506164551, -8.684591293334961, 0.08711417019367218, -5.802858352661133, -7.858966827392578, 0.08395621180534363, -7.858966827392578, -5.635704040527344, 0.0916326642036438, -8.434427261352539, -3.5876827239990234, 0.10755608975887299, -8.661432266235352, -1.614376187324524, 0.12635934352874756, -8.11601734161377, -1.549213307890985e-15, 0.14170457422733307, -8.433524131774902, 1.6050270795822144, 0.14841949939727783, -8.069015502929688, 3.2488996982574463, 0.14424079656600952, -7.8435378074646, 4.454168319702148, 0.1305769383907318, -6.666133880615234, 6.561333656311035, 0.11203346401453018, -6.561333656311035, 7.467691898345947, 0.09486066550016403, -4.989752292633057, 10.1845064163208, 0.08484681695699692, -4.218560695648193, 8.34021282196045, 0.08536718785762787, -1.6589715480804443]
            n (float, 291):  [-5.8104102208744735e-05, 0.9999997615814209, -0.0006562325870618224, 0.04487643763422966, 0.9976605772972107, -0.051569074392318726, 0.048898376524448395, 0.996734619140625, -0.06425786018371582, 0.04586286470293999, 0.9979816675186157, -0.043922170996665955, 0.031178221106529236, 0.9994521141052246, -0.011101231910288334, 0.006789357867091894, 0.9997924566268921, 0.01920941285789013, -0.024916794151067734, 0.9987971782684326, 0.042227987200021744, -0.04555927962064743, 0.99759441614151, 0.05224735289812088, -0.05165490508079529, 0.9974938035011292, 0.04835088551044464, -0.044221580028533936, 0.9980112910270691, 0.04492096230387688, -0.01486397348344326, 0.9986527562141418, 0.04971616715192795, 0.017383569851517677, 0.9983408451080322, 0.05489446967840195, 0.029059812426567078, 0.9974303245544434, 0.06548478454351425, 0.021506894379854202, 0.9978228807449341, 0.06234659627079964, 0.006837362889200449, 0.9986236095428467, 0.052000682801008224, -0.010629870928823948, 0.9997026920318604, 0.021943029016256332, -0.02279428206384182, 0.9995895624160767, -0.017352506518363953, -0.024382049217820168, 0.9985978007316589, -0.0469890795648098, -0.01787031814455986, 0.9975597858428955, -0.0674927681684494, -0.012333692982792854, 0.9974310994148254, -0.07056300342082977, -0.022623280063271523, 0.9982794523239136, -0.05409582704305649, -0.035335440188646317, 0.9990160465240479, -0.026801951229572296, -0.05872941017150879, 0.9981358051300049, -0.016604730859398842, -0.07764296978712082, 0.9969310760498047, -0.010001065209507942, -0.06854353845119476, 0.9975130558013916, -0.016416380181908607, -0.04125377535820007, 0.9988996982574463, -0.02230580896139145, -0.0003895040135830641, 0.9998020529747009, -0.019893484190106392, 0.039357177913188934, 0.9992001056671143, -0.0070860483683645725, 0.06112806499004364, 0.9981062412261963, 0.006876824423670769, 0.0662008598446846, 0.9975921511650085, 0.020674413070082664, 0.06625664234161377, 0.9976478815078735, 0.017574477940797806, 0.04453744739294052, 0.9990019202232361, -0.003423233050853014, 0.04211035370826721, 0.9988672733306885, -0.022156041115522385, 0.03021659515798092, 0.9991397857666016, -0.02840120531618595, 0.040007248520851135, 0.9982642531394958, -0.04322100430727005, 0.04237663373351097, 0.9989107847213745, -0.019531244412064552, 0.037653855979442596, 0.9992411136627197, 0.009967624209821224, 0.02086556889116764, 0.9992308616638184, 0.03320051357150078, 0.002646754030138254, 0.9986611008644104, 0.051661547273397446, -0.015322381630539894, 0.9989530444145203, 0.043105896562337875, -0.031873323023319244, 0.9989698529243469, 0.03230033814907074, -0.022738788276910782, 0.9994693398475647, 0.023324931040406227, -0.0028542964719235897, 0.9998407363891602, 0.017619607970118523, 0.010663780383765697, 0.9996189475059509, 0.025458702817559242, 0.014688536524772644, 0.9992614388465881, 0.035508111119270325, 0.0047037359327077866, 0.9991768598556519, 0.040291354060173035, -0.00863938219845295, 0.9992465376853943, 0.0378381721675396, -0.025575457140803337, 0.9994978904724121, 0.018703052774071693, -0.03399615362286568, 0.9993460774421692, -0.01231747679412365, -0.03502579405903816, 0.9988768696784973, -0.03190744295716286, -0.02566092275083065, 0.9988961815834045, -0.0393444299697876, -0.011338582262396812, 0.9991026520729065, -0.04080913960933685, -0.009613484144210815, 0.999767005443573, -0.01932850293815136, -0.012904148548841476, 0.9998655319213867, -0.010122201405465603, -0.02676776982843876, 0.9996110200881958, -0.007836556062102318, -0.04018489643931389, 0.9990911483764648, -0.014215691946446896, -0.043423693627119064, 0.9985359907150269, -0.032251838594675064, -0.023229265585541725, 0.9982555508613586, -0.054279811680316925, 0.00957188569009304, 0.9983955025672913, -0.05581069365143776, 0.040716055780649185, 0.998360812664032, -0.04022102802991867, 0.049602117389440536, 0.9985684156417847, -0.020020613446831703, 0.04079511761665344, 0.9991427659988403, -0.007042931858450174, 0.03485148772597313, 0.9993690252304077, 0.006850880570709705, 0.019882136955857277, 0.9998021125793457, -0.0006899798754602671, 0.023335954174399376, 0.9997184872627258, -0.004278098698705435, 0.031503502279520035, 0.9993176460266113, -0.019280599430203438, 0.03996911272406578, 0.9987573027610779, -0.029772011563181877, 0.04224756360054016, 0.9990924000740051, -0.005442716181278229, 0.04234172776341438, 0.9988883137702942, 0.02072242647409439, 0.03266552835702896, 0.9985607862472534, 0.04253793880343437, 0.015918530523777008, 0.9979764223098755, 0.06156081706285477, 0.0006378364050760865, 0.9991806149482727, 0.04046843945980072, -0.01442420482635498, 0.9996670484542847, 0.021398821845650673, -0.012445107102394104, 0.9998443126678467, 0.012510770931839943, -0.0009909915970638394, 0.9999547004699707, 0.009467972442507744, 0.005297617055475712, 0.9998818039894104, 0.014429274015128613, 0.005129201803356409, 0.9996979832649231, 0.02403363771736622, -0.004774146247655153, 0.9994868040084839, 0.03167716786265373, -0.01912800967693329, 0.9993273019790649, 0.031290777027606964, -0.0320717878639698, 0.999325692653656, 0.01787552796304226, -0.04030386731028557, 0.9991713762283325, -0.005664420314133167, -0.04465945437550545, 0.9986478686332703, -0.026608312502503395, -0.03249539062380791, 0.9990729093551636, -0.028238091617822647, -0.014811603352427483, 0.9996420741081238, -0.022278301417827606, -0.007786490488797426, 0.9999216198921204, -0.00980627816170454, -0.008049183525145054, 0.9999474883079529, -0.00634533679112792, -0.013681280426681042, 0.9998809695243835, -0.007126551121473312, -0.020833292976021767, 0.9996322989463806, -0.017354605719447136, -0.028714559972286224, 0.9985063672065735, -0.04648139700293541, -0.015386425890028477, 0.9970358610153198, -0.07538441568613052, 0.01640632562339306, 0.9964597821235657, -0.08245453983545303, 0.04353640228509903, 0.9969848990440369, -0.06423144042491913, 0.04410509765148163, 0.9980084896087646, -0.04509735107421875, 0.03442393243312836, 0.9992696642875671, -0.016587628051638603, 0.02399025671184063, 0.9997063279151917, -0.003409517928957939, 0.014654037542641163, 0.9998922944068909, -0.0007581051322631538, 0.02051890455186367, 0.999786376953125, 0.0024908962659537792]
            ta (float, 388):  [1.0, 5.810345828649588e-05, -4.8954579057181036e-08, 1.0, 0.9989898204803467, -0.044936489313840866, -4.988074579159729e-06, 1.0, 0.9987991452217102, -0.04899433255195618, 8.258301386376843e-05, 1.0, 0.9989455342292786, -0.04591098800301552, -8.704655920155346e-05, 1.0, 0.9995136260986328, -0.031180553138256073, -3.722105975612067e-05, 1.0, 0.9999769330024719, -0.006789919454604387, -3.604236917453818e-05, 1.0, 0.9996886253356934, 0.024951258674263954, -0.0002891283656936139, 1.0, 0.9989577531814575, 0.045642297714948654, -0.0003964279021602124, 1.0, 0.9986609816551208, 0.05173203721642494, -0.00034440294257365167, 1.0, 0.9990184903144836, 0.044291816651821136, -0.0005687674274668097, 1.0, 0.9998891949653625, 0.014885423704981804, -6.121399928815663e-05, 1.0, 0.9998480081558228, -0.01742950826883316, 0.0003582100325729698, 1.0, 0.9995744228363037, -0.029164103791117668, 0.0006370023475028574, 1.0, 0.9997671842575073, -0.021575715392827988, 0.00043070336687378585, 1.0, 0.9999764561653137, -0.006858905777335167, 0.00023581714776810259, 1.0, 0.9999434351921082, 0.010631504468619823, 4.2193234548904e-05, 1.0, 0.9997400641441345, 0.022798040881752968, 1.8879587514675222e-05, 1.0, 0.9997019171714783, 0.024413732811808586, 0.00010038853361038491, 1.0, 0.9998396039009094, 0.017904842272400856, -9.334738570032641e-05, 1.0, 0.9999237656593323, 0.012336592189967632, -0.0003947262594010681, 1.0, 0.9997434616088867, 0.022652076557278633, -8.087799506029114e-05, 1.0, 0.9993749260902405, 0.035350095480680466, 7.313948299270123e-05, 1.0, 0.9982731938362122, 0.058739934116601944, 0.00014645548071712255, 1.0, 0.9969808459281921, 0.07764828205108643, 0.00014318304602056742, 1.0, 0.9976473450660706, 0.06855534762144089, 0.00015667229308746755, 1.0, 0.9991481900215149, 0.04126625880599022, 9.948949445970356e-05, 1.0, 0.9999999403953552, 0.00039065087912604213, 5.377931665861979e-05, 1.0, 0.9992251396179199, -0.03935832902789116, -2.292696080985479e-05, 1.0, 0.9981297850608826, -0.06112996116280556, 6.611466233152896e-05, 1.0, 0.9978051781654358, -0.06621848046779633, 0.00016822780889924616, 1.0, 0.9978018403053284, -0.06626848131418228, 9.157659951597452e-05, 1.0, 0.9990077018737793, -0.044537730515003204, -8.600295586802531e-06, 1.0, 0.9991125464439392, -0.04212125390768051, -2.5220897441613488e-05, 1.0, 0.9995430707931519, -0.030228186398744583, 2.11972146644257e-05, 1.0, 0.9991979002952576, -0.04004395380616188, 1.6422667613369413e-05, 1.0, 0.9991013407707214, -0.0423847958445549, -4.4353432713251095e-06, 1.0, 0.9992908239364624, -0.037656210362911224, 4.8044708819361404e-05, 1.0, 0.9997819662094116, -0.020879600197076797, 7.592495967401192e-05, 1.0, 0.9999963641166687, -0.0026698545552790165, 0.0003781406849157065, 1.0, 0.9998818635940552, 0.015358981676399708, -0.0005180117441341281, 1.0, 0.9994913339614868, 0.031892284750938416, -7.187404844444245e-05, 1.0, 0.99974125623703, 0.022745968773961067, -4.2713505536084995e-05, 1.0, 0.9999959468841553, 0.002854362828657031, 2.13792736758478e-05, 1.0, 0.9999431371688843, -0.010668424889445305, 4.662997162085958e-05, 1.0, 0.999891996383667, -0.01469764020293951, -4.610254563885974e-06, 1.0, 0.9999889135360718, -0.0047129373997449875, 0.00013336889969650656, 1.0, 0.9999626874923706, 0.00864152330905199, 0.00010699436097638682, 1.0, 0.9996727108955383, 0.025579579174518585, 1.8637458197190426e-05, 1.0, 0.9994218349456787, 0.03399873152375221, -3.660421725726337e-07, 1.0, 0.9993857741355896, 0.035045742988586426, 6.594252772629261e-05, 1.0, 0.9996702671051025, 0.025679489597678185, -3.347200981806964e-05, 1.0, 0.9999356269836426, 0.011344755999743938, -8.027136937016621e-05, 1.0, 0.9999538064002991, 0.009615520015358925, 1.2365384463919327e-05, 1.0, 0.9999167323112488, 0.012904826551675797, 1.694985030553653e-06, 1.0, 0.9996417164802551, 0.026768600568175316, 1.3310291251400486e-06, 1.0, 0.9991920590400696, 0.0401897206902504, 5.37836822331883e-05, 1.0, 0.9990553259849548, 0.04345673695206642, 0.0003238000499550253, 1.0, 0.9997295141220093, 0.02325877547264099, -8.805980178294703e-05, 1.0, 0.9999539256095886, -0.009598157368600368, -0.00020272628171369433, 1.0, 0.9991694688796997, -0.04074791446328163, 2.7686506655300036e-05, 1.0, 0.9987685084342957, -0.04961329698562622, -6.15169046795927e-05, 1.0, 0.9991675019264221, -0.040796052664518356, 1.0972067684633657e-05, 1.0, 0.9993925094604492, -0.034852392971515656, 1.2672597222262993e-05, 1.0, 0.9998023509979248, -0.019882142543792725, -1.0362716693634866e-06, 1.0, 0.9997276663780212, -0.02333620749413967, -9.178913387586363e-06, 1.0, 0.9995034337043762, -0.0315094068646431, -2.4178741568903206e-06, 1.0, 0.9992002248764038, -0.03998797759413719, -3.801391358138062e-05, 1.0, 0.9991071224212646, -0.04224802181124687, 3.0357394280144945e-05, 1.0, 0.9991028308868408, -0.0423499196767807, -4.3450010707601905e-05, 1.0, 0.9994657039642334, -0.032686248421669006, -0.00020843114180024713, 1.0, 0.9998729228973389, -0.01594793237745762, -1.3740627764491364e-05, 1.0, 0.9999997615814209, -0.0006489179213531315, 0.0002606954949442297, 1.0, 0.9998959898948669, 0.014422384090721607, 0.00023942785628605634, 1.0, 0.999922513961792, 0.012445569038391113, 4.086360058863647e-05, 1.0, 0.999999463558197, 0.0009909531800076365, 8.757074283494148e-06, 1.0, 0.9999859929084778, -0.005297366064041853, -5.563002923736349e-05, 1.0, 0.9999868869781494, -0.005125836003571749, -0.0002016394428210333, 1.0, 0.9999885559082031, 0.004779591225087643, -9.619880438549444e-05, 1.0, 0.9998167753219604, 0.01914302632212639, -0.00018029128841590136, 1.0, 0.9994853734970093, 0.03207841143012047, -8.362781227333471e-05, 1.0, 0.9991874098777771, 0.04030449315905571, -3.3608162084419746e-06, 1.0, 0.9990016222000122, 0.04467460513114929, -2.489207145117689e-05, 1.0, 0.9994712471961975, 0.03251299634575844, 0.00016431041876785457, 1.0, 0.9998902082443237, 0.014816178008913994, 4.0260274545289576e-05, 1.0, 0.9999697208404541, 0.007786854635924101, -1.038764253280533e-06, 1.0, 0.9999675750732422, 0.008049269206821918, -1.2000457900285255e-05, 1.0, 0.9999064207077026, 0.01368134655058384, -3.9558821299578995e-05, 1.0, 0.9997829794883728, 0.02083357237279415, -0.00016491994028910995, 1.0, 0.9995869398117065, 0.028739700093865395, -0.00012746521679218858, 1.0, 0.9998815655708313, 0.015375864692032337, -0.0007205079309642315, 1.0, 0.9998644590377808, -0.01646072417497635, 2.0038485672557727e-05, 1.0, 0.9990490674972534, -0.04359699413180351, 0.00045860413229092956, 1.0, 0.9990249276161194, -0.04415057972073555, -1.252585479960544e-05, 1.0, 0.9994072318077087, -0.03442677855491638, 0.00011387208360247314, 1.0, 0.9997121691703796, -0.023990390822291374, 1.942296648849151e-06, 1.0, 0.9998925924301147, -0.014654036611318588, 3.974666469730437e-06, 1.0, 0.9997894763946533, -0.020518967881798744, 3.8720787642887444e-07, 1.0]
            u0 (float, 194):  [0.5, 0.5, 0.6537294983863831, 0.5, 0.6564878225326538, 0.468872606754303, 0.6536920070648193, 0.4363386631011963, 0.6337704658508301, 0.4106174111366272, 0.6116065382957458, 0.38839346170425415, 0.5860115885734558, 0.37127459049224854, 0.5581063628196716, 0.35971885919570923, 0.5325440764427185, 0.33639001846313477, 0.5, 0.337436318397522, 0.46999654173851013, 0.34916239976882935, 0.4388542175292969, 0.35238105058670044, 0.4101247489452362, 0.36549216508865356, 0.38317492604255676, 0.38317495584487915, 0.37168875336647034, 0.41426515579223633, 0.3568960428237915, 0.44072437286376953, 0.3502342998981476, 0.4702097773551941, 0.3402988910675049, 0.5, 0.3376995921134949, 0.5322835445404053, 0.35012897849082947, 0.5620786249637604, 0.3737247586250305, 0.5843744277954102, 0.3897517919540405, 0.6102482080459595, 0.41623514890670776, 0.6253629922866821, 0.44173985719680786, 0.6406524479389191, 0.46917226910591125, 0.6549814343452454, 0.5, 0.6521096527576447, 0.5300728678703308, 0.6511866450309753, 0.5588073134422302, 0.6419734954833984, 0.5871081352233887, 0.6303665339946747, 0.6161970496177673, 0.616197019815445, 0.6276622414588928, 0.5853011906147003, 0.6479182839393616, 0.5612697601318359, 0.6533956527709961, 0.5305123031139374, 0.8017721176147461, 0.5, 0.7964484691619873, 0.4410327076911926, 0.8101313710212708, 0.3715393543243408, 0.7828033566474915, 0.3110368251800537, 0.7350780963897705, 0.2649219036102295, 0.6907479763031006, 0.21452546119689941, 0.627115786075592, 0.19311535358428955, 0.558969259262085, 0.20354163646697998, 0.5, 0.20223933458328247, 0.4373913109302521, 0.1852448582649231, 0.37605923414230347, 0.20078051090240479, 0.3132750391960144, 0.22054636478424072, 0.2563703954219818, 0.2563704252243042, 0.21979427337646484, 0.3127725124359131, 0.17719516158103943, 0.3662898540496826, 0.17790934443473816, 0.4359321594238281, 0.17102204263210297, 0.5, 0.16937415301799774, 0.5657655596733093, 0.2079925686120987, 0.6209534406661987, 0.21978120505809784, 0.6872362196445465, 0.25789210200309753, 0.7421078979969025, 0.3238094449043274, 0.7636877745389938, 0.38314780592918396, 0.7821061462163925, 0.43991193175315857, 0.8020831197500229, 0.5, 0.8241046965122223, 0.5625998973846436, 0.814710795879364, 0.6209033131599426, 0.7918864339590073, 0.6714359521865845, 0.7565720528364182, 0.7353640794754028, 0.7353641092777252, 0.7736647129058838, 0.6828569173812866, 0.820266842842102, 0.6326588690280914, 0.8417374491691589, 0.5679758191108704, 0.8904476761817932, 0.5, 0.9411922097206116, 0.4122413992881775, 0.964168906211853, 0.30773496627807617, 0.8913300037384033, 0.23852163553237915, 0.8416826128959656, 0.15831738710403442, 0.7376836538314819, 0.144281268119812, 0.6712602376937866, 0.08654129505157471, 0.6015462279319763, -0.010507345199584961, 0.5, 0.008747637271881104, 0.3979260325431824, -0.013160467147827148, 0.2974540591239929, 0.011010825634002686, 0.20571057498455048, 0.05956476926803589, 0.13149146735668182, 0.13149148225784302, 0.06021422520279884, 0.2061445116996765, 0.013923420570790768, 0.2986605167388916, -0.020879875868558884, 0.39639055728912354, 0.048115503042936325, 0.5, 0.057701654732227325, 0.5879786014556885, 0.07794851064682007, 0.6748194396495819, 0.07923491299152374, 0.7811462432146072, 0.11923609673976898, 0.880763903260231, 0.22695231437683105, 0.9086447283625603, 0.3261781632900238, 0.9196430444717407, 0.42178410291671753, 0.8932178914546967, 0.5, 0.9086009860038757, 0.5777629613876343, 0.8909406810998917, 0.6574079394340515, 0.8800163567066193, 0.7158027291297913, 0.8229715973138809, 0.8178940415382385, 0.8178940713405609, 0.8618067502975464, 0.7417515516281128, 0.9934353828430176, 0.7043876349925995, 0.9040800929069519, 0.580376535654068]
            tri (int, 480):  [0, 2, 1, 0, 3, 2, 0, 4, 3, 0, 5, 4, 0, 6, 5, 0, 7, 6, 0, 8, 7, 0, 9, 8, 0, 10, 9, 0, 11, 10, 0, 12, 11, 0, 13, 12, 0, 14, 13, 0, 15, 14, 0, 16, 15, 0, 17, 16, 0, 18, 17, 0, 19, 18, 0, 20, 19, 0, 21, 20, 0, 22, 21, 0, 23, 22, 0, 24, 23, 0, 25, 24, 0, 26, 25, 0, 27, 26, 0, 28, 27, 0, 29, 28, 0, 30, 29, 0, 31, 30, 0, 32, 31, 0, 1, 32, 1, 34, 33, 1, 2, 34, 2, 35, 34, 2, 3, 35, 3, 36, 35, 3, 4, 36, 4, 37, 36, 4, 5, 37, 5, 38, 37, 5, 6, 38, 6, 39, 38, 6, 7, 39, 7, 40, 39, 7, 8, 40, 8, 41, 40, 8, 9, 41, 9, 42, 41, 9, 10, 42, 10, 43, 42, 10, 11, 43, 11, 44, 43, 11, 12, 44, 12, 45, 44, 12, 13, 45, 13, 46, 45, 13, 14, 46, 14, 47, 46, 14, 15, 47, 15, 48, 47, 15, 16, 48, 16, 49, 48, 16, 17, 49, 17, 50, 49, 17, 18, 50, 18, 51, 50, 18, 19, 51, 19, 52, 51, 19, 20, 52, 20, 53, 52, 20, 21, 53, 21, 54, 53, 21, 22, 54, 22, 55, 54, 22, 23, 55, 23, 56, 55, 23, 24, 56, 24, 57, 56, 24, 25, 57, 25, 58, 57, 25, 26, 58, 26, 59, 58, 26, 27, 59, 27, 60, 59, 27, 28, 60, 28, 61, 60, 28, 29, 61, 29, 62, 61, 29, 30, 62, 30, 63, 62, 30, 31, 63, 31, 64, 63, 31, 32, 64, 32, 33, 64, 33, 32, 1, 33, 66, 65, 33, 34, 66, 34, 67, 66, 34, 35, 67, 35, 68, 67, 35, 36, 68, 36, 69, 68, 36, 37, 69, 37, 70, 69, 37, 38, 70, 38, 71, 70, 38, 39, 71, 39, 72, 71, 39, 40, 72, 40, 73, 72, 40, 41, 73, 41, 74, 73, 41, 42, 74, 42, 75, 74, 42, 43, 75, 43, 76, 75, 43, 44, 76, 44, 77, 76, 44, 45, 77, 45, 78, 77, 45, 46, 78, 46, 79, 78, 46, 47, 79, 47, 80, 79, 47, 48, 80, 48, 81, 80, 48, 49, 81, 49, 82, 81, 49, 50, 82, 50, 83, 82, 50, 51, 83, 51, 84, 83, 51, 52, 84, 52, 85, 84, 52, 53, 85, 53, 86, 85, 53, 54, 86, 54, 87, 86, 54, 55, 87, 55, 88, 87, 55, 56, 88, 56, 89, 88, 56, 57, 89, 57, 90, 89, 57, 58, 90, 58, 91, 90, 58, 59, 91, 59, 92, 91, 59, 60, 92, 60, 93, 92, 60, 61, 93, 61, 94, 93, 61, 62, 94, 62, 95, 94, 62, 63, 95, 63, 96, 95, 63, 64, 96, 64, 65, 96, 65, 64, 33]
            boundingsphere (float, 4):  [-0.28322696685791016, 0.2578902542591095, 0.9651002883911133, 11.682196922144106]
            aabb:
                min (float, 3):  [-10.750960350036621, 0.08378050476312637, -8.661432266235352]
                max (float, 3):  [10.1845064163208, 0.4320000112056732, 10.591632843017578]
            material:
                shader (str, 1):  ['PdxMeshAdvanced']
                diff (str, 1):  ['air_winter_mountain_highland_phase_5_diff.dds']
                spec (str, 1):  ['air_winter_mountain_highland_spec.dds']
                n (str, 1):  ['air_winter_mountain_highland_n.dds']
locator:
