pdxasset (int, 2):  [1, 0]
object:
    air_winter_desert_arid_plateau_phase_2:
        mesh:
            p (float, 291):  [0.0, 0.3456000089645386, 0.0, 3.306058406829834, 0.2693553566932678, 0.0, 3.3386669158935547, 0.22702623903751373, 0.6641021370887756, 3.0011091232299805, 0.18898919224739075, 1.2431001663208008, 2.7770276069641113, 0.16806499660015106, 1.8555505275726318, 2.4189372062683105, 0.17130635678768158, 2.4189372062683105, 1.817482352256775, 0.19762076437473297, 2.7200546264648438, 1.2812080383300781, 0.23813866078853607, 3.0931098461151123, 0.652747392654419, 0.27920302748680115, 3.281582832336426, 2.077370405407139e-16, 0.3069727122783661, 3.3926033973693848, -0.6043293476104736, 0.31208762526512146, 3.0381686687469482, -1.2036398649215698, 0.2928237318992615, 2.905843734741211, -1.9125139713287354, 0.2556741237640381, 2.8622794151306152, -2.370654582977295, 0.21316049993038177, 2.370654582977295, -2.6425673961639404, 0.17961251735687256, 1.765707015991211, -3.095963478088379, 0.16633789241313934, 1.2823899984359741, -3.084807872772217, 0.17781098186969757, 0.6136064529418945, -3.2138195037841797, 0.2101646512746811, 3.935793911256474e-16, -3.1804773807525635, 0.2524937391281128, -0.632636308670044, -2.9255881309509277, 0.290530800819397, -1.2118182182312012, -2.605907917022705, 0.31145501136779785, -1.741212010383606, -2.309910774230957, 0.30821365118026733, -2.309910774230957, -1.8427094221115112, 0.28189924359321594, -2.7578094005584717, -1.2241078615188599, 0.24138134717941284, -2.9552576541900635, -0.6480010151863098, 0.20031696557998657, -3.257721185684204, -6.313752883889217e-16, 0.17254728078842163, -3.437047004699707, 0.6056106686592102, 0.16743238270282745, -3.0446105003356934, 1.218621015548706, 0.18669627606868744, -2.942011594772339, 1.7316993474960327, 0.22384586930274963, -2.5916712284088135, 2.353003978729248, 0.26635950803756714, -2.353003978729248, 2.6878232955932617, 0.29990747570991516, -1.7959462404251099, 2.9954495429992676, 0.3131820857524872, -1.2407559156417847, 3.1122374534606934, 0.30170902609825134, -0.6190624833106995, 6.925844192504883, 0.1959153413772583, 0.0, 6.767253875732422, 0.1535862535238266, 1.3460904359817505, 5.96129035949707, 0.11554919928312302, 2.469247341156006, 5.8158416748046875, 0.09462499618530273, 3.886021137237549, 4.3429670333862305, 0.09786636382341385, 4.3429670333862305, 3.5024638175964355, 0.12418077141046524, 5.241807460784912, 2.749732255935669, 0.16469866037368774, 6.6384406089782715, 1.1973719596862793, 0.205763041973114, 6.019595623016357, 3.684197332653365e-16, 0.23353271186351776, 6.016750812530518, -1.1424624919891357, 0.23864762485027313, 5.743546485900879, -2.592863082885742, 0.21938373148441315, 6.259725093841553, -3.882627010345459, 0.18223412334918976, 5.81076192855835, -4.160759925842285, 0.13972049951553345, 4.160759925842285, -5.401792526245117, 0.10617252439260483, 3.6093623638153076, -5.89362907409668, 0.09289789944887161, 2.441221237182617, -6.160102844238281, 0.10437098890542984, 1.22532057762146, -6.147265911102295, 0.13672465085983276, 7.528229782453617e-16, -6.239676475524902, 0.17905375361442566, -1.241148829460144, -5.55511999130249, 0.21709080040454865, -2.3010060787200928, -5.931511878967285, 0.23801501095294952, -3.9633095264434814, -4.310481548309326, 0.2347736358642578, -4.310481548309326, -3.654827356338501, 0.20845922827720642, -5.4698357582092285, -2.5755460262298584, 0.16794134676456451, -6.217918395996094, -1.3176581859588623, 0.12687696516513824, -6.62431526184082, -1.1923966554536116e-15, 0.0991072878241539, -6.491105079650879, 1.2800230979919434, 0.09399237483739853, -6.435110569000244, 2.737987995147705, 0.11325627565383911, -6.610087871551514, 3.3662822246551514, 0.1504058688879013, -5.037997245788574, 4.3119378089904785, 0.19291949272155762, -4.3119378089904785, 5.191549301147461, 0.22646747529506683, -3.4688823223114014, 6.3498215675354, 0.23974210023880005, -2.6301822662353516, 6.29487419128418, 0.22826901078224182, -1.2521283626556396, 9.251041412353516, 0.10332541912794113, 0.0, 8.102664947509766, 0.08838573098182678, 1.6117202043533325, 7.775270462036133, 0.07496089488267899, 3.2206225395202637, 8.381366729736328, 0.06757587939500809, 5.600250244140625, 6.180938720703125, 0.06871989369392395, 6.180938720703125, 5.263958930969238, 0.07800733298063278, 7.878071308135986, 3.3557519912719727, 0.09230776131153107, 8.101502418518066, 1.7561174631118774, 0.10680107027292252, 8.828598976135254, 5.279616181937954e-16, 0.11660213768482208, 8.62226676940918, -2.1250035762786865, 0.11840739846229553, 10.683114051818848, -3.824063777923584, 0.11160837113857269, 9.23210620880127, -5.31001091003418, 0.09849674999713898, 7.946993350982666, -6.181047439575195, 0.08349194377660751, 6.181047439575195, -8.86874771118164, 0.07165148109197617, 5.925907611846924, -9.049080848693848, 0.06696631759405136, 3.7482519149780273, -8.277735710144043, 0.07101564109325409, 1.646544098854065, -8.588200569152832, 0.08243458718061447, 1.0517511756058897e-15, -10.813920021057129, 0.09737426787614822, -2.151022434234619, -8.3479642868042, 0.11079910397529602, -3.4578402042388916, -7.747279167175293, 0.11818411946296692, -5.176566123962402, -5.883954048156738, 0.11704010516405106, -5.883954048156738, -5.991024494171143, 0.10775266587734222, -8.966201782226562, -3.365302085876465, 0.09345223754644394, -8.124557495117188, -1.91231369972229, 0.07895892858505249, -9.613849639892578, -1.893401969634218e-15, 0.06915786862373352, -10.30720043182373, 1.8963401317596436, 0.06735260039567947, -9.53354549407959, 3.5233004093170166, 0.07415162771940231, -8.505999565124512, 4.911585330963135, 0.08726324886083603, -7.350706577301025, 7.2220540046691895, 0.10226805508136749, -7.2220540046691895, 7.342771053314209, 0.11410851776599884, -4.906282901763916, 9.209272384643555, 0.11879368126392365, -3.814605474472046, 10.836417198181152, 0.11474435776472092, -2.1554975509643555]
            n (float, 291):  [-0.00029116866062395275, 0.9999998211860657, -0.00045067505561746657, 0.02171824872493744, 0.9988474249839783, 0.04280385375022888, 0.016052432358264923, 0.9983006715774536, 0.05601949244737625, 0.01868690364062786, 0.9985849261283875, 0.04978761821985245, 0.026035597547888756, 0.9992880821228027, 0.02730218507349491, 0.03633836656808853, 0.9992254972457886, 0.01509688701480627, 0.056472644209861755, 0.9983915686607361, 0.005008974578231573, 0.05768590047955513, 0.99832683801651, 0.003980445209890604, 0.044052060693502426, 0.9989346265792847, 0.013746755197644234, 0.01760568842291832, 0.9996408820152283, 0.020201148465275764, -0.01223449595272541, 0.9998154640197754, 0.014809706248342991, -0.03482578694820404, 0.9993757009506226, 0.005945427343249321, -0.05477920174598694, 0.9984616041183472, -0.008578545413911343, -0.060499418526887894, 0.9980494379997253, -0.015403018333017826, -0.04951654374599457, 0.9987706542015076, -0.0023131330963224173, -0.03373834118247032, 0.9993677735328674, 0.01121597271412611, -0.03465592488646507, 0.9988752007484436, 0.03236128389835358, -0.03267011046409607, 0.9981573820114136, 0.05113184079527855, -0.035504721105098724, 0.9983410835266113, 0.04532679170370102, -0.03435429930686951, 0.998974084854126, 0.02950294502079487, -0.01979958824813366, 0.999800980091095, 0.0024604853242635727, 0.0015463512390851974, 0.9996508955955505, -0.026376402005553246, 0.022471601143479347, 0.9989574551582336, -0.0397377647459507, 0.03785385936498642, 0.9982624650001526, -0.04515700042247772, 0.03254329785704613, 0.9986854791641235, -0.039600878953933716, 0.024187948554754257, 0.9991521239280701, -0.033317748457193375, 0.004612901248037815, 0.9990968704223633, -0.04223954305052757, -0.019781019538640976, 0.9988371729850769, -0.0439675934612751, -0.026435578241944313, 0.9980726838111877, -0.05614252761006355, -0.01895800419151783, 0.9983955025672913, -0.05335775762796402, -0.002387359971180558, 0.9993029832839966, -0.037254609167575836, 0.013795928098261356, 0.9998791217803955, -0.007166528142988682, 0.02241019904613495, 0.9994581937789917, 0.024105625227093697, 0.029540669173002243, 0.999072253704071, 0.0313369520008564, 0.023714689537882805, 0.9989851713180542, 0.03829249367117882, 0.01351656299084425, 0.9995030164718628, 0.028480660170316696, 0.009560947306454182, 0.9998769760131836, 0.012429299764335155, 0.020178453996777534, 0.9997584819793701, 0.008708924055099487, 0.037269093096256256, 0.9993047118186951, 0.0010614536004140973, 0.029549991711974144, 0.9993941187858582, 0.018388893455266953, 0.024688929319381714, 0.9993603825569153, 0.02587112784385681, 0.015496570616960526, 0.9993892312049866, 0.03132130205631256, -0.0035717543214559555, 0.9996604323387146, 0.02581387758255005, -0.025085153058171272, 0.9995329976081848, 0.017454132437705994, -0.04094571992754936, 0.9991543889045715, 0.0037329785991460085, -0.04244021326303482, 0.9990658760070801, -0.008134856820106506, -0.019370118156075478, 0.9998122453689575, -0.0005862406687811017, -0.016795415431261063, 0.9998538494110107, 0.003205625806003809, -0.017135797068476677, 0.9997048377990723, 0.01722543314099312, -0.022859159857034683, 0.9991827607154846, 0.03333647921681404, -0.026532849296927452, 0.9994150400161743, 0.021577322855591774, -0.03481641411781311, 0.9993056654930115, 0.013266733847558498, -0.03160401061177254, 0.9992491602897644, -0.02241097018122673, -0.0133165642619133, 0.9994457364082336, -0.030511097982525826, -0.0017527879681438208, 0.9995495676994324, -0.029961854219436646, 0.018512163311243057, 0.9992346167564392, -0.03445881977677345, 0.016595233231782913, 0.9995935559272766, -0.02317838929593563, 0.01322835311293602, 0.999768078327179, -0.016994265839457512, -0.0032111932523548603, 0.9998331665992737, -0.017982201650738716, -0.00468260794878006, 0.9997619986534119, -0.021306557580828667, -0.01133902557194233, 0.9992934465408325, -0.03583306446671486, -0.0028584387619048357, 0.9992635846138, -0.03826448321342468, 0.012856493704020977, 0.9993586540222168, -0.03342163562774658, 0.02319215051829815, 0.9995060563087463, -0.02120770700275898, 0.02733485773205757, 0.9995470643043518, 0.012592673301696777, 0.035142842680215836, 0.9990280270576477, 0.02660932019352913, 0.033256806433200836, 0.9988846778869629, 0.033515796065330505, 0.016743147745728493, 0.999750554561615, 0.014778906479477882, 0.007845640182495117, 0.9999333024024963, 0.008474087342619896, 0.011912904679775238, 0.9999125599861145, 0.005744138732552528, 0.02446061559021473, 0.9996799826622009, 0.0064565883949398994, 0.02386835217475891, 0.9994508624076843, 0.022984979674220085, 0.014529547654092312, 0.9992163181304932, 0.036819424480199814, 0.01624704897403717, 0.9992167353630066, 0.03608421981334686, -0.0023447026032954454, 0.9996059536933899, 0.027971703559160233, -0.021829793229699135, 0.9994937181472778, 0.023146508261561394, -0.03589251637458801, 0.9992810487747192, 0.01221419870853424, -0.026593096554279327, 0.9996448755264282, 0.0016908873803913593, -0.011538784950971603, 0.9999333620071411, 1.9730981875909492e-05, -0.010671289637684822, 0.9999422430992126, -0.00125848688185215, -0.013368675485253334, 0.9998697638511658, 0.009037460200488567, -0.021437589079141617, 0.9994015097618103, 0.027148474007844925, -0.023307815194129944, 0.9996761083602905, 0.010211484506726265, -0.03495416045188904, 0.9993840456008911, -0.0031053440179675817, -0.03745414689183235, 0.9990172386169434, -0.023701434955000877, -0.029140250757336617, 0.9989239573478699, -0.03608163446187973, -0.008734411559998989, 0.9995464086532593, -0.028821956366300583, 0.009637986309826374, 0.9993691444396973, -0.034183427691459656, 0.006985763553529978, 0.9998292326927185, -0.017108559608459473, 0.006903637200593948, 0.9999253749847412, -0.010075859725475311, 0.0006939062150195241, 0.9999447464942932, -0.01048993319272995, -0.0006697345525026321, 0.9998462796211243, -0.01751914620399475, -0.0025044039357453585, 0.9995501041412354, -0.029887836426496506, 0.006820146460086107, 0.9995610117912292, -0.02883046679198742, 0.022340869531035423, 0.9992066621780396, -0.0329657606780529, 0.0269654281437397, 0.9994121193885803, -0.02117203362286091, 0.03060522861778736, 0.9995243549346924, 0.0037929934915155172]
            ta (float, 388):  [1.0, 0.0002911686897277832, 2.3470978049999758e-08, 1.0, 0.9997636079788208, -0.021742677316069603, 0.00010514844325371087, 1.0, 0.9998708963394165, -0.016073476523160934, -7.494946476072073e-05, 1.0, 0.9998250603675842, -0.018702758476138115, -0.00014745749649591744, 1.0, 0.9996607303619385, -0.02604632079601288, 3.717907384270802e-05, 1.0, 0.9993393421173096, -0.03634357079863548, 7.032963912934065e-05, 1.0, 0.9984040856361389, -0.056473419070243835, 1.4004057447891682e-05, 1.0, 0.9983347654342651, -0.05768648162484169, 3.0351777240866795e-05, 1.0, 0.9990289211273193, -0.04405836760997772, 0.00015586192603223026, 1.0, 0.9998449087142944, -0.017610829323530197, 7.648275641258806e-05, 1.0, 0.9999250769615173, 0.012237138114869595, -8.78003120305948e-05, 1.0, 0.9993932843208313, 0.03482663631439209, -3.9967588236322626e-05, 1.0, 0.9984984397888184, 0.054781537503004074, 3.593391375034116e-05, 1.0, 0.9981676936149597, 0.060508858412504196, 0.0001467400579713285, 1.0, 0.9987733364105225, 0.049516692757606506, 8.558307854400482e-06, 1.0, 0.9994306564331055, 0.03374048322439194, -1.927771336340811e-06, 1.0, 0.9993985891342163, 0.03467479720711708, -2.1923635358689353e-05, 1.0, 0.9994646906852722, 0.03271328657865524, -7.570746220153524e-06, 1.0, 0.9993680119514465, 0.03554461896419525, -7.429278048221022e-05, 1.0, 0.9994090795516968, 0.034371908754110336, -8.960266131907701e-05, 1.0, 0.9998040199279785, 0.01979965902864933, -4.332513071858557e-06, 1.0, 0.9999988079071045, -0.0015460844151675701, 3.051743442483712e-05, 1.0, 0.9997467994689941, -0.022501686587929726, -0.00030997252906672657, 1.0, 0.9992811679840088, -0.03790668398141861, -0.00031377054983749986, 1.0, 0.9994692802429199, -0.0325760655105114, -0.00018220333731733263, 1.0, 0.9997069239616394, -0.02420663833618164, -0.00015767144213896245, 1.0, 0.9999892711639404, -0.004616966005414724, 1.290777618123684e-06, 1.0, 0.9998036623001099, 0.019811425358057022, 0.0002558966225478798, 1.0, 0.9996483325958252, 0.026510361582040787, 0.0005874501657672226, 1.0, 0.999819278717041, 0.019007379189133644, 0.00041797992889769375, 1.0, 0.999997079372406, 0.002391168614849448, 5.768100527347997e-05, 1.0, 0.9999048113822937, -0.01379628200083971, 5.817968329324685e-08, 1.0, 0.999748706817627, -0.02241775393486023, 4.3072090193163604e-05, 1.0, 0.9995630979537964, -0.029556559398770332, 4.383979830890894e-05, 1.0, 0.9997183084487915, -0.023732883855700493, 2.0584322555805556e-05, 1.0, 0.9999085664749146, -0.013520464301109314, -5.557095937547274e-05, 1.0, 0.9999542832374573, -0.009561693295836449, 4.999698717256251e-07, 1.0, 0.9997963905334473, -0.020179186016321182, -3.937655492336489e-06, 1.0, 0.999305248260498, -0.03726911544799805, 9.6079975264729e-07, 1.0, 0.9995631575584412, -0.029554368928074837, -3.378023029654287e-05, 1.0, 0.9996950626373291, -0.024694496765732765, -0.00010433850547997281, 1.0, 0.9998798966407776, -0.015498966909945011, -0.0001662769791437313, 1.0, 0.9999936819076538, 0.0035730430390685797, -3.8035220768506406e-06, 1.0, 0.9996852874755859, 0.025086628273129463, 0.00013431237312033772, 1.0, 0.9991614818572998, 0.040946003049612045, 2.0266288629500195e-06, 1.0, 0.9990989565849304, 0.042441654950380325, 5.53526115254499e-06, 1.0, 0.9998123645782471, 0.019370121881365776, 5.058749934505613e-07, 1.0, 0.9998590350151062, 0.016795502975583076, -7.78849084781541e-07, 1.0, 0.9998531341552734, 0.017137834802269936, 2.9205613827798516e-05, 1.0, 0.9997384548187256, 0.022870907559990883, 2.894696081057191e-05, 1.0, 0.9996477961540222, 0.026540037244558334, -4.690911737270653e-05, 1.0, 0.9993935823440552, 0.034819915890693665, -3.3175674616359174e-05, 1.0, 0.9995002746582031, 0.03161122277379036, -3.273520269431174e-05, 1.0, 0.9999112486839294, 0.013320683501660824, -6.824836600571871e-05, 1.0, 0.9999985098838806, 0.0017556113889440894, 6.790819315938279e-05, 1.0, 0.9998284578323364, -0.018521428108215332, 5.031957334722392e-05, 1.0, 0.9998621344566345, -0.016601141542196274, -6.243394454941154e-05, 1.0, 0.9999125599861145, -0.013230090029537678, 1.0318156455468852e-05, 1.0, 0.9999948143959045, 0.0032123997807502747, 3.819767152890563e-05, 1.0, 0.9999890923500061, 0.004683463368564844, -9.74589966062922e-06, 1.0, 0.9999356269836426, 0.011344163678586483, -5.9928501286776736e-05, 1.0, 0.9999959468841553, 0.0028575356118381023, -7.829182868590578e-05, 1.0, 0.999917209148407, -0.012862524017691612, 3.453703538980335e-05, 1.0, 0.9997308254241943, -0.023199815303087234, -0.00011528156028361991, 1.0, 0.9996262788772583, -0.02733726240694523, 1.887582584458869e-05, 1.0, 0.999381959438324, -0.035154808312654495, -1.790586429706309e-05, 1.0, 0.9994457960128784, -0.033285953104496, 0.00031185222906060517, 1.0, 0.9998597502708435, -0.016745110973715782, 9.060599950316828e-06, 1.0, 0.9999691843986511, -0.00784582830965519, -1.0893061698880047e-05, 1.0, 0.9999290108680725, -0.011913088150322437, -2.235184183518868e-06, 1.0, 0.9997007250785828, -0.024461019784212112, -1.5807294403202832e-05, 1.0, 0.9997149109840393, -0.023872146382927895, -0.00010931318684015423, 1.0, 0.9998944401741028, -0.014535006135702133, -0.00011945791629841551, 1.0, 0.9998677968978882, -0.01625875011086464, 3.0804167181486264e-05, 1.0, 0.9999973177909851, 0.002345744054764509, -4.4256785258767195e-06, 1.0, 0.9997615218162537, 0.021836167201399803, -2.263821806991473e-05, 1.0, 0.9993556141853333, 0.03589502349495888, 1.4397146514966153e-05, 1.0, 0.9996463060379028, 0.026593128219246864, 2.9602549602714134e-06, 1.0, 0.9999334812164307, 0.011538785882294178, 3.88828560460297e-08, 1.0, 0.9999430179595947, 0.010671298019587994, -6.943305379536469e-07, 1.0, 0.9999106526374817, 0.013369244523346424, -2.395434194113477e-06, 1.0, 0.9997699856758118, 0.02144680544734001, -4.8394635086879134e-05, 1.0, 0.9997283220291138, 0.02330857142806053, 4.5031523768557236e-05, 1.0, 0.9993888735771179, 0.034954316914081573, -4.698757493315497e-06, 1.0, 0.9992977380752563, 0.037467341870069504, 0.00011288121459074318, 1.0, 0.9995747804641724, 0.02915988117456436, 1.7838561689131893e-05, 1.0, 0.999961793422699, 0.008737562224268913, -1.6587004211032763e-05, 1.0, 0.9999535083770752, -0.00964311696588993, 1.4753090908925515e-05, 1.0, 0.9999756217002869, -0.006985408253967762, 8.057845116127282e-05, 1.0, 0.9999760985374451, -0.006903612054884434, 3.731457400135696e-05, 1.0, 0.9999997019767761, -0.0006940719322301447, -1.2168615285190754e-05, 1.0, 0.9999998807907104, 0.0006676422781310976, -0.00012526530190370977, 1.0, 0.9999969005584717, 0.002504664473235607, -2.872409822884947e-05, 1.0, 0.9999766945838928, -0.006825694348663092, -9.3990056484472e-05, 1.0, 0.9997500777244568, -0.0223537590354681, -2.240953836007975e-05, 1.0, 0.9996361136436462, -0.026970569044351578, 4.2687399400165305e-05, 1.0, 0.9995315074920654, -0.030605370178818703, -2.0282395780668594e-05, 1.0]
            u0 (float, 194):  [0.5, 0.5, 0.6601772308349609, 0.5, 0.6617571115493774, 0.4678245186805725, 0.6454025506973267, 0.4397723078727722, 0.6345459222793579, 0.4100992679595947, 0.6171965599060059, 0.38280344009399414, 0.5880563259124756, 0.3682144284248352, 0.5620740056037903, 0.3501400351524353, 0.5316253304481506, 0.34100860357284546, 0.5, 0.3356297016143799, 0.47072046995162964, 0.3528019189834595, 0.44168412685394287, 0.3592129945755005, 0.4073394536972046, 0.36132365465164185, 0.3851427137851715, 0.3851426839828491, 0.3719686269760132, 0.4144521951675415, 0.3500017821788788, 0.43786871433258057, 0.35054224729537964, 0.4702709913253784, 0.34429168701171875, 0.5, 0.3459070920944214, 0.5306509733200073, 0.35825639963150024, 0.5587121248245239, 0.37374478578567505, 0.5843610465526581, 0.3880857229232788, 0.6119142770767212, 0.41072145104408264, 0.6336148083209991, 0.4406924545764923, 0.6431810855865479, 0.46860459446907043, 0.6578353345394135, 0.5, 0.6665236055850983, 0.5293415784835815, 0.6475102007389069, 0.5590417385101318, 0.6425393223762512, 0.5839001536369324, 0.6255654692649841, 0.6140021085739136, 0.614002138376236, 0.6302239894866943, 0.5870128870010376, 0.6451283693313599, 0.5601141452789307, 0.6507866978645325, 0.529993325471878, 0.8355544805526733, 0.5, 0.8278708457946777, 0.4347824454307556, 0.7888221740722656, 0.38036590814590454, 0.7817752957344055, 0.3117237687110901, 0.7104150652885437, 0.2895849347114563, 0.6696929931640625, 0.24603646993637085, 0.6332234740257263, 0.17837011814117432, 0.5580121874809265, 0.2083529233932495, 0.5, 0.208490788936615, 0.4446481466293335, 0.2217273712158203, 0.3743767738342285, 0.1967187523841858, 0.3118882179260254, 0.21847081184387207, 0.2984127998352051, 0.2984127998352051, 0.23828524351119995, 0.3251277804374695, 0.21445594727993011, 0.3817237615585327, 0.20154541730880737, 0.44063371419906616, 0.202167347073555, 0.5, 0.19769008457660675, 0.5601331889629364, 0.23085658252239227, 0.6114828586578369, 0.2126205414533615, 0.6920208036899567, 0.2911588251590729, 0.7088411748409271, 0.32292503118515015, 0.7650114148855209, 0.3752157986164093, 0.8012557327747345, 0.43615996837615967, 0.8209455013275146, 0.5, 0.8144915103912354, 0.5620166063308716, 0.8117786198854446, 0.6326544880867004, 0.8202562034130096, 0.6630950570106506, 0.7440890073776245, 0.7089117169380188, 0.7089117169380188, 0.7515285611152649, 0.668065994977951, 0.8076463937759399, 0.6274313032627106, 0.8049842119216919, 0.5606651306152344, 0.9482094049453735, 0.5, 0.892570972442627, 0.4219127893447876, 0.8767088651657104, 0.34396207332611084, 0.9060739874839783, 0.22867006063461304, 0.7994641065597534, 0.20053589344024658, 0.7550367712974548, 0.11831051111221313, 0.6625849008560181, 0.10748535394668579, 0.5850831866264343, 0.07225781679153442, 0.5, 0.08225446939468384, 0.3970443904399872, -0.017592787742614746, 0.3147256076335907, 0.05270802974700928, 0.24273201823234558, 0.11497128009796143, 0.20053064823150635, 0.20053064823150635, 0.07031261920928955, 0.2128920555114746, 0.06157555803656578, 0.318398654460907, 0.09894689917564392, 0.4202255606651306, 0.08390503376722336, 0.5, -0.023930225521326065, 0.6042161881923676, 0.09554434567689896, 0.6675310134887695, 0.12464733421802521, 0.7508026361465454, 0.21492470800876617, 0.7850752919912338, 0.20973718166351318, 0.9344090148806572, 0.33695241808891296, 0.8936316817998886, 0.4073491394519806, 0.9657873101532459, 0.5, 0.9993798763025552, 0.5918769240379333, 0.9618966020643711, 0.6707025170326233, 0.9121123924851418, 0.737964391708374, 0.8561388850212097, 0.8499057292938232, 0.849905714392662, 0.8557544350624084, 0.7377074956893921, 0.9461856484413147, 0.6848161518573761, 1.0250202417373657, 0.6044330298900604]
            tri (int, 480):  [0, 2, 1, 0, 3, 2, 0, 4, 3, 0, 5, 4, 0, 6, 5, 0, 7, 6, 0, 8, 7, 0, 9, 8, 0, 10, 9, 0, 11, 10, 0, 12, 11, 0, 13, 12, 0, 14, 13, 0, 15, 14, 0, 16, 15, 0, 17, 16, 0, 18, 17, 0, 19, 18, 0, 20, 19, 0, 21, 20, 0, 22, 21, 0, 23, 22, 0, 24, 23, 0, 25, 24, 0, 26, 25, 0, 27, 26, 0, 28, 27, 0, 29, 28, 0, 30, 29, 0, 31, 30, 0, 32, 31, 0, 1, 32, 1, 34, 33, 1, 2, 34, 2, 35, 34, 2, 3, 35, 3, 36, 35, 3, 4, 36, 4, 37, 36, 4, 5, 37, 5, 38, 37, 5, 6, 38, 6, 39, 38, 6, 7, 39, 7, 40, 39, 7, 8, 40, 8, 41, 40, 8, 9, 41, 9, 42, 41, 9, 10, 42, 10, 43, 42, 10, 11, 43, 11, 44, 43, 11, 12, 44, 12, 45, 44, 12, 13, 45, 13, 46, 45, 13, 14, 46, 14, 47, 46, 14, 15, 47, 15, 48, 47, 15, 16, 48, 16, 49, 48, 16, 17, 49, 17, 50, 49, 17, 18, 50, 18, 51, 50, 18, 19, 51, 19, 52, 51, 19, 20, 52, 20, 53, 52, 20, 21, 53, 21, 54, 53, 21, 22, 54, 22, 55, 54, 22, 23, 55, 23, 56, 55, 23, 24, 56, 24, 57, 56, 24, 25, 57, 25, 58, 57, 25, 26, 58, 26, 59, 58, 26, 27, 59, 27, 60, 59, 27, 28, 60, 28, 61, 60, 28, 29, 61, 29, 62, 61, 29, 30, 62, 30, 63, 62, 30, 31, 63, 31, 64, 63, 31, 32, 64, 32, 33, 64, 33, 32, 1, 33, 66, 65, 33, 34, 66, 34, 67, 66, 34, 35, 67, 35, 68, 67, 35, 36, 68, 36, 69, 68, 36, 37, 69, 37, 70, 69, 37, 38, 70, 38, 71, 70, 38, 39, 71, 39, 72, 71, 39, 40, 72, 40, 73, 72, 40, 41, 73, 41, 74, 73, 41, 42, 74, 42, 75, 74, 42, 43, 75, 43, 76, 75, 43, 44, 76, 44, 77, 76, 44, 45, 77, 45, 78, 77, 45, 46, 78, 46, 79, 78, 46, 47, 79, 47, 80, 79, 47, 48, 80, 48, 81, 80, 48, 49, 81, 49, 82, 81, 49, 50, 82, 50, 83, 82, 50, 51, 83, 51, 84, 83, 51, 52, 84, 52, 85, 84, 52, 53, 85, 53, 86, 85, 53, 54, 86, 54, 87, 86, 54, 55, 87, 55, 88, 87, 55, 56, 88, 56, 89, 88, 56, 57, 89, 57, 90, 89, 57, 58, 90, 58, 91, 90, 58, 59, 91, 59, 92, 91, 59, 60, 92, 60, 93, 92, 60, 61, 93, 61, 94, 93, 61, 62, 94, 62, 95, 94, 62, 63, 95, 63, 96, 95, 63, 64, 96, 64, 65, 96, 65, 64, 33]
            boundingsphere (float, 4):  [0.011248588562011719, 0.20628316700458527, 0.1879568099975586, 11.076300397381875]
            aabb:
                min (float, 3):  [-10.813920021057129, 0.06696631759405136, -10.30720043182373]
                max (float, 3):  [10.836417198181152, 0.3456000089645386, 10.683114051818848]
            material:
                shader (str, 1):  ['PdxMeshAdvanced']
                diff (str, 1):  ['air_winter_desert_arid_plateau_phase_2_diff.dds']
                spec (str, 1):  ['air_winter_desert_arid_plateau_spec.dds']
                n (str, 1):  ['air_winter_desert_arid_plateau_n.dds']
locator:
