pdxasset (int, 2):  [1, 0]
object:
    air_winter_island_oceanic_dead_vegetation:
        mesh:
            p (float, 36):  [-5.747903347015381, 0.10000000149011612, -5.851633548736572, 5.851633548736572, 0.10000000149011612, -5.747903347015381, 5.747903347015381, 0.10000000149011612, 5.851633548736572, -5.851633548736572, 0.10000000149011612, 5.747903347015381, 1.291538953781128, -1.203147292137146, -7.977663040161133, 7.935103416442871, -1.203147292137146, 1.5314404964447021, -1.291538953781128, 1.6031473875045776, 7.977663040161133, -7.935103416442871, 1.6031473875045776, -1.5314404964447021, 7.420204162597656, 1.995755910873413, -3.0569567680358887, 2.722604513168335, 1.995755910873413, 7.5492939949035645, -7.420204162597656, -1.3957557678222656, 3.0569567680358887, -2.722604513168335, -1.3957557678222656, -7.5492939949035645]
            n (float, 36):  [1.7995231693657132e-10, 1.0, 0.0, 1.7995231693657132e-10, 1.0, 0.0, 1.7995231693657132e-10, 1.0, 0.0, 1.7995231693657132e-10, 1.0, 0.0, 0.19831562042236328, 0.9702957272529602, -0.13855379819869995, 0.1983156055212021, 0.9702957272529602, -0.13855379819869995, 0.19831562042236328, 0.9702957272529602, -0.13855379819869995, 0.1983156055212021, 0.9702957272529602, -0.13855379819869995, -0.2673247456550598, 0.9563047289848328, -0.11840043216943741, -0.2673247456550598, 0.9563047289848328, -0.11840043216943741, -0.2673247456550598, 0.9563047289848328, -0.11840043216943741, -0.2673247456550598, 0.9563047289848328, -0.11840043216943741]
            ta (float, 48):  [0.9999600052833557, -1.7994510048691126e-10, 0.008942258544266224, 1.0, 0.9999600052833557, -1.7994510048691126e-10, 0.008942258544266224, 1.0, 0.9999600052833557, -1.7994510048691126e-10, 0.008942258544266224, 1.0, 0.9999600052833557, -1.7994510048691126e-10, 0.008942258544266224, 1.0, 0.5727210640907288, -1.445853481385484e-08, 0.8197503089904785, 1.0, 0.5727210640907288, 0.0, 0.8197503089904785, 1.0, 0.5727210640907288, -1.4458533037498e-08, 0.8197503089904785, 1.0, 0.5727211236953735, -1.445853392567642e-08, 0.8197503089904785, 1.0, -0.40496543049812317, 1.425005091704179e-08, 0.9143319129943848, 1.0, -0.40496546030044556, 1.425005091704179e-08, 0.9143319725990295, 1.0, -0.40496543049812317, 1.425005091704179e-08, 0.9143319129943848, 1.0, -0.40496546030044556, 1.425005091704179e-08, 0.9143319725990295, 1.0]
            u0 (float, 24):  [0.0, 1.0, 1.0, 1.0, 1.0, 0.0, 0.0, 0.0, 0.0, 1.0, 1.0, 1.0, 1.0, 0.0, 0.0, 0.0, 0.0, 1.0, 1.0, 1.0, 1.0, 0.0, 0.0, 0.0]
            tri (int, 18):  [0, 2, 1, 0, 3, 2, 4, 6, 5, 4, 7, 6, 8, 10, 9, 8, 11, 10]
            boundingsphere (float, 4):  [0.0, 0.30000007152557373, 0.0, 8.22013584390174]
            aabb:
                min (float, 3):  [-7.935103416442871, -1.3957557678222656, -7.977663040161133]
                max (float, 3):  [7.935103416442871, 1.995755910873413, 7.977663040161133]
            material:
                shader (str, 1):  ['PdxMeshAlphaBlend']
                diff (str, 1):  ['air_winter_island_oceanic_dead_vegetation_diff.dds']
                spec (str, 1):  ['air_winter_island_oceanic_dead_vegetation_spec.dds']
                n (str, 1):  ['air_winter_island_oceanic_dead_vegetation_n.dds']
locator:
