pdxasset (int, 2):  [1, 0]
object:
    air_winter_equatorial_rainforest_dead_vegetation:
        mesh:
            p (float, 36):  [-6.062079429626465, 0.10000000149011612, -5.525504112243652, 5.525504112243652, 0.10000000149011612, -6.062079429626465, 6.062079429626465, 0.10000000149011612, 5.525504112243652, -5.525504112243652, 0.10000000149011612, 6.062079429626465, 2.0238938331604004, -1.203147292137146, -7.82400369644165, 7.759437084197998, -1.203147292137146, 2.2588305473327637, -2.0238938331604004, 1.6031473875045776, 7.82400369644165, -7.759437084197998, 1.6031473875045776, -2.2588305473327637, 7.111387252807617, 1.995755910873413, -3.71921968460083, 3.3979952335357666, 1.995755910873413, 7.2703537940979, -7.111387252807617, -1.3957557678222656, 3.71921968460083, -3.3979952335357666, -1.3957557678222656, -7.2703537940979]
            n (float, 36):  [0.0, 1.0, 0.0, 0.0, 1.0, 0.0, 0.0, 1.0, 0.0, 0.0, 1.0, 0.0, 0.21028092503547668, 0.9702957272529602, -0.11961670964956284, 0.21028092503547668, 0.9702957272529602, -0.11961670964956284, 0.21028092503547668, 0.9702957272529602, -0.11961670964956284, 0.21028092503547668, 0.9702957272529602, -0.11961670964956284, -0.27698618173599243, 0.9563047289848328, -0.0935940071940422, -0.27698618173599243, 0.9563047289848328, -0.0935940071940422, -0.27698618173599243, 0.9563047289848328, -0.0935940071940422, -0.27698618173599243, 0.9563047289848328, -0.0935940071940422]
            ta (float, 48):  [0.9989296197891235, 0.0, -0.04625649377703667, 1.0, 0.9989296197891235, 0.0, -0.04625648632645607, 1.0, 0.9989296197891235, 0.0, -0.04625649377703667, 1.0, 0.9989296197891235, 0.0, -0.04625648632645607, 1.0, 0.49444329738616943, 1.4458530372962741e-08, 0.8692097663879395, 1.0, 0.4944433569908142, 1.4458533037498e-08, 0.8692098259925842, 1.0, 0.49444329738616943, 1.4458530372962741e-08, 0.8692097663879395, 1.0, 0.4944433569908142, 1.4458533037498e-08, 0.8692098259925842, 1.0, -0.3201199471950531, -3.5625122851712376e-09, 0.9473769664764404, 1.0, -0.3201200067996979, 0.0, 0.9473770260810852, 1.0, -0.3201199471950531, -3.5625122851712376e-09, 0.9473769664764404, 1.0, -0.32012003660202026, -7.125025014431685e-09, 0.9473770260810852, 1.0]
            u0 (float, 24):  [0.0, 1.0, 1.0, 1.0, 1.0, 0.0, 0.0, 0.0, 0.0, 1.0, 1.0, 1.0, 1.0, 0.0, 0.0, 0.0, 0.0, 1.0, 1.0, 1.0, 1.0, 0.0, 0.0, 0.0]
            tri (int, 18):  [0, 2, 1, 0, 3, 2, 4, 6, 5, 4, 7, 6, 8, 10, 9, 8, 11, 10]
            boundingsphere (float, 4):  [0.0, 0.30000007152557373, 0.0, 8.220135807646473]
            aabb:
                min (float, 3):  [-7.759437084197998, -1.3957557678222656, -7.82400369644165]
                max (float, 3):  [7.759437084197998, 1.995755910873413, 7.82400369644165]
            material:
                shader (str, 1):  ['PdxMeshAlphaBlend']
                diff (str, 1):  ['air_winter_equatorial_rainforest_dead_vegetation_diff.dds']
                spec (str, 1):  ['air_winter_equatorial_rainforest_dead_vegetation_spec.dds']
                n (str, 1):  ['air_winter_equatorial_rainforest_dead_vegetation_n.dds']
locator:
