pdxasset (int, 2):  [1, 0]
object:
    air_winter_desert_arid_plateau_phase_6:
        mesh:
            p (float, 291):  [0.0, 0.4607999920845032, 0.0, 3.0997626781463623, 0.2940128743648529, 0.0, 3.232865333557129, 0.24583929777145386, 0.6430569291114807, 2.856093406677246, 0.222554549574852, 1.1830326318740845, 2.7181339263916016, 0.2320069670677185, 1.8161990642547607, 2.4290072917938232, 0.27101051807403564, 2.4290072917938232, 1.7715413570404053, 0.3264186680316925, 2.651298999786377, 1.3142359256744385, 0.37955546379089355, 3.1728460788726807, 0.646303117275238, 0.41251057386398315, 3.24918532371521, 2.0830426144779866e-16, 0.41417616605758667, 3.4018666744232178, -0.603130042552948, 0.3839907944202423, 3.032139301300049, -1.2814558744430542, 0.33212876319885254, 3.0937082767486572, -1.8167132139205933, 0.276070773601532, 2.7189035415649414, -2.3344876766204834, 0.23471172153949738, 2.3344876766204834, -2.677489995956421, 0.2219921499490738, 1.7890416383743286, -3.1737594604492188, 0.24219931662082672, 1.314614176750183, -3.255962371826172, 0.2885221838951111, 0.647651195526123, -3.344991445541382, 0.345347136259079, 4.09643318030766e-16, -3.265808582305908, 0.393520712852478, -0.6496096849441528, -3.030921697616577, 0.4168054461479187, -1.255448818206787, -2.807481527328491, 0.4073530435562134, -1.8758991956710815, -2.337514877319336, 0.36834946274757385, -2.337514877319336, -1.826400876045227, 0.3129413425922394, -2.7334020137786865, -1.1995360851287842, 0.25980454683303833, -2.8959362506866455, -0.6407191753387451, 0.22684942185878754, -3.2211129665374756, -5.767966674930316e-16, 0.22518384456634521, -3.139934778213501, 0.6428186297416687, 0.2553692162036896, -3.2316675186157227, 1.238976240158081, 0.30723121762275696, -2.9911532402038574, 1.86573326587677, 0.3632892370223999, -2.792267084121704, 2.330712080001831, 0.4046482741832733, -2.330712080001831, 2.6736326217651367, 0.4173678457736969, -1.7864642143249512, 3.0215587615966797, 0.39716067910194397, -1.2515705823898315, 3.1025924682617188, 0.3508377969264984, -0.617143988609314, 7.219706058502197, 0.1960928589105606, 0.0, 6.903147220611572, 0.14791929721832275, 1.3731213808059692, 5.892196178436279, 0.12463454157114029, 2.4406275749206543, 5.090662479400635, 0.1340869665145874, 3.4014718532562256, 4.561357498168945, 0.17309053242206573, 4.561357498168945, 3.737114429473877, 0.2284986674785614, 5.592987060546875, 2.468319892883301, 0.28163546323776245, 5.959051609039307, 1.3971731662750244, 0.31459057331085205, 7.024063587188721, 3.602161132920602e-16, 0.31625616550445557, 5.88277530670166, -1.2291078567504883, 0.2860707938671112, 6.179142475128174, -2.507310152053833, 0.23420877754688263, 6.053182125091553, -3.264187812805176, 0.17815075814723969, 4.885201930999756, -4.58175802230835, 0.13679172098636627, 4.58175802230835, -5.514275550842285, 0.12407214939594269, 3.684520959854126, -5.770875930786133, 0.14427931606769562, 2.3903751373291016, -7.09823751449585, 0.19060219824314117, 1.4119272232055664, -6.311511993408203, 0.24742713570594788, 7.729373108251319e-16, -6.216391086578369, 0.2956007122993469, -1.236517071723938, -6.156885147094727, 0.3188854455947876, -2.550265312194824, -5.146733283996582, 0.3094330430030823, -3.438937187194824, -4.58670711517334, 0.27042946219444275, -4.58670711517334, -3.352623462677002, 0.21502134203910828, -5.0175557136535645, -2.2540817260742188, 0.16188454627990723, -5.441834926605225, -1.325352668762207, 0.12892942130565643, -6.662998199462891, -1.140696834847643e-15, 0.1272638440132141, -6.209664344787598, 1.1785348653793335, 0.15744921565055847, -5.9248948097229, 2.365142822265625, 0.20931123197078705, -5.709959983825684, 3.560011148452759, 0.2653692364692688, -5.327933311462402, 4.257358074188232, 0.3067282736301422, -4.257358074188232, 5.660740852355957, 0.3194478452205658, -3.782386064529419, 6.32590913772583, 0.29924067854881287, -2.6202774047851562, 7.064831256866455, 0.2529177963733673, -1.4052823781967163, 8.151077270507812, 0.11478100717067719, 0.0, 8.841370582580566, 0.0977785736322403, 1.7586578130722046, 9.375409126281738, 0.08956042677164078, 3.8834218978881836, 8.89161205291748, 0.09289657324552536, 5.941184997558594, 6.222447395324707, 0.10666254162788391, 6.222447395324707, 5.979001522064209, 0.12621834874153137, 8.94820785522461, 3.1185123920440674, 0.1449725180864334, 7.528754711151123, 1.9021598100662231, 0.15660373866558075, 9.562803268432617, 4.955109918910951e-16, 0.15719158947467804, 8.092308044433594, -1.6619772911071777, 0.1465379297733307, 8.355323791503906, -3.93441104888916, 0.12823368608951569, 9.49850845336914, -5.23982572555542, 0.10844850540161133, 7.841953277587891, -7.707822322845459, 0.09385119378566742, 7.707822322845459, -9.137669563293457, 0.08936193585395813, 6.10559606552124, -8.712556838989258, 0.09649387747049332, 3.6088593006134033, -9.517854690551758, 0.11284312605857849, 1.893218994140625, -9.21488094329834, 0.1328989863395691, 1.1284974428248128e-15, -8.379239082336426, 0.14990141987800598, -1.6667343378067017, -8.630743980407715, 0.1581195741891861, -3.5749714374542236, -8.764222145080566, 0.1547834277153015, -5.8560662269592285, -6.590675354003906, 0.14101746678352356, -6.590675354003906, -5.868805408477783, 0.1214616447687149, -8.78328800201416, -3.2315564155578613, 0.10270748287439346, -7.8016676902771, -1.6306216716766357, 0.09107626229524612, -8.197689056396484, -2.0430061993276932e-15, 0.09048841148614883, -11.121607780456543, 1.7078042030334473, 0.10114207118749619, -8.585711479187012, 3.240807294845581, 0.11944631487131119, -7.824000835418701, 6.012781620025635, 0.13923150300979614, -8.998764038085938, 7.359714984893799, 0.15382879972457886, -7.359714984893799, 8.986340522766113, 0.15831807255744934, -6.004480838775635, 9.935675621032715, 0.15118612349033356, -4.11549186706543, 8.239079475402832, 0.13483686745166779, -1.6388548612594604]
            n (float, 291):  [0.0005936235538683832, 0.9999997615814209, -0.00037759661790914834, 0.04035497456789017, 0.9970574378967285, 0.06517723202705383, 0.030922645702958107, 0.9979827404022217, 0.05544557794928551, 0.04793496057391167, 0.9982718229293823, 0.03399176523089409, 0.06491776555776596, 0.9978721737861633, -0.006062931381165981, 0.07147955149412155, 0.9973466396331787, -0.013800155371427536, 0.07882861793041229, 0.9968532919883728, -0.008347664028406143, 0.06180630996823311, 0.9980832934379578, 0.003132024547085166, 0.022528164088726044, 0.9996080994606018, 0.016616128385066986, -0.023891130462288857, 0.9994003772735596, 0.025064412504434586, -0.05767626687884331, 0.9981995820999146, 0.016464658081531525, -0.07590565830469131, 0.9971002340316772, 0.005421184003353119, -0.07933124899864197, 0.9968458414077759, 0.002237869892269373, -0.05703703686594963, 0.9983087182044983, 0.011242016218602657, -0.04052183777093887, 0.9984726309776306, 0.037555139511823654, -0.023820875212550163, 0.9979674816131592, 0.05910661071538925, -0.027037639170885086, 0.9972196221351624, 0.06944014132022858, -0.03232385963201523, 0.9975066184997559, 0.06273609399795532, -0.03443700820207596, 0.9985878467559814, 0.04045158624649048, -0.022885441780090332, 0.9997381567955017, -5.1677659939741716e-05, -0.0030393279157578945, 0.9992109537124634, -0.03960024192929268, 0.023542437702417374, 0.9975780248641968, -0.065450519323349, 0.04249424859881401, 0.9962742924690247, -0.07504501938819885, 0.03134958818554878, 0.9971845149993896, -0.0681193545460701, 0.010800872929394245, 0.9987050890922546, -0.04971429333090782, -0.016688551753759384, 0.998286783695221, -0.056080110371112823, -0.04527556896209717, 0.9973914623260498, -0.056215956807136536, -0.052386827766895294, 0.9964601397514343, -0.0657476931810379, -0.03462652489542961, 0.9976093769073486, -0.059803981333971024, -0.007241666316986084, 0.9990606307983398, -0.04272446781396866, 0.017725549638271332, 0.9997930526733398, -0.009982328861951828, 0.03654921427369118, 0.9989117383956909, 0.02897486463189125, 0.041482310742139816, 0.9972964525222778, 0.06065565347671509, 0.049651067703962326, 0.9981955289840698, 0.033770013600587845, 0.02256440371274948, 0.9993718862533569, 0.027325177565217018, 0.016947897151112556, 0.9997114539146423, 0.017025863751769066, 0.030923688784241676, 0.9995193481445312, -0.002202569507062435, 0.04533146321773529, 0.9989453554153442, -0.007302178535610437, 0.04205755889415741, 0.9990720152854919, 0.00929142627865076, 0.0488179512321949, 0.998507022857666, 0.02450493723154068, 0.012730718590319157, 0.998623251914978, 0.05088796466588974, -0.023200778290629387, 0.9986992478370667, 0.04540376365184784, -0.02258467860519886, 0.9989013671875, 0.041063133627176285, -0.04065798968076706, 0.9990401864051819, 0.016299279406666756, -0.05096278339624405, 0.998698353767395, 0.002113925525918603, -0.022943930700421333, 0.9997206330299377, 0.005674219224601984, -0.015696560963988304, 0.999820351600647, 0.01063044648617506, -0.013253679499030113, 0.9991946220397949, 0.03787441924214363, -0.022157199680805206, 0.9992498755455017, 0.03176277503371239, -0.036244697868824005, 0.9988802075386047, 0.030408116057515144, -0.04893656075000763, 0.9985862970352173, 0.02075105533003807, -0.046284351497888565, 0.9989252686500549, -0.002467092126607895, -0.018359599635004997, 0.9991806745529175, -0.03606767952442169, -0.000945099804084748, 0.9988893866539001, -0.04710734263062477, 0.02337276190519333, 0.998400866985321, -0.05147168040275574, 0.019287165254354477, 0.9989612102508545, -0.041285138577222824, 0.0004067903500981629, 0.9997380971908569, -0.022885071113705635, -0.005399499088525772, 0.999721348285675, -0.02298162318766117, -0.02273409813642502, 0.9991763830184937, -0.03361176326870918, -0.031820688396692276, 0.9982777237892151, -0.04928552359342575, -0.014618431217968464, 0.998785138130188, -0.04705878347158432, 0.006786275189369917, 0.9991788864135742, -0.039944663643836975, 0.025335416197776794, 0.9994534254074097, -0.021238472312688828, 0.04348823055624962, 0.9989432692527771, 0.014869410544633865, 0.060425616800785065, 0.9975259304046631, 0.03592708334326744, 0.0678563043475151, 0.9975148439407349, 0.018963541835546494, 0.02237633243203163, 0.9996658563613892, 0.012941315770149231, 0.010868974030017853, 0.9999321699142456, 0.004184170160442591, 0.013031503185629845, 0.9999145269393921, 0.0010705541353672743, 0.0340903140604496, 0.9994176626205444, -0.001505598658695817, 0.03108097054064274, 0.9993826150894165, 0.016382040455937386, 0.04322204738855362, 0.9979901909828186, 0.046339746564626694, 0.014648143202066422, 0.9980835914611816, 0.0601206049323082, -0.032380010932683945, 0.9969861507415771, 0.0704997330904007, -0.00551989022642374, 0.9987103939056396, 0.05046713724732399, -0.028944462537765503, 0.9993965029716492, 0.019202617928385735, -0.028449079021811485, 0.9995822310447693, 0.005100172944366932, -0.011716041713953018, 0.999925434589386, 0.003434329992160201, -0.009342064149677753, 0.9999487996101379, 0.003902710508555174, -0.010523153468966484, 0.9997774958610535, 0.018281908705830574, -0.02343725971877575, 0.9994601011276245, 0.023027213290333748, -0.041575562208890915, 0.9990912079811096, 0.00940021499991417, -0.06119141727685928, 0.9980765581130981, 0.009942079894244671, -0.05217985063791275, 0.9986215233802795, -0.0056816888973116875, -0.028094250708818436, 0.9991084337234497, -0.03151172026991844, -0.009925248101353645, 0.9991358518600464, -0.04036272317171097, 0.0063436622731387615, 0.9993382692337036, -0.03581451252102852, 0.01608165353536606, 0.9992940425872803, -0.03395285829901695, -0.004733565729111433, 0.9998503923416138, -0.016635291278362274, -0.005036151967942715, 0.9999170899391174, -0.01184805016964674, -0.006063598208129406, 0.9997751116752625, -0.02032035030424595, -0.023181190714240074, 0.9986570477485657, -0.046332068741321564, -0.00042623394983820617, 0.9992771148681641, -0.03801339492201805, 0.015167362987995148, 0.9992981553077698, -0.03425120189785957, 0.028509240597486496, 0.9993073344230652, -0.02391831763088703, 0.04668370634317398, 0.9989086985588074, 0.00142154679633677, 0.07831358164548874, 0.9964647889137268, 0.03041168302297592]
            ta (float, 388):  [0.9999998807907104, -0.000593624310567975, -5.481122755668366e-08, 1.0, 0.9991820454597473, -0.0404379665851593, -4.580652603181079e-05, 1.0, 0.9995203018188477, -0.03096902184188366, -2.2727521354681812e-05, 1.0, 0.998849093914032, -0.04796325042843819, 1.6850584870553575e-05, 1.0, 0.9978905320167542, -0.06491915136575699, -3.1268726161215454e-05, 1.0, 0.9974414706230164, -0.07148723304271698, -6.443954043788835e-05, 1.0, 0.9968879222869873, -0.07883182913064957, -5.58905849175062e-05, 1.0, 0.9980881214141846, -0.061806753277778625, 4.715249815490097e-05, 1.0, 0.9997460246086121, -0.02253245748579502, 7.151293539209291e-05, 1.0, 0.9997142553329468, 0.023902375251054764, -0.00014914761413820088, 1.0, 0.9983347654342651, 0.05768638104200363, -0.00013941331417299807, 1.0, 0.9971149563789368, 0.07590697705745697, -3.673807441373356e-05, 1.0, 0.9968482851982117, 0.07933149486780167, -2.3370996132143773e-05, 1.0, 0.9983717203140259, 0.05704163759946823, -8.897023508325219e-05, 1.0, 0.9991775155067444, 0.0405518040060997, -3.613493754528463e-05, 1.0, 0.9997155070304871, 0.02385392226278782, 0.00014649399963673204, 1.0, 0.9996324777603149, 0.027108769863843918, -8.197927672881633e-05, 1.0, 0.9994751811027527, 0.032392747700214386, -8.103062282316387e-05, 1.0, 0.9994059205055237, 0.034463923424482346, 3.198966078343801e-05, 1.0, 0.9997380971908569, 0.022885438054800034, 1.0257902260946139e-07, 1.0, 0.9999954104423523, 0.003039432456716895, -5.75564154132735e-05, 1.0, 0.999721109867096, -0.02361338585615158, -0.00031049377867020667, 1.0, 0.9990888833999634, -0.04267159849405289, -0.0007607092848047614, 1.0, 0.9995042681694031, -0.031474173069000244, -0.0007561934180557728, 1.0, 0.9999414086341858, -0.010823311284184456, -0.0001821469923015684, 1.0, 0.9998599886894226, 0.016727745532989502, 0.0002295345184393227, 1.0, 0.9989691376686096, 0.045389678329229355, 0.000753816741053015, 1.0, 0.9986185431480408, 0.05254164710640907, 0.0006265657721087337, 1.0, 0.9993971586227417, 0.034715037792921066, 0.000441449141362682, 1.0, 0.999973714351654, 0.007249785587191582, 3.509999442030676e-05, 1.0, 0.9998428821563721, -0.01772674359381199, -3.113011916866526e-05, 1.0, 0.9993310570716858, -0.03657059371471405, 0.00020826626860070974, 1.0, 0.9991356730461121, -0.04156620055437088, 0.00012152429553680122, 1.0, 0.9987646341323853, -0.04969068989157677, 0.0003346367157064378, 1.0, 0.9997451901435852, -0.022574888542294502, 7.527061825385317e-05, 1.0, 0.9998563528060913, -0.016950298100709915, -3.3075996270781616e-06, 1.0, 0.9995217323303223, -0.03092377260327339, -3.551890358721721e-06, 1.0, 0.9989719390869141, -0.045333150774240494, -6.635818135691807e-05, 1.0, 0.9991151094436646, -0.04205948859453201, 1.2055693332513329e-05, 1.0, 0.9988066554069519, -0.04883793741464615, 0.00021723497775383294, 1.0, 0.9999188184738159, -0.012743585743010044, -7.164145063143224e-05, 1.0, 0.9997302293777466, 0.023226076737046242, -2.9660794098163024e-05, 1.0, 0.9997442960739136, 0.022611577063798904, -0.00019073298608418554, 1.0, 0.9991728663444519, 0.040664371103048325, -6.016098996042274e-05, 1.0, 0.9987005591392517, 0.0509629063308239, -4.0284830902237445e-06, 1.0, 0.9997368454933167, 0.022944344207644463, -7.370496405201266e-06, 1.0, 0.9998767971992493, 0.015697453171014786, -6.029246151229017e-07, 1.0, 0.9999120831489563, 0.013260655105113983, 6.705087434966117e-05, 1.0, 0.9997542500495911, 0.022166531533002853, 5.8260775404050946e-05, 1.0, 0.9993422627449036, 0.03626363351941109, -7.124950207071379e-05, 1.0, 0.9988012313842773, 0.04894987493753433, -0.00013379845768213272, 1.0, 0.9989283084869385, 0.04628448560833931, -2.3632319425814785e-06, 1.0, 0.9998311996459961, 0.018372859805822372, 3.6175973946228623e-05, 1.0, 0.9999995231628418, 0.0009401451097801328, -0.0001273389789275825, 1.0, 0.9997261762619019, -0.023399773985147476, 7.783885666867718e-05, 1.0, 0.9998137354850769, -0.019299916923046112, 8.968239126261324e-05, 1.0, 0.9999998807907104, -0.00040969549445435405, -0.0001222903811139986, 1.0, 0.9999854564666748, 0.005400249268859625, -2.9420316423056647e-05, 1.0, 0.99974125623703, 0.022749967873096466, 8.970051567303017e-05, 1.0, 0.9994922280311584, 0.03186185657978058, 4.9658694479148835e-05, 1.0, 0.9998929500579834, 0.01462826132774353, -0.00013546213449444622, 1.0, 0.9999770522117615, -0.0067867618054151535, 0.0001234478986589238, 1.0, 0.999678909778595, -0.025339605286717415, 7.183963316492736e-05, 1.0, 0.9990537166595459, -0.04349289461970329, -9.899777069222182e-06, 1.0, 0.9981696605682373, -0.06047491356730461, 0.000286004418740049, 1.0, 0.9976942539215088, -0.06786975264549255, 6.561700138263404e-05, 1.0, 0.9997496008872986, -0.022377166897058487, -8.057283412199467e-05, 1.0, 0.9999409914016724, -0.010869055986404419, -3.541619207680924e-06, 1.0, 0.9999150037765503, -0.013031505048274994, -4.642467047233367e-06, 1.0, 0.9994186758995056, -0.03409034386277199, 2.900604158639908e-06, 1.0, 0.9995167851448059, -0.031082844361662865, -0.0001402277557644993, 1.0, 0.9990633726119995, -0.04327092319726944, 5.174632678972557e-05, 1.0, 0.9998922348022461, -0.014676788821816444, 3.49262154486496e-05, 1.0, 0.9994730949401855, 0.032458145171403885, 3.725651913555339e-05, 1.0, 0.9999847412109375, 0.005516324657946825, 0.00020993713405914605, 1.0, 0.9995809197425842, 0.028945565223693848, 0.00022040496696718037, 1.0, 0.9995952844619751, 0.028449347242712975, 2.000694439630024e-05, 1.0, 0.9999313354492188, 0.01171606220304966, 1.3798157851852011e-05, 1.0, 0.9999563694000244, 0.009342110715806484, 6.218315320438705e-06, 1.0, 0.9999446272850037, 0.010525594465434551, -3.731216929736547e-05, 1.0, 0.9997251629829407, 0.02344655431807041, -0.0001336707646260038, 1.0, 0.9991352558135986, 0.04157690703868866, 5.2247345593059435e-05, 1.0, 0.9981258511543274, 0.061194274574518204, 1.6283709555864334e-05, 1.0, 0.9986376762390137, 0.0521807037293911, 1.2019872883684002e-06, 1.0, 0.9996049404144287, 0.02810697630047798, -3.912027750629932e-05, 1.0, 0.999950647354126, 0.009935582987964153, 5.5486565543105826e-05, 1.0, 0.9999798536300659, -0.0063388776034116745, 0.00024711788864806294, 1.0, 0.9998704791069031, -0.016090085729956627, 2.4846047381288372e-05, 1.0, 0.999988853931427, 0.004734213463962078, -4.992420485905313e-07, 1.0, 0.9999873638153076, 0.005036278162151575, -1.9206998331355862e-05, 1.0, 0.9999815821647644, 0.006062421947717667, -0.00011947146413149312, 1.0, 0.9997307658195496, 0.023203045129776, -6.611979188164696e-05, 1.0, 0.9999999403953552, 0.00042265691445209086, -0.00010213090718025342, 1.0, 0.999884843826294, -0.015180012211203575, -0.0001092563834390603, 1.0, 0.9995932579040527, -0.02851954661309719, -8.965881715994328e-05, 1.0, 0.9989097714424133, -0.04668375477194786, -2.9279226509970613e-06, 1.0, 0.9969255328178406, -0.07835377007722855, 0.00013011731789447367, 1.0]
            u0 (float, 194):  [0.5, 0.5, 0.65018230676651, 0.5, 0.6566310524940491, 0.46884411573410034, 0.6383766531944275, 0.44268250465393066, 0.6316925287246704, 0.41200584173202515, 0.6176844835281372, 0.3823155164718628, 0.5858305096626282, 0.37154561281204224, 0.5636742115020752, 0.34627681970596313, 0.5313131213188171, 0.3425782322883606, 0.5, 0.3351808786392212, 0.47077858448028564, 0.35309404134750366, 0.4379139542579651, 0.3501110076904297, 0.4119809567928314, 0.3682701587677002, 0.38689497113227844, 0.38689500093460083, 0.37027665972709656, 0.4133216142654419, 0.3462325930595398, 0.436307430267334, 0.34224987030029297, 0.46862155199050903, 0.3379364609718323, 0.5, 0.3417728543281555, 0.5314733386039734, 0.3531530201435089, 0.5608260035514832, 0.36397862434387207, 0.5908865928649902, 0.3867483139038086, 0.6132516860961914, 0.4115115702152252, 0.6324322819709778, 0.4418829381465912, 0.6403069794178009, 0.46895739436149597, 0.6560616791248322, 0.5, 0.6521286368370056, 0.5311443209648132, 0.6565730273723602, 0.5600278973579407, 0.6449202299118042, 0.5903940796852112, 0.6352842450141907, 0.6129220724105835, 0.6129221022129059, 0.6295364499092102, 0.5865534842014313, 0.646393358707428, 0.5606380999088287, 0.6503193974494934, 0.5299004018306732, 0.849791944026947, 0.5, 0.8344548344612122, 0.43347281217575073, 0.7854745984077454, 0.38175255060195923, 0.7466406226158142, 0.3352000117301941, 0.7209960222244263, 0.27900397777557373, 0.6810617446899414, 0.22902196645736694, 0.6195891499519348, 0.2112862467765808, 0.5676925182342529, 0.1596868634223938, 0.5, 0.2149817943572998, 0.44045019149780273, 0.20062297582626343, 0.37852180004119873, 0.20672565698623657, 0.3418513834476471, 0.26331382989883423, 0.2780156135559082, 0.2780156135559082, 0.23283548653125763, 0.32148635387420654, 0.2204032987356186, 0.3841872811317444, 0.15609315037727356, 0.4315927028656006, 0.19420969486236572, 0.5, 0.19881826639175415, 0.5599087774753571, 0.2017012983560562, 0.6235593557357788, 0.2506427764892578, 0.6666151583194733, 0.2777757942676544, 0.7222242057323456, 0.33756670355796814, 0.7430986166000366, 0.3907906115055084, 0.7636547982692719, 0.435787171125412, 0.8228196799755096, 0.5, 0.8008558303117752, 0.5570995807647705, 0.7870588600635529, 0.6145902276039124, 0.7766453474760056, 0.6724811792373657, 0.7581363022327423, 0.7062673568725586, 0.7062673270702362, 0.7742606997489929, 0.683255136013031, 0.8064878582954407, 0.6269514262676239, 0.8422883152961731, 0.5680853724479675, 0.8949165344238281, 0.5, 0.9283609390258789, 0.4147937297821045, 0.9542349576950073, 0.3118497133255005, 0.9307951331138611, 0.2121518850326538, 0.8014751672744751, 0.1985248327255249, 0.7896803021430969, 0.06646275520324707, 0.6510907411575317, 0.13523471355438232, 0.5921589136123657, 0.03668588399887085, 0.5, 0.10793077945709229, 0.4194778501987457, 0.09518778324127197, 0.30937930941581726, 0.039800941944122314, 0.2461324781179428, 0.12006038427352905, 0.12655900418758392, 0.12655901908874512, 0.0572834275662899, 0.20418626070022583, 0.07787999510765076, 0.3251521587371826, 0.03886362165212631, 0.4082742929458618, 0.05354258045554161, 0.5, 0.09402911365032196, 0.5807526409626007, 0.0818437859416008, 0.6732059717178345, 0.07537682354450226, 0.7837241291999817, 0.18068434298038483, 0.8193156570196152, 0.21565864980220795, 0.925546906888485, 0.34343233704566956, 0.877987764775753, 0.4209970235824585, 0.8971748501062393, 0.5, 1.0388375706970692, 0.58274245262146, 0.915974386036396, 0.657015860080719, 0.8790698125958443, 0.7913169264793396, 0.935986615717411, 0.8565753102302551, 0.8565753400325775, 0.9353847503662109, 0.79091477394104, 0.9813796281814575, 0.6993939876556396, 0.8991802334785461, 0.5794018805027008]
            tri (int, 480):  [0, 2, 1, 0, 3, 2, 0, 4, 3, 0, 5, 4, 0, 6, 5, 0, 7, 6, 0, 8, 7, 0, 9, 8, 0, 10, 9, 0, 11, 10, 0, 12, 11, 0, 13, 12, 0, 14, 13, 0, 15, 14, 0, 16, 15, 0, 17, 16, 0, 18, 17, 0, 19, 18, 0, 20, 19, 0, 21, 20, 0, 22, 21, 0, 23, 22, 0, 24, 23, 0, 25, 24, 0, 26, 25, 0, 27, 26, 0, 28, 27, 0, 29, 28, 0, 30, 29, 0, 31, 30, 0, 32, 31, 0, 1, 32, 1, 34, 33, 1, 2, 34, 2, 35, 34, 2, 3, 35, 3, 36, 35, 3, 4, 36, 4, 37, 36, 4, 5, 37, 5, 38, 37, 5, 6, 38, 6, 39, 38, 6, 7, 39, 7, 40, 39, 7, 8, 40, 8, 41, 40, 8, 9, 41, 9, 42, 41, 9, 10, 42, 10, 43, 42, 10, 11, 43, 11, 44, 43, 11, 12, 44, 12, 45, 44, 12, 13, 45, 13, 46, 45, 13, 14, 46, 14, 47, 46, 14, 15, 47, 15, 48, 47, 15, 16, 48, 16, 49, 48, 16, 17, 49, 17, 50, 49, 17, 18, 50, 18, 51, 50, 18, 19, 51, 19, 52, 51, 19, 20, 52, 20, 53, 52, 20, 21, 53, 21, 54, 53, 21, 22, 54, 22, 55, 54, 22, 23, 55, 23, 56, 55, 23, 24, 56, 24, 57, 56, 24, 25, 57, 25, 58, 57, 25, 26, 58, 26, 59, 58, 26, 27, 59, 27, 60, 59, 27, 28, 60, 28, 61, 60, 28, 29, 61, 29, 62, 61, 29, 30, 62, 30, 63, 62, 30, 31, 63, 31, 64, 63, 31, 32, 64, 32, 33, 64, 33, 32, 1, 33, 66, 65, 33, 34, 66, 34, 67, 66, 34, 35, 67, 35, 68, 67, 35, 36, 68, 36, 69, 68, 36, 37, 69, 37, 70, 69, 37, 38, 70, 38, 71, 70, 38, 39, 71, 39, 72, 71, 39, 40, 72, 40, 73, 72, 40, 41, 73, 41, 74, 73, 41, 42, 74, 42, 75, 74, 42, 43, 75, 43, 76, 75, 43, 44, 76, 44, 77, 76, 44, 45, 77, 45, 78, 77, 45, 46, 78, 46, 79, 78, 46, 47, 79, 47, 80, 79, 47, 48, 80, 48, 81, 80, 48, 49, 81, 49, 82, 81, 49, 50, 82, 50, 83, 82, 50, 51, 83, 51, 84, 83, 51, 52, 84, 52, 85, 84, 52, 53, 85, 53, 86, 85, 53, 54, 86, 54, 87, 86, 54, 55, 87, 55, 88, 87, 55, 56, 88, 56, 89, 88, 56, 57, 89, 57, 90, 89, 57, 58, 90, 58, 91, 90, 58, 59, 91, 59, 92, 91, 59, 60, 92, 60, 93, 92, 60, 61, 93, 61, 94, 93, 61, 62, 94, 62, 95, 94, 62, 63, 95, 63, 96, 95, 63, 64, 96, 64, 65, 96, 65, 64, 33]
            boundingsphere (float, 4):  [0.20891046524047852, 0.27508097887039185, -0.7794022560119629, 11.610179150315368]
            aabb:
                min (float, 3):  [-9.517854690551758, 0.08936193585395813, -11.121607780456543]
                max (float, 3):  [9.935675621032715, 0.4607999920845032, 9.562803268432617]
            material:
                shader (str, 1):  ['PdxMeshAdvanced']
                diff (str, 1):  ['air_winter_desert_arid_plateau_phase_6_diff.dds']
                spec (str, 1):  ['air_winter_desert_arid_plateau_spec.dds']
                n (str, 1):  ['air_winter_desert_arid_plateau_n.dds']
locator:
