pdxasset (int, 2):  [1, 0]
object:
    air_winter_tropical_coast_monsoon_phase_3:
        mesh:
            p (float, 291):  [0.0, 0.37439998984336853, 0.0, 3.2007203102111816, 0.22185055911540985, 0.0, 3.2435505390167236, 0.2671028971672058, 0.6451823115348816, 2.8525009155273438, 0.3098735213279724, 1.181544542312622, 2.858064651489258, 0.33574607968330383, 1.9096977710723877, 2.3897860050201416, 0.3359999656677246, 2.3897860050201416, 1.912921667098999, 0.31054961681365967, 2.862889528274536, 1.21656334400177, 0.2679733335971832, 2.9370439052581787, 0.6157253980636597, 0.22262191772460938, 3.0954606533050537, 1.9007333309602794e-16, 0.1897815614938736, 3.104133129119873, -0.6153271198272705, 0.1805214285850525, 3.093458414077759, -1.1837024688720703, 0.19796279072761536, 2.857710599899292, -1.8516275882720947, 0.23622681200504303, 2.7711565494537354, -2.273892879486084, 0.2824162244796753, 2.273892879486084, -2.808121681213379, 0.3209623396396637, 1.8763269186019897, -3.1020102500915527, 0.33887284994125366, 1.2848947048187256, -3.148224115371704, 0.3301107585430145, 0.626220703125, -3.1443676948547363, 0.2976294457912445, 3.8507398919513216e-16, -3.1476430892944336, 0.25237709283828735, -0.6261051297187805, -2.8597371578216553, 0.20960648357868195, -1.184541940689087, -2.7581965923309326, 0.18373392522335052, -1.8429681062698364, -2.229240655899048, 0.18348002433776855, -2.229240655899048, -1.7433133125305176, 0.2089303731918335, -2.6090526580810547, -1.3024448156356812, 0.25150665640830994, -3.1443798542022705, -0.6323646306991577, 0.2968580722808838, -3.1791117191314697, -6.290065078123658e-16, 0.32969844341278076, -3.42415189743042, 0.6704155206680298, 0.3389585614204407, -3.3704066276550293, 1.2716073989868164, 0.3215172290802002, -3.069931983947754, 1.763458490371704, 0.28325319290161133, -2.639202117919922, 2.218557119369507, 0.23706379532814026, -2.218557119369507, 2.638266086578369, 0.19851765036582947, -1.7628329992294312, 3.0940349102020264, 0.1806071698665619, -1.2815911769866943, 3.2054412364959717, 0.18936924636363983, -0.637601912021637, 6.237753868103027, 0.14229056239128113, 0.0, 5.722836494445801, 0.18754291534423828, 1.1383429765701294, 5.833487033843994, 0.2303135097026825, 2.416309356689453, 5.299762725830078, 0.2561860680580139, 3.5411884784698486, 4.178635597229004, 0.2564399838447571, 4.178635597229004, 3.426884651184082, 0.23098962008953094, 5.128695487976074, 2.385739803314209, 0.1884133368730545, 5.759685516357422, 1.2500091791152954, 0.14306192100048065, 6.284220218658447, 3.99188734469941e-16, 0.11022155731916428, 6.519246578216553, -1.2919379472732544, 0.10096143186092377, 6.495010852813721, -2.6902658939361572, 0.11840278655290604, 6.494876384735107, -3.463139295578003, 0.1566668152809143, 5.18295431137085, -4.20459508895874, 0.20285621285438538, 4.20459508895874, -5.192785263061523, 0.24140234291553497, 3.469708204269409, -5.654278755187988, 0.25931283831596375, 2.342078924179077, -6.509099006652832, 0.2505507469177246, 1.2947403192520142, -6.493886470794678, 0.2180694341659546, 7.952717167596557e-16, -6.15051794052124, 0.17281708121299744, -1.2234140634536743, -5.493420124053955, 0.13004648685455322, -2.27544903755188, -5.727594375610352, 0.1041739210486412, -3.8270561695098877, -4.7419023513793945, 0.10392002761363983, -4.7419023513793945, -3.725081443786621, 0.12937037646770477, -5.574978351593018, -2.609691858291626, 0.1719466596841812, -6.300353527069092, -1.3729875087738037, 0.21729807555675507, -6.9024739265441895, -1.0765205365659736e-15, 0.25013843178749084, -5.860304832458496, 1.1863479614257812, 0.25939857959747314, -5.964173793792725, 2.4826040267944336, 0.24195721745491028, -5.993535995483398, 3.787099599838257, 0.2036931961774826, -5.667795181274414, 4.6202497482299805, 0.15750378370285034, -4.6202497482299805, 5.433904647827148, 0.11895765364170074, -3.6308188438415527, 5.775353908538818, 0.10104716569185257, -2.3922300338745117, 6.041671276092529, 0.10980924963951111, -1.2017631530761719, 10.784721374511719, 0.08724725991487503, 0.0, 10.915696144104004, 0.103218674659729, 2.171267032623291, 8.868410110473633, 0.11831418424844742, 3.6734156608581543, 7.896336555480957, 0.12744566798210144, 5.276163578033447, 5.9558515548706055, 0.12753528356552124, 5.9558515548706055, 5.511617183685303, 0.1185528039932251, 8.24871826171875, 3.3243045806884766, 0.10352588444948196, 8.025581359863281, 1.9504581689834595, 0.08751950412988663, 9.805615425109863, 5.448620430738868e-16, 0.07592878490686417, 8.898272514343262, -1.8526415824890137, 0.07266050577163696, 9.313858032226562, -4.116556644439697, 0.07881627976894379, 9.938246726989746, -5.002157688140869, 0.09232122451066971, 7.486258506774902, -6.86642599105835, 0.10862337052822113, 6.86642599105835, -7.504368782043457, 0.12222788482904434, 5.014258861541748, -8.827067375183105, 0.1285492330789566, 3.6562910079956055, -10.556755065917969, 0.12545673549175262, 2.0998692512512207, -9.576007843017578, 0.11399274319410324, 1.1727227270668544e-15, -10.859179496765137, 0.09802132844924927, -2.160025119781494, -8.59957504272461, 0.08292581886053085, -3.562060594558716, -7.8611159324646, 0.07379432767629623, -5.25262975692749, -7.112995147705078, 0.07370471954345703, -7.112995147705078, -5.335407257080078, 0.08268719166517258, -7.985001564025879, -3.882215976715088, 0.09771411865949631, -9.372498512268066, -1.743429183959961, 0.11372049897909164, -8.764810562133789, -1.4804132685084914e-15, 0.1253112107515335, -8.05899429321289, 1.8249977827072144, 0.1285794973373413, -9.174883842468262, 3.1456339359283447, 0.12242372334003448, -7.594232082366943, 4.89019250869751, 0.10891877114772797, -7.318689823150635, 7.007525444030762, 0.09261663258075714, -7.007525444030762, 8.483389854431152, 0.07901211082935333, -5.66841983795166, 10.068866729736328, 0.07269076257944107, -4.170661449432373, 9.970030784606934, 0.07578326761722565, -1.9831624031066895]
            n (float, 291):  [-0.00025356822879984975, 0.9999999403953552, 0.0003056421992368996, 0.03794889152050018, 0.9979695677757263, -0.05115330591797829, 0.04049620032310486, 0.9979669451713562, -0.04921475052833557, 0.04004603251814842, 0.9985144138336182, -0.03694884479045868, 0.02580203115940094, 0.9996630549430847, -0.0028280571568757296, 0.00236963527277112, 0.999653697013855, 0.02620885893702507, -0.022778470069169998, 0.9987843632698059, 0.0437144972383976, -0.045950327068567276, 0.997637927532196, 0.05105933919548988, -0.04432643949985504, 0.9980021715164185, 0.04502011090517044, -0.02746598981320858, 0.9987462162971497, 0.041853707283735275, -0.0013527246192097664, 0.9991641044616699, 0.040855832397937775, 0.022107167169451714, 0.998315155506134, 0.053647544234991074, 0.024761637672781944, 0.9981998205184937, 0.05462677776813507, 0.01985676772892475, 0.9979923367500305, 0.06014208495616913, 0.0030247068498283625, 0.9990203380584717, 0.044150661677122116, -0.015304540283977985, 0.9997966289520264, 0.013132242485880852, -0.023363150656223297, 0.9994526505470276, -0.023421933874487877, -0.023972515016794205, 0.9983247518539429, -0.05265909805893898, -0.01841982640326023, 0.9976584911346436, -0.06586527079343796, -0.022665930911898613, 0.9982426166534424, -0.054753001779317856, -0.023581599816679955, 0.9992619156837463, -0.030325863510370255, -0.03783194348216057, 0.9990400075912476, -0.02208634465932846, -0.0639527440071106, 0.9979450106620789, -0.003980565350502729, -0.06234556809067726, 0.9980478286743164, -0.0037093996070325375, -0.05103326961398125, 0.9986053109169006, -0.013529040850698948, -0.024053825065493584, 0.9994840025901794, -0.021287214010953903, 0.006894856691360474, 0.9997925162315369, -0.019167380407452583, 0.03997879475355148, 0.9991874694824219, -0.005104662384837866, 0.06191285327076912, 0.9980202317237854, 0.011065476574003696, 0.0637034997344017, 0.9978333711624146, 0.016444146633148193, 0.051824986934661865, 0.9986459612846375, 0.004530848935246468, 0.03903411328792572, 0.9991850256919861, -0.01027475856244564, 0.03645799681544304, 0.9988542199134827, -0.031002014875411987, 0.018775982782244682, 0.9994854927062988, -0.026003483682870865, 0.030222466215491295, 0.9991427659988403, -0.028289781883358955, 0.034545376896858215, 0.9993513822555542, -0.010169106535613537, 0.028937991708517075, 0.9994156956672668, 0.01818929798901081, 0.017720654606819153, 0.9993154406547546, 0.03247515857219696, -7.471027402061736e-06, 0.9993154406547546, 0.0369962714612484, -0.02012525498867035, 0.9990664720535278, 0.038224440068006516, -0.02069144882261753, 0.9994425177574158, 0.026200007647275925, -0.015004570595920086, 0.9997009634971619, 0.019307348877191544, 0.0030451947823166847, 0.9998181462287903, 0.018824683502316475, 0.006561592221260071, 0.9997753500938416, 0.020155705511569977, 0.009157837368547916, 0.9993618130683899, 0.034526050090789795, 0.003657789435237646, 0.9990403056144714, 0.04364551976323128, -0.015404466539621353, 0.999261736869812, 0.03519648686051369, -0.025078197941184044, 0.9994726777076721, 0.020628124475479126, -0.02950090728700161, 0.999549150466919, -0.005581552162766457, -0.025895314291119576, 0.999251663684845, -0.028731174767017365, -0.014431658200919628, 0.9991838335990906, -0.03772970288991928, -0.011177532374858856, 0.9993956089019775, -0.032916195690631866, -0.010893717408180237, 0.9998593926429749, -0.012750746682286263, -0.017863839864730835, 0.9998156428337097, -0.007040539290755987, -0.03218860551714897, 0.9994788765907288, -0.002420024946331978, -0.03694284334778786, 0.9992589354515076, -0.010802492499351501, -0.011513592675328255, 0.9993097186088562, -0.03532082960009575, -0.014308304525911808, 0.9992104172706604, -0.03706466034054756, 0.004079989157617092, 0.9993082284927368, -0.03696637973189354, 0.03291139006614685, 0.9990102648735046, -0.029922032728791237, 0.0361500009894371, 0.999190092086792, -0.01767345331609249, 0.036902423948049545, 0.9993074536323547, 0.004775942303240299, 0.025255443528294563, 0.9996634721755981, 0.005927657708525658, 0.018242182210087776, 0.9998309016227722, -0.002331991447135806, 0.015656979754567146, 0.999714732170105, -0.018034450709819794, 0.01308851782232523, 0.9997758865356445, -0.016635436564683914, 0.019459301605820656, 0.9997438788414001, -0.011554362252354622, 0.030235785990953445, 0.9995419979095459, 0.0012365450384095311, 0.03161880746483803, 0.9992315769195557, 0.023161286488175392, 0.02721141092479229, 0.999022364616394, 0.034839142113924026, 0.009153271093964577, 0.9993849992752075, 0.03384936600923538, -0.0069885835982859135, 0.9993948936462402, 0.034072767943143845, -0.009992942214012146, 0.9997328519821167, 0.02084517665207386, -0.01043988298624754, 0.9998375773429871, 0.014691302552819252, 0.004683346021920443, 0.9999051690101624, 0.012951081618666649, 0.0028028718661516905, 0.9998898506164551, 0.014574455097317696, -0.0011551919160410762, 0.9997062087059021, 0.02421196736395359, -0.007037623785436153, 0.9994452595710754, 0.03255194425582886, -0.02302617020905018, 0.9992599487304688, 0.0308113731443882, -0.028821272775530815, 0.9992369413375854, 0.026361778378486633, -0.031614191830158234, 0.9995001554489136, 0.00017779949121177197, -0.027951905503869057, 0.9994562864303589, -0.017488496378064156, -0.014473515562713146, 0.999669075012207, -0.02126629464328289, -0.007418842986226082, 0.9996975064277649, -0.023448646068572998, -0.008643219247460365, 0.9999269247055054, -0.008457382209599018, -0.011800366453826427, 0.9999193549156189, -0.004696856718510389, -0.021571412682533264, 0.9997519850730896, -0.005530150141566992, -0.023941146209836006, 0.9995697736740112, -0.016943253576755524, -0.006267717573791742, 0.9992168545722961, -0.03906950354576111, -0.0039787511341273785, 0.9985442161560059, -0.053792741149663925, 0.006074411328881979, 0.998911440372467, -0.04625000059604645, 0.03089701384305954, 0.9984343647956848, -0.04662896692752838, 0.027755700051784515, 0.9992179870605469, -0.028162257745862007, 0.023507919162511826, 0.9997142553329468, -0.004330209922045469, 0.01470340508967638, 0.9998903274536133, 0.0017816359177231789, 0.008300887420773506, 0.9999650120735168, -0.001049218699336052, 0.007667193654924631, 0.999919056892395, -0.010148698464035988]
            ta (float, 388):  [0.9999999403953552, 0.00025356828700751066, -2.3946576277467102e-08, 1.0, 0.9992777705192566, -0.03800163418054581, -5.8511282986728474e-05, 1.0, 0.9991773366928101, -0.040555134415626526, -0.00019908128888346255, 1.0, 0.9991967082023621, -0.040074191987514496, -2.1542567992582917e-05, 1.0, 0.9996670484542847, -0.025802144780755043, -4.400001216708915e-06, 1.0, 0.9999971985816956, -0.002370186150074005, -1.0046946044894867e-05, 1.0, 0.9997397065162659, 0.022813092917203903, -0.0002932277857325971, 1.0, 0.9989393353462219, 0.046040937304496765, -0.0005992077640257776, 1.0, 0.999014139175415, 0.044391531497240067, -0.00044664525194093585, 1.0, 0.9996218681335449, 0.02749859355390072, -0.00020332873100414872, 1.0, 0.9999991059303284, 0.0013532348675653338, 1.517225246061571e-05, 1.0, 0.9997545480728149, -0.022152449935674667, 0.00024947425117716193, 1.0, 0.999691367149353, -0.024834563955664635, 0.0006565561634488404, 1.0, 0.9998016357421875, -0.019915057346224785, 0.0003699085209518671, 1.0, 0.9999953508377075, -0.003033862914890051, 0.00014038053632248193, 1.0, 0.9998828172683716, 0.01530629675835371, -3.327211015857756e-05, 1.0, 0.9997268915176392, 0.02336994931101799, 1.6446278095827438e-05, 1.0, 0.9997118711471558, 0.023999987170100212, -0.00011063050624215975, 1.0, 0.999829888343811, 0.01844026707112789, -0.000297621707431972, 1.0, 0.9997425675392151, 0.02268974296748638, -0.0001868129038484767, 1.0, 0.9997217655181885, 0.02359153889119625, -3.0168162993504666e-05, 1.0, 0.9992837309837341, 0.03784222528338432, 4.758892100653611e-05, 1.0, 0.997952938079834, 0.06395336985588074, 2.912684067268856e-05, 1.0, 0.998054563999176, 0.062346115708351135, 3.5013134038308635e-05, 1.0, 0.9986966848373413, 0.05103936046361923, 0.0001053143132594414, 1.0, 0.9997103214263916, 0.024065036326646805, 0.00027059862622991204, 1.0, 0.9999762773513794, -0.0068981219083070755, -0.00010428495443193242, 1.0, 0.9992004036903381, -0.03997962921857834, -6.0526133893290535e-05, 1.0, 0.9980812072753906, -0.0619175061583519, 7.826102955732495e-05, 1.0, 0.9979681372642517, -0.06371428817510605, 0.00013301138824317604, 1.0, 0.998656153678894, -0.05182557553052902, 1.4657122846983839e-05, 1.0, 0.9992378354072571, -0.039036184549331665, -6.006202397657034e-07, 1.0, 0.9993346333503723, -0.03647406026721001, 4.756039925268851e-05, 1.0, 0.9998236298561096, -0.01878218539059162, 5.780007086286787e-06, 1.0, 0.9995427131652832, -0.030236955732107162, -8.442193939117715e-05, 1.0, 0.9994030594825745, -0.03454820066690445, -0.00010218703391728923, 1.0, 0.999580979347229, -0.028943747282028198, 5.3176139772403985e-05, 1.0, 0.9998428225517273, -0.017729468643665314, -1.6459065591334365e-05, 1.0, 1.0, 3.0430207971221535e-06, 0.00011975128290941939, 1.0, 0.9997971653938293, 0.02014131285250187, -3.497522993711755e-05, 1.0, 0.999785840511322, 0.02069775015115738, 3.080999886151403e-05, 1.0, 0.9998874068260193, 0.015007511712610722, -7.357429240073543e-06, 1.0, 0.9999953508377075, -0.0030459135305136442, 9.50147023104364e-06, 1.0, 0.9999784231185913, -0.006562672555446625, -1.2502371646405663e-05, 1.0, 0.9999580979347229, -0.009164071641862392, 2.229360688943416e-05, 1.0, 0.9999932646751404, -0.00366042647510767, -1.9501261704135686e-05, 1.0, 0.9998811483383179, 0.015414044260978699, -8.245364142567269e-07, 1.0, 0.9996852874755859, 0.025083808228373528, -1.3450511687551625e-05, 1.0, 0.9995647668838501, 0.029501376673579216, 2.1161547465453623e-06, 1.0, 0.9996643662452698, 0.02590961381793022, 0.000125367398140952, 1.0, 0.9998957514762878, 0.014444459229707718, 6.667551497230306e-05, 1.0, 0.9999375343322754, 0.01118311658501625, -1.4461782484431751e-05, 1.0, 0.9999407529830933, 0.010894641280174255, 2.869908030334045e-06, 1.0, 0.9998404383659363, 0.017864275723695755, -8.208953090615978e-07, 1.0, 0.9994819164276123, 0.032188721001148224, 5.78922208660515e-06, 1.0, 0.9993173480033875, 0.03694503754377365, 4.069534497830318e-06, 1.0, 0.9999334216117859, 0.011531179770827293, 0.00029435480246320367, 1.0, 0.9998975396156311, 0.014309868216514587, -0.00022311725479084998, 1.0, 0.9999916553497314, -0.004080832935869694, 5.262323611532338e-05, 1.0, 0.9994580745697021, -0.032919615507125854, 0.00021791114704683423, 1.0, 0.9993460178375244, -0.036158569157123566, -0.00016548555868212134, 1.0, 0.9993188381195068, -0.036902956664562225, 2.2838225049781613e-05, 1.0, 0.9996809959411621, -0.025255978107452393, 1.576354588905815e-05, 1.0, 0.9998335242271423, -0.018242234364151955, -2.5658107460913016e-06, 1.0, 0.9998773336410522, -0.015659213066101074, 1.737124694045633e-05, 1.0, 0.9999143481254578, -0.013090059161186218, 1.6396930732298642e-05, 1.0, 0.9998106956481934, -0.019459886476397514, 6.208619015524164e-05, 1.0, 0.999542772769928, -0.03023580089211464, -7.597796411573654e-06, 1.0, 0.9994997978210449, -0.0316256582736969, -7.071269646985456e-05, 1.0, 0.9996291995048523, -0.02722809836268425, 4.508896381594241e-06, 1.0, 0.9999580383300781, -0.009161206893622875, 7.932545122457668e-05, 1.0, 0.9999755620956421, 0.006990834139287472, 5.3087474952917546e-05, 1.0, 0.9999500513076782, 0.009992662817239761, 0.00011756462481571361, 1.0, 0.9999454617500305, 0.010440822690725327, 1.2705475455732085e-05, 1.0, 0.9999890327453613, -0.004683846142143011, 8.305492883664556e-06, 1.0, 0.9999960660934448, -0.0028026143554598093, -3.806335007539019e-05, 1.0, 0.9999994039535522, 0.0011563989100977778, -3.585122249205597e-05, 1.0, 0.9999750852584839, 0.007046199403703213, -0.00014875263150315732, 1.0, 0.99973464012146, 0.02303764782845974, -1.7510212273919024e-05, 1.0, 0.9995843768119812, 0.02883034572005272, 3.595256566768512e-05, 1.0, 0.9995000958442688, 0.031614191830158234, 2.605252120702062e-07, 1.0, 0.9996092319488525, 0.027955850586295128, -1.893856460810639e-05, 1.0, 0.9998952150344849, 0.014476364478468895, -2.0023971956106834e-05, 1.0, 0.999972403049469, 0.007421434391289949, 2.346085420867894e-05, 1.0, 0.9999626278877258, 0.00864352285861969, -5.981870003779477e-07, 1.0, 0.9999303817749023, 0.011800418607890606, -1.6397030776715837e-05, 1.0, 0.9997672438621521, 0.021571680903434753, -1.1390313375159167e-05, 1.0, 0.9997133612632751, 0.023941723629832268, -0.00016894775035325438, 1.0, 0.9999803304672241, 0.006270486395806074, -5.1681137847481295e-05, 1.0, 0.9999920725822449, 0.003987143747508526, 4.868504038313404e-05, 1.0, 0.9999815225601196, -0.006084581837058067, -7.914221350802109e-05, 1.0, 0.9995214343070984, -0.03093157894909382, -1.9773393432842568e-05, 1.0, 0.9996145367622375, -0.027761485427618027, 0.00018570163229014724, 1.0, 0.9997237324714661, -0.023507971316576004, 3.954757266910747e-05, 1.0, 0.9998919367790222, -0.014703412540256977, -9.326992767455522e-06, 1.0, 0.999965488910675, -0.00830088835209608, 2.504852318452322e-06, 1.0, 0.9999706149101257, -0.0076676649041473866, -7.485356036340818e-06, 1.0]
            u0 (float, 194):  [0.5, 0.5, 0.6550736427307129, 0.5, 0.6571487784385681, 0.46874117851257324, 0.6382025480270386, 0.4427546262741089, 0.6384721398353577, 0.40747588872909546, 0.615784227848053, 0.384215772151947, 0.5926803350448608, 0.36129409074783325, 0.5589420199394226, 0.3577013611793518, 0.5298316478729248, 0.35002613067626953, 0.5, 0.3496059775352478, 0.47018763422966003, 0.35012316703796387, 0.44265007972717285, 0.36154502630233765, 0.41028934717178345, 0.36573851108551025, 0.3898307681083679, 0.3898307681083679, 0.3639476001262665, 0.40909266471862793, 0.34970879554748535, 0.43774735927581787, 0.3474697768688202, 0.46965986490249634, 0.34765660762786865, 0.5, 0.3474979102611542, 0.5303345620632172, 0.3614468574523926, 0.5573906004428864, 0.366366446018219, 0.5892910957336426, 0.3919941484928131, 0.6080058515071869, 0.41553714871406555, 0.6264075934886932, 0.43689706921577454, 0.6523439884185791, 0.46936216950416565, 0.6540267169475555, 0.5, 0.6658988296985626, 0.5324813723564148, 0.6632948815822601, 0.5616089105606079, 0.6487370133399963, 0.5854389071464539, 0.6278683245182037, 0.607488214969635, 0.6074882447719574, 0.6278229355812073, 0.5854085683822632, 0.6499047875404358, 0.5620926022529602, 0.6553024053573608, 0.5308915674686432, 0.8022167682647705, 0.5, 0.777269184589386, 0.4448477029800415, 0.782630205154419, 0.3829307556152344, 0.756771445274353, 0.32843077182769775, 0.7024532556533813, 0.29754674434661865, 0.6660312414169312, 0.2515166997909546, 0.6155881881713867, 0.22094547748565674, 0.5605624318122864, 0.195531964302063, 0.5, 0.1841450333595276, 0.43740609288215637, 0.18531924486160278, 0.3696576654911041, 0.1853257417678833, 0.3322122395038605, 0.24888789653778076, 0.29628899693489075, 0.29628896713256836, 0.24841156601905823, 0.3318939805030823, 0.226052388548851, 0.3865271806716919, 0.1846366673707962, 0.4372703433036804, 0.1853737086057663, 0.5, 0.20200978219509125, 0.5592739284038544, 0.23384593427181244, 0.610244631767273, 0.2225002646446228, 0.6854193806648254, 0.2702566683292389, 0.7297433316707611, 0.3195212483406067, 0.7701055407524109, 0.37356144189834595, 0.8052496910095215, 0.43347927927970886, 0.8344222009181976, 0.5, 0.7839294970035553, 0.5574780702590942, 0.7889619171619415, 0.6202812194824219, 0.7903845012187958, 0.6834835410118103, 0.7746024876832962, 0.7238492965698242, 0.7238492965698242, 0.7632705569267273, 0.6759117543697357, 0.7798136472702026, 0.6159026026725769, 0.7927166223526001, 0.5582249462604523, 1.0225155353546143, 0.5, 1.0288612842559814, 0.39480292797088623, 0.929671049118042, 0.322024405002594, 0.8825744390487671, 0.2443719506263733, 0.7885587215423584, 0.2114412784576416, 0.767035722732544, 0.10035282373428345, 0.6610612869262695, 0.1111636757850647, 0.5944989323616028, 0.024921715259552002, 0.5, 0.06888216733932495, 0.4102402329444885, 0.04874718189239502, 0.30055442452430725, 0.018495798110961914, 0.25764739513397217, 0.13729369640350342, 0.16732431948184967, 0.16732430458068848, 0.1364162415266037, 0.2570611238479614, 0.07233201712369919, 0.32285410165786743, -0.011470713652670383, 0.3982621431350708, 0.03604613244533539, 0.5, -0.026123015210032463, 0.6046523749828339, 0.0833539217710495, 0.6725804507732391, 0.11913198232650757, 0.7544878721237183, 0.15537814795970917, 0.8446218520402908, 0.241501584649086, 0.8868702277541161, 0.31190815567970276, 0.954093910753727, 0.41553154587745667, 0.9246516525745392, 0.5, 0.8904551491141319, 0.5884204506874084, 0.9445195570588112, 0.6524047255516052, 0.8679375946521759, 0.7369279265403748, 0.8545876890420914, 0.8395118713378906, 0.839511901140213, 0.9110169410705566, 0.7746327519416809, 0.9878327250480652, 0.7020669281482697, 0.9830440878868103, 0.5960834622383118]
            tri (int, 480):  [0, 2, 1, 0, 3, 2, 0, 4, 3, 0, 5, 4, 0, 6, 5, 0, 7, 6, 0, 8, 7, 0, 9, 8, 0, 10, 9, 0, 11, 10, 0, 12, 11, 0, 13, 12, 0, 14, 13, 0, 15, 14, 0, 16, 15, 0, 17, 16, 0, 18, 17, 0, 19, 18, 0, 20, 19, 0, 21, 20, 0, 22, 21, 0, 23, 22, 0, 24, 23, 0, 25, 24, 0, 26, 25, 0, 27, 26, 0, 28, 27, 0, 29, 28, 0, 30, 29, 0, 31, 30, 0, 32, 31, 0, 1, 32, 1, 34, 33, 1, 2, 34, 2, 35, 34, 2, 3, 35, 3, 36, 35, 3, 4, 36, 4, 37, 36, 4, 5, 37, 5, 38, 37, 5, 6, 38, 6, 39, 38, 6, 7, 39, 7, 40, 39, 7, 8, 40, 8, 41, 40, 8, 9, 41, 9, 42, 41, 9, 10, 42, 10, 43, 42, 10, 11, 43, 11, 44, 43, 11, 12, 44, 12, 45, 44, 12, 13, 45, 13, 46, 45, 13, 14, 46, 14, 47, 46, 14, 15, 47, 15, 48, 47, 15, 16, 48, 16, 49, 48, 16, 17, 49, 17, 50, 49, 17, 18, 50, 18, 51, 50, 18, 19, 51, 19, 52, 51, 19, 20, 52, 20, 53, 52, 20, 21, 53, 21, 54, 53, 21, 22, 54, 22, 55, 54, 22, 23, 55, 23, 56, 55, 23, 24, 56, 24, 57, 56, 24, 25, 57, 25, 58, 57, 25, 26, 58, 26, 59, 58, 26, 27, 59, 27, 60, 59, 27, 28, 60, 28, 61, 60, 28, 29, 61, 29, 62, 61, 29, 30, 62, 30, 63, 62, 30, 31, 63, 31, 64, 63, 31, 32, 64, 32, 33, 64, 33, 32, 1, 33, 66, 65, 33, 34, 66, 34, 67, 66, 34, 35, 67, 35, 68, 67, 35, 36, 68, 36, 69, 68, 36, 37, 69, 37, 70, 69, 37, 38, 70, 38, 71, 70, 38, 39, 71, 39, 72, 71, 39, 40, 72, 40, 73, 72, 40, 41, 73, 41, 74, 73, 41, 42, 74, 42, 75, 74, 42, 43, 75, 43, 76, 75, 43, 44, 76, 44, 77, 76, 44, 45, 77, 45, 78, 77, 45, 46, 78, 46, 79, 78, 46, 47, 79, 47, 80, 79, 47, 48, 80, 48, 81, 80, 48, 49, 81, 49, 82, 81, 49, 50, 82, 50, 83, 82, 50, 51, 83, 51, 84, 83, 51, 52, 84, 52, 85, 84, 52, 53, 85, 53, 86, 85, 53, 54, 86, 54, 87, 86, 54, 55, 87, 55, 88, 87, 55, 56, 88, 56, 89, 88, 56, 57, 89, 57, 90, 89, 57, 58, 90, 58, 91, 90, 58, 59, 91, 59, 92, 91, 59, 60, 92, 60, 93, 92, 60, 61, 93, 61, 94, 93, 61, 62, 94, 62, 95, 94, 62, 63, 95, 63, 96, 95, 63, 64, 96, 64, 65, 96, 65, 64, 33]
            boundingsphere (float, 4):  [0.028258323669433594, 0.22353024780750275, 0.28287410736083984, 11.158844469573289]
            aabb:
                min (float, 3):  [-10.859179496765137, 0.07266050577163696, -9.372498512268066]
                max (float, 3):  [10.915696144104004, 0.37439998984336853, 9.938246726989746]
            material:
                shader (str, 1):  ['PdxMeshAdvanced']
                diff (str, 1):  ['air_winter_tropical_coast_monsoon_phase_3_diff.dds']
                spec (str, 1):  ['air_winter_tropical_coast_monsoon_spec.dds']
                n (str, 1):  ['air_winter_tropical_coast_monsoon_n.dds']
locator:
