pdxasset (int, 2):  [1, 0]
object:
    air_winter_temperate_maritime_frozen_water:
        mesh:
            p (float, 291):  [0.0, 0.41600000858306885, 0.0, 2.5268161296844482, 0.20675797760486603, 0.0, 2.4104347229003906, 0.23911423981189728, 0.4794653058052063, 2.204314708709717, 0.28815022110939026, 0.9130570292472839, 2.1273317337036133, 0.33733779191970825, 1.4214377403259277, 1.7223297357559204, 0.3700977563858032, 1.7223297357559204, 1.3604936599731445, 0.3753880560398102, 2.0361227989196777, 0.9519436359405518, 0.3514254689216614, 2.2981951236724854, 0.498491495847702, 0.30628690123558044, 2.5060861110687256, 1.6234428019955993e-16, 0.2551867663860321, 2.6512835025787354, -0.4887703061103821, 0.21534892916679382, 2.457214117050171, -1.0150972604751587, 0.2002011388540268, 2.4506614208221436, -1.4735523462295532, 0.21484915912151337, 2.205327033996582, -1.7287225723266602, 0.25435566902160645, 1.7287225723266602, -1.993635654449463, 0.3054046332836151, 1.3321048021316528, -2.2375199794769287, 0.3507893979549408, 0.926811158657074, -2.560462474822998, 0.37521255016326904, 0.5093076825141907, -2.543552875518799, 0.3704420328140259, 3.114953869709237e-16, -2.580972671508789, 0.33808574080467224, -0.5133873820304871, -2.445211172103882, 0.28904977440834045, -1.012839674949646, -2.1275131702423096, 0.23986220359802246, -1.4215588569641113, -1.7859702110290527, 0.2071022242307663, -1.7859702110290527, -1.331333875656128, 0.20181195437908173, -1.9924818277359009, -0.9123657941818237, 0.22577452659606934, -2.202645778656006, -0.5073310732841492, 0.27091309428215027, -2.550525426864624, -4.709246429871773e-16, 0.3220132291316986, -2.563594341278076, 0.5050480961799622, 0.3618510663509369, -2.539048194885254, 0.9697848558425903, 0.3769988417625427, -2.3412678241729736, 1.4245525598526, 0.36235085129737854, -2.131993532180786, 1.806228518486023, 0.32284432649612427, -1.806228518486023, 2.1829144954681396, 0.271795392036438, -1.4585767984390259, 2.225208044052124, 0.2264106124639511, -0.9217113852500916, 2.46614933013916, 0.20198744535446167, -0.4905475974082947, 4.820770263671875, 0.11835797876119614, 0.0, 5.292903900146484, 0.15071424841880798, 1.0528240203857422, 5.03462553024292, 0.19975021481513977, 2.0854101181030273, 3.9557063579559326, 0.24893778562545776, 2.643118381500244, 3.2296552658081055, 0.2816977798938751, 3.2296552658081055, 2.637701988220215, 0.2869880497455597, 3.9476001262664795, 1.8471254110336304, 0.2630254626274109, 4.459355354309082, 1.0399283170700073, 0.21788689494132996, 5.228072643280029, 3.020017887585383e-16, 0.1667867749929428, 4.932063102722168, -1.0356659889221191, 0.12694892287254333, 5.206644535064697, -1.8413382768630981, 0.1118011474609375, 4.4453840255737305, -2.810231924057007, 0.12644915282726288, 4.205809116363525, -3.312652111053467, 0.16595567762851715, 3.312652111053467, -4.317777156829834, 0.21700462698936462, 2.8850462436676025, -4.662364959716797, 0.2623893916606903, 1.9312148094177246, -5.329078674316406, 0.28681254386901855, 1.060019612312317, -5.52846622467041, 0.2820420265197754, 6.770418521302756e-16, -4.957046985626221, 0.24968574941158295, -0.9860179424285889, -4.207386016845703, 0.20064978301525116, -1.7427562475204468, -4.586450099945068, 0.15146221220493317, -3.064568042755127, -3.9063830375671387, 0.118702232837677, -3.9063830375671387, -2.779794454574585, 0.11341195553541183, -4.160256385803223, -1.9195839166641235, 0.13737452030181885, -4.6342854499816895, -1.0751103162765503, 0.18251310288906097, -5.40494441986084, -8.742695034314992e-16, 0.23361323773860931, -4.759301662445068, 0.928910493850708, 0.2734510898590088, -4.669948577880859, 2.008371353149414, 0.2885988652706146, -4.848637104034424, 2.903247594833374, 0.27395084500312805, -4.345016956329346, 3.703807830810547, 0.23444432020187378, -3.703807830810547, 4.485879421234131, 0.1833953857421875, -2.997368812561035, 4.66166353225708, 0.13801062107086182, -1.9309241771697998, 4.848606109619141, 0.11358745396137238, -0.9644477367401123, 6.7296881675720215, 0.08291458338499069, 0.0, 6.571226596832275, 0.0943344384431839, 1.3070982694625854, 6.5430827140808105, 0.11164125055074692, 2.710233688354492, 6.0142717361450195, 0.12900157272815704, 4.018608093261719, 5.646397590637207, 0.14056392014026642, 5.646397590637207, 4.2740654945373535, 0.1424310803413391, 6.3965911865234375, 2.841888904571533, 0.13397370278835297, 6.860926628112793, 1.386574625968933, 0.11804243922233582, 6.9707818031311035, 4.718772903550424e-16, 0.10000709444284439, 7.70634126663208, -1.387584924697876, 0.08594667911529541, 6.975860595703125, -3.109692096710205, 0.08060040324926376, 7.507461071014404, -4.306329727172852, 0.08577028661966324, 6.444878101348877, -5.568820953369141, 0.0997137650847435, 5.568820953369141, -5.895459175109863, 0.11773104220628738, 3.9392199516296387, -6.877086639404297, 0.13374920189380646, 2.8485825061798096, -7.787705898284912, 0.1423691362142563, 1.5490710735321045, -8.515190124511719, 0.14068542420864105, 1.0428101075729101e-15, -7.326720714569092, 0.12926556169986725, -1.4573752880096436, -6.432379722595215, 0.11195874959230423, -2.6643788814544678, -6.537190914154053, 0.0945984274148941, -4.368011474609375, -4.575626373291016, 0.08303608000278473, -4.575626373291016, -3.886836290359497, 0.08116892725229263, -5.817061424255371, -2.3951592445373535, 0.08962630480527878, -5.782426357269287, -1.4688224792480469, 0.10555756092071533, -7.384269714355469, -1.2489308107269158e-15, 0.12359290570020676, -6.798862457275391, 1.3921011686325073, 0.13765332102775574, -6.998565196990967, 3.100555419921875, 0.1429995894432068, -7.485403060913086, 4.294919967651367, 0.1378297060728073, -6.427802085876465, 4.433053016662598, 0.12388623505830765, -4.433053016662598, 6.036627769470215, 0.10586895793676376, -4.03354549407959, 5.723783016204834, 0.08985080569982529, -2.370868682861328, 8.03188419342041, 0.08123086392879486, -1.597641110420227]
            n (float, 291):  [0.0003927479265257716, 0.9999997615814209, -0.00045634701382368803, 0.05793853849172592, 0.997826874256134, -0.03138011321425438, 0.06270410120487213, 0.996538519859314, -0.054581981152296066, 0.07178694754838943, 0.9955213069915771, -0.061513543128967285, 0.06220916658639908, 0.997539222240448, -0.03233442083001137, 0.04245800897479057, 0.9990967512130737, -0.0017242212779819965, 0.004092988092452288, 0.9995418190956116, 0.029989926144480705, -0.03679930418729782, 0.9981313943862915, 0.048781443387269974, -0.06450649350881577, 0.9965736269950867, 0.05176858231425285, -0.07372523099184036, 0.9962337613105774, 0.04563800245523453, -0.05703052878379822, 0.9971076250076294, 0.05023816600441933, -0.019045790657401085, 0.9983463883399963, 0.054237429052591324, -0.000855267746374011, 0.9979234337806702, 0.0644061341881752, 0.010560202412307262, 0.9962586164474487, 0.08577493578195572, 0.014334171079099178, 0.9956273436546326, 0.09230770170688629, -0.00208410806953907, 0.9975144863128662, 0.07043083757162094, -0.019312916323542595, 0.9995056986808777, 0.024807369336485863, -0.02355991117656231, 0.9992121458053589, -0.031938228756189346, -0.018701573833823204, 0.9969571232795715, -0.07567495852708817, -0.010067267343401909, 0.9959948658943176, -0.08884236961603165, -0.004969829693436623, 0.996612012386322, -0.08209635317325592, -0.009291770868003368, 0.9977295398712158, -0.06670388579368591, -0.04003402218222618, 0.9980205297470093, -0.04850010946393013, -0.08832433819770813, 0.9957317113876343, -0.026781706139445305, -0.08675737679004669, 0.9959346055984497, -0.02423638477921486, -0.07028383761644363, 0.9968400597572327, -0.03701382502913475, -0.04167437180876732, 0.9983755946159363, -0.0388510562479496, 0.0062665571458637714, 0.999709963798523, -0.023251591250300407, 0.051157914102077484, 0.9986881613731384, 0.0021917817648500204, 0.07465315610170364, 0.996867835521698, 0.026103390380740166, 0.07882086932659149, 0.995855987071991, 0.045367177575826645, 0.0808209776878357, 0.9959686994552612, 0.03891359642148018, 0.059936512261629105, 0.9982013702392578, 0.0012826949823647738, 0.03105298988521099, 0.999293863773346, -0.021153004840016365, 0.04301857948303223, 0.9985126256942749, -0.033494021743535995, 0.05314701423048973, 0.9984186291694641, -0.018317818641662598, 0.05402026325464249, 0.9985082745552063, -0.007936007343232632, 0.04346996918320656, 0.9989467859268188, 0.014687100425362587, 0.015795528888702393, 0.9990833401679993, 0.0397854708135128, -0.011547873727977276, 0.9986655116081238, 0.05033646523952484, -0.026652544736862183, 0.9985502362251282, 0.04676618427038193, -0.04536301642656326, 0.9984028935432434, 0.033672988414764404, -0.026674052700400352, 0.9994341731071472, 0.020490827038884163, -0.011984899640083313, 0.9995816349983215, 0.026321934536099434, 0.003342714626342058, 0.9994969367980957, 0.03153824806213379, 0.008291580714285374, 0.9984137415885925, 0.055689286440610886, -0.009099014103412628, 0.998379111289978, 0.05618101730942726, -0.0228875782340765, 0.9982362985610962, 0.054777126759290695, -0.03802458941936493, 0.9988903403282166, 0.02778908610343933, -0.04060046002268791, 0.9989409446716309, -0.021646281704306602, -0.02954021655023098, 0.9977849721908569, -0.0596030168235302, -0.017682000994682312, 0.9979596734046936, -0.061350516974925995, -0.010429839603602886, 0.9992492198944092, -0.03731208294630051, -0.004372444935142994, 0.9993141293525696, -0.03677314147353172, -0.018896840512752533, 0.9995397329330444, -0.02373189479112625, -0.05210927501320839, 0.9985209703445435, -0.015508011914789677, -0.04348691552877426, 0.9986124038696289, -0.029700027778744698, -0.037628140300512314, 0.9983364343643188, -0.04368579387664795, -0.0292330514639616, 0.9982086420059204, -0.05220141261816025, 0.007207553833723068, 0.9990110993385315, -0.0438726581633091, 0.05778808146715164, 0.998181164264679, -0.017173979431390762, 0.06839568167924881, 0.9976418018341064, -0.0057313828729093075, 0.058917392045259476, 0.9982131719589233, 0.00996076874434948, 0.04574260860681534, 0.9987064003944397, 0.022206392139196396, 0.02711283415555954, 0.9996256232261658, 0.003687541000545025, 0.020434245467185974, 0.9997732639312744, -0.005990462377667427, 0.04545057564973831, 0.9987375140190125, -0.02138882875442505, 0.05508552864193916, 0.998476505279541, -0.003202991560101509, 0.05289068445563316, 0.9985706806182861, 0.0076962620951235294, 0.03970389440655708, 0.9989706873893738, 0.021939154714345932, 0.020034709945321083, 0.9989168047904968, 0.04199880734086037, 0.0025419590529054403, 0.9985391497612, 0.05397459864616394, -0.013604443520307541, 0.9987937211990356, 0.04718147590756416, -0.02390301413834095, 0.9992617964744568, 0.030073052272200584, -0.0172930546104908, 0.9997141361236572, 0.016508180648088455, -0.003369755344465375, 0.9999086260795593, 0.013085933402180672, 0.002067647408694029, 0.9997973442077637, 0.020026467740535736, -0.0017077225493267179, 0.9994872808456421, 0.031971804797649384, -0.020334338769316673, 0.9987768530845642, 0.04506884515285492, -0.03965536877512932, 0.9980121850967407, 0.04898065701127052, -0.048320233821868896, 0.9984406232833862, 0.027955766767263412, -0.04811720922589302, 0.9987552165985107, -0.013144593685865402, -0.038596298545598984, 0.9978770017623901, -0.05245765671133995, -0.026605045422911644, 0.9989789724349976, -0.03651358187198639, -0.014926175586879253, 0.9994475841522217, -0.029696233570575714, -0.006233365274965763, 0.9994108080863953, -0.03375275433063507, -0.014646466821432114, 0.9997065663337708, -0.01929435320198536, -0.04191967472434044, 0.9989109635353088, -0.020485056564211845, -0.029720531776547432, 0.9989122152328491, -0.03593165799975395, -0.01474909856915474, 0.9985361099243164, -0.0520387627184391, -0.023817425593733788, 0.9978022575378418, -0.06183343008160591, 0.012962136417627335, 0.9986900091171265, -0.04950091987848282, 0.05498889088630676, 0.9979656934738159, -0.03225928544998169, 0.0738116204738617, 0.9968740940093994, -0.028174879029393196, 0.05555582046508789, 0.9984098672866821, -0.009558071382343769, 0.03859788179397583, 0.999215841293335, 0.008829236030578613, 0.015418396331369877, 0.9998810887336731, 9.394281369168311e-05]
            ta (float, 388):  [0.9999999403953552, -0.00039274932350963354, -5.015710513589511e-08, 1.0, 0.9983184337615967, -0.05796710029244423, -5.914162670705991e-07, 1.0, 0.9980255365371704, -0.06280838698148727, -0.00019587160204537213, 1.0, 0.997407078742981, -0.07196293771266937, -0.0006474997499026358, 1.0, 0.9980596303939819, -0.06226080283522606, -0.0005915634683333337, 1.0, 0.9990982413291931, -0.04245808348059654, -5.930538463871926e-06, 1.0, 0.9999915957450867, -0.004092132672667503, -8.991073264041916e-05, 1.0, 0.9993201494216919, 0.03686682507395744, -0.0004848141106776893, 1.0, 0.9979100227355957, 0.06461779773235321, -0.0004773255786858499, 1.0, 0.9972693920135498, 0.07384420186281204, -0.0009240848594345152, 1.0, 0.9983675479888916, 0.057115230709314346, -0.0002509805781301111, 1.0, 0.9998182058334351, 0.019064247608184814, 0.00017708083032630384, 1.0, 0.9999997615814209, 0.000845059345010668, 0.00018575266585685313, 1.0, 0.9999430775642395, -0.010656938888132572, 0.0006699719815514982, 1.0, 0.9998957514762878, -0.014435632154345512, 0.0004315304395277053, 1.0, 0.9999977946281433, 0.00206758757121861, 0.0003074652049690485, 1.0, 0.9998133778572083, 0.019318092614412308, 3.095422653132118e-05, 1.0, 0.9997221827507019, 0.023571938276290894, -5.341313524809266e-08, 1.0, 0.9998244047164917, 0.01874261535704136, -0.0001678929984336719, 1.0, 0.9999492168426514, 0.010067107155919075, -0.00044989632442593575, 1.0, 0.9999876618385315, 0.004949504975229502, -0.00045108349877409637, 1.0, 0.9999568462371826, 0.009289315901696682, -0.0003469893417786807, 1.0, 0.9991961121559143, 0.04008999094367027, 0.0001813220587791875, 1.0, 0.996088445186615, 0.08836113661527634, 0.0001915011671371758, 1.0, 0.99622642993927, 0.08679141849279404, 0.0003540520556271076, 1.0, 0.9975215792655945, 0.07035760581493378, 0.0006923401961103082, 1.0, 0.9991297721862793, 0.041709963232278824, 0.00010563905379967764, 1.0, 0.9999803900718689, -0.006269840057939291, -6.828127516200766e-05, 1.0, 0.9986906051635742, -0.051158078014850616, 1.9320632418384776e-05, 1.0, 0.99720698595047, -0.07468648254871368, 0.00030263952794484794, 1.0, 0.9968811869621277, -0.07891656458377838, 0.0003194008313585073, 1.0, 0.996723473072052, -0.08088409155607224, 4.7815941798035055e-05, 1.0, 0.9982022643089294, -0.05993656441569328, 3.995196209416463e-07, 1.0, 0.999517560005188, -0.031059468165040016, 2.243904600618407e-05, 1.0, 0.9990734457969666, -0.04303755238652229, 0.00015473390521947294, 1.0, 0.9985863566398621, -0.05315453186631203, 7.694705709582195e-05, 1.0, 0.9985396862030029, -0.05402159318327904, 4.720968354376964e-05, 1.0, 0.9990546107292175, -0.04347475618124008, 6.490759460575646e-06, 1.0, 0.9998748898506165, -0.01581573113799095, 0.00019300277926959097, 1.0, 0.9999331831932068, 0.011554514989256859, 0.00015903545136097819, 1.0, 0.9996431469917297, 0.026706820353865623, -0.000536093080881983, 1.0, 0.9989694952964783, 0.04538727179169655, 4.4031679863110185e-05, 1.0, 0.999643862247467, 0.02668309397995472, -0.0001679689739830792, 1.0, 0.9999281167984009, 0.011990193277597427, -4.3296051444485784e-05, 1.0, 0.9999943971633911, -0.0033467281609773636, 7.447075040545315e-05, 1.0, 0.9999655485153198, -0.008303237147629261, -2.2058920876588672e-05, 1.0, 0.9999585747718811, 0.009095684625208378, 0.0003149691328871995, 1.0, 0.9997373223304749, 0.022918853908777237, 5.726969175157137e-05, 1.0, 0.9992762207984924, 0.03803997114300728, -2.4913506422308274e-05, 1.0, 0.9991751313209534, 0.04060996696352959, -4.325109443925612e-07, 1.0, 0.9995623826980591, 0.029581481590867043, -0.00019011099357157946, 1.0, 0.999843180179596, 0.01770865172147751, -0.00010932055010925978, 1.0, 0.9999455213546753, 0.010441971011459827, 0.0001302570744883269, 1.0, 0.9999904036521912, 0.004376854281872511, 3.939536327379756e-05, 1.0, 0.9998213052749634, 0.018902411684393883, 1.0382438631495461e-05, 1.0, 0.9986410140991211, 0.05211628973484039, 4.833520142710768e-05, 1.0, 0.9990532994270325, 0.04350331425666809, -9.409186895936728e-05, 1.0, 0.9992905259132385, 0.03766151890158653, -5.904077261220664e-05, 1.0, 0.9995715618133545, 0.029269929975271225, -5.804815737064928e-05, 1.0, 0.9999740123748779, -0.007211941760033369, 5.827470886288211e-05, 1.0, 0.9983285069465637, -0.0577956922352314, 5.3230367484502494e-05, 1.0, 0.9976581335067749, -0.06839705258607864, -4.44938414148055e-05, 1.0, 0.9982626438140869, -0.058920226991176605, -8.276881999336183e-06, 1.0, 0.9989525079727173, -0.04575798287987709, 0.00018426265160087496, 1.0, 0.9996324181556702, -0.027113066986203194, 1.2100012099836022e-05, 1.0, 0.9997912049293518, -0.020434636622667313, -4.169677595200483e-06, 1.0, 0.9989659786224365, -0.04546399414539337, -0.0001410779368598014, 1.0, 0.9984816312789917, -0.055085841566324234, -9.843240150075871e-06, 1.0, 0.99860018491745, -0.05289226770401001, 2.5005933821375947e-06, 1.0, 0.9992112517356873, -0.03971143066883087, -9.221414075000212e-05, 1.0, 0.9997989535331726, -0.020050449296832085, -4.648625690606423e-05, 1.0, 0.9999967813491821, -0.0025470410473644733, 2.5378993086633272e-05, 1.0, 0.9999073147773743, 0.013613853603601456, 0.00012190690176794305, 1.0, 0.9997143149375916, 0.023902632296085358, 0.0003722648252733052, 1.0, 0.9998503923416138, 0.017294835299253464, 3.4904020139947534e-05, 1.0, 0.9999943375587463, 0.003369809128344059, 1.7960372133529745e-05, 1.0, 0.9999978542327881, -0.00206676684319973, -6.466246850322932e-05, 1.0, 0.9999985098838806, 0.0017124572768807411, -0.00012071225501131266, 1.0, 0.999792754650116, 0.020358780398964882, -8.332464494742453e-05, 1.0, 0.9992111921310425, 0.03971077874302864, -0.00015821901615709066, 1.0, 0.9988309144973755, 0.04834030568599701, -4.228677789797075e-05, 1.0, 0.9988415241241455, 0.048121217638254166, -1.1131698556710035e-05, 1.0, 0.9992521405220032, 0.03866469860076904, 0.00028937889146618545, 1.0, 0.999645471572876, 0.026625778526067734, 8.15946696093306e-05, 1.0, 0.9998884797096252, 0.014930876903235912, -6.337928789434955e-05, 1.0, 0.9999805092811584, 0.006237308960407972, 1.1561010069272015e-05, 1.0, 0.9998926520347595, 0.014647570438683033, -8.405870903516188e-05, 1.0, 0.9991205334663391, 0.041928380727767944, -4.339682618592633e-06, 1.0, 0.9995579123497009, 0.029732786118984222, -0.00019341275037731975, 1.0, 0.9998909831047058, 0.01476285234093666, -0.00012010580394417048, 1.0, 0.9997155666351318, 0.0238519087433815, -0.00018054223619401455, 1.0, 0.9999157786369324, -0.012979374267160892, -2.682807644305285e-05, 1.0, 0.9984854459762573, -0.05501779913902283, -8.224681550927926e-06, 1.0, 0.997269868850708, -0.07384293526411057, -7.10154272383079e-05, 1.0, 0.9984555244445801, -0.05555718019604683, 0.000123789141071029, 1.0, 0.9992547035217285, -0.03859943896532059, 6.062115971872117e-06, 1.0, 0.9998811483383179, -0.015418396331369877, -5.559412556976895e-07, 1.0]
            u0 (float, 194):  [0.5, 0.5, 0.6588193774223328, 0.5, 0.651504397392273, 0.4698638916015625, 0.6385490298271179, 0.44261109828948975, 0.6337103843688965, 0.4106575846672058, 0.6082545518875122, 0.3917454481124878, 0.5855118632316589, 0.37202244997024536, 0.5598330497741699, 0.35555028915405273, 0.5313319563865662, 0.3424835801124573, 0.5, 0.33335745334625244, 0.46927905082702637, 0.3455553650856018, 0.43619751930236816, 0.34596723318099976, 0.4073820114135742, 0.36138737201690674, 0.3913436532020569, 0.3913436532020569, 0.3746929168701172, 0.41627246141433716, 0.3593639135360718, 0.44174665212631226, 0.339065819978714, 0.46798819303512573, 0.34012869000434875, 0.5, 0.33777669072151184, 0.532268226146698, 0.3463097810745239, 0.5636605620384216, 0.3662782311439514, 0.589350014925003, 0.3877454400062561, 0.6122545599937439, 0.41632094979286194, 0.6252345740795135, 0.4426545798778534, 0.6384441256523132, 0.46811243891716003, 0.6603095829486847, 0.5, 0.6611309945583344, 0.5317440629005432, 0.6595881879329681, 0.5609544515609741, 0.6471569836139679, 0.5895381569862366, 0.6340033710002899, 0.6135278940200806, 0.6135278940200806, 0.6372039318084717, 0.5916767418384552, 0.6398622393608093, 0.5579328238964081, 0.6550062298774719, 0.5308326482772827, 0.8030025362968445, 0.5, 0.8326777815818787, 0.4338262677192688, 0.8164440989494324, 0.3689245581626892, 0.748630166053772, 0.33387064933776855, 0.7029953002929688, 0.29700469970703125, 0.6657889485359192, 0.25187933444976807, 0.6160984039306641, 0.21971368789672852, 0.5653631687164307, 0.17139708995819092, 0.5, 0.19000232219696045, 0.43490472435951233, 0.17274391651153564, 0.38426533341407776, 0.22059184312820435, 0.3233669400215149, 0.2356499433517456, 0.2917880415916443, 0.2917880415916443, 0.22861237823963165, 0.3186646103858948, 0.20695379376411438, 0.3786162734031677, 0.1650484800338745, 0.43337398767471313, 0.15251626074314117, 0.5, 0.1884319931268692, 0.5619747340679169, 0.23555085062980652, 0.6095384359359741, 0.21172532439231873, 0.6926189959049225, 0.25446996092796326, 0.7455300390720367, 0.3252800405025482, 0.7614868879318237, 0.3793473243713379, 0.7912813127040863, 0.43242549896240234, 0.8397199511528015, 0.5, 0.799138993024826, 0.5583853125572205, 0.793522834777832, 0.6262332797050476, 0.8047540634870529, 0.6824794411659241, 0.7730997502803802, 0.7327975034713745, 0.7327974736690521, 0.7819534540176392, 0.6883952915668488, 0.7930020689964294, 0.6213654279708862, 0.8047521114349365, 0.5606189668178558, 0.922984778881073, 0.5, 0.91302490234375, 0.4178442358970642, 0.9112560153007507, 0.32965219020843506, 0.878018319606781, 0.2474161982536316, 0.8548961281776428, 0.14510387182235718, 0.7686402201652527, 0.09795153141021729, 0.6786227822303772, 0.06876641511917114, 0.5871511697769165, 0.061861634254455566, 0.5, 0.015629112720489502, 0.4127853512763977, 0.061542391777038574, 0.3045448064804077, 0.028129398822784424, 0.2293318659067154, 0.09491652250289917, 0.149979829788208, 0.149979829788208, 0.12944945693016052, 0.2524060606956482, 0.06775067746639252, 0.3209564685821533, 0.010515025816857815, 0.402635395526886, -0.03520996496081352, 0.5, 0.039489589631557465, 0.5916012227535248, 0.09570208191871643, 0.6674656867980957, 0.08911433070898056, 0.7745450288057327, 0.21240562200546265, 0.7875943779945374, 0.2556985318660736, 0.8656229823827744, 0.34945574402809143, 0.8634460121393204, 0.4076792895793915, 0.9641275629401207, 0.5, 0.9273326620459557, 0.5874984860420227, 0.9398846626281738, 0.6948809027671814, 0.9704841710627079, 0.7699509859085083, 0.9040101990103722, 0.7786331176757812, 0.7786331176757812, 0.8794234991073608, 0.753522664308548, 0.8597601056098938, 0.6490175127983093, 1.0048325061798096, 0.6004174053668976]
            tri (int, 480):  [0, 2, 1, 0, 3, 2, 0, 4, 3, 0, 5, 4, 0, 6, 5, 0, 7, 6, 0, 8, 7, 0, 9, 8, 0, 10, 9, 0, 11, 10, 0, 12, 11, 0, 13, 12, 0, 14, 13, 0, 15, 14, 0, 16, 15, 0, 17, 16, 0, 18, 17, 0, 19, 18, 0, 20, 19, 0, 21, 20, 0, 22, 21, 0, 23, 22, 0, 24, 23, 0, 25, 24, 0, 26, 25, 0, 27, 26, 0, 28, 27, 0, 29, 28, 0, 30, 29, 0, 31, 30, 0, 32, 31, 0, 1, 32, 1, 34, 33, 1, 2, 34, 2, 35, 34, 2, 3, 35, 3, 36, 35, 3, 4, 36, 4, 37, 36, 4, 5, 37, 5, 38, 37, 5, 6, 38, 6, 39, 38, 6, 7, 39, 7, 40, 39, 7, 8, 40, 8, 41, 40, 8, 9, 41, 9, 42, 41, 9, 10, 42, 10, 43, 42, 10, 11, 43, 11, 44, 43, 11, 12, 44, 12, 45, 44, 12, 13, 45, 13, 46, 45, 13, 14, 46, 14, 47, 46, 14, 15, 47, 15, 48, 47, 15, 16, 48, 16, 49, 48, 16, 17, 49, 17, 50, 49, 17, 18, 50, 18, 51, 50, 18, 19, 51, 19, 52, 51, 19, 20, 52, 20, 53, 52, 20, 21, 53, 21, 54, 53, 21, 22, 54, 22, 55, 54, 22, 23, 55, 23, 56, 55, 23, 24, 56, 24, 57, 56, 24, 25, 57, 25, 58, 57, 25, 26, 58, 26, 59, 58, 26, 27, 59, 27, 60, 59, 27, 28, 60, 28, 61, 60, 28, 29, 61, 29, 62, 61, 29, 30, 62, 30, 63, 62, 30, 31, 63, 31, 64, 63, 31, 32, 64, 32, 33, 64, 33, 32, 1, 33, 66, 65, 33, 34, 66, 34, 67, 66, 34, 35, 67, 35, 68, 67, 35, 36, 68, 36, 69, 68, 36, 37, 69, 37, 70, 69, 37, 38, 70, 38, 71, 70, 38, 39, 71, 39, 72, 71, 39, 40, 72, 40, 73, 72, 40, 41, 73, 41, 74, 73, 41, 42, 74, 42, 75, 74, 42, 43, 75, 43, 76, 75, 43, 44, 76, 44, 77, 76, 44, 45, 77, 45, 78, 77, 45, 46, 78, 46, 79, 78, 46, 47, 79, 47, 80, 79, 47, 48, 80, 48, 81, 80, 48, 49, 81, 49, 82, 81, 49, 50, 82, 50, 83, 82, 50, 51, 83, 51, 84, 83, 51, 52, 84, 52, 85, 84, 52, 53, 85, 53, 86, 85, 53, 54, 86, 54, 87, 86, 54, 55, 87, 55, 88, 87, 55, 56, 88, 56, 89, 88, 56, 57, 89, 57, 90, 89, 57, 58, 90, 58, 91, 90, 58, 59, 91, 59, 92, 91, 59, 60, 92, 60, 93, 92, 60, 61, 93, 61, 94, 93, 61, 62, 94, 62, 95, 94, 62, 63, 95, 63, 96, 95, 63, 64, 96, 64, 65, 96, 65, 64, 33]
            boundingsphere (float, 4):  [-0.2416529655456543, 0.2483002096414566, 0.11046910285949707, 8.44967224215334]
            aabb:
                min (float, 3):  [-8.515190124511719, 0.08060040324926376, -7.485403060913086]
                max (float, 3):  [8.03188419342041, 0.41600000858306885, 7.70634126663208]
            material:
                shader (str, 1):  ['PdxMeshAlphaBlend']
                diff (str, 1):  ['air_winter_temperate_maritime_frozen_water_diff.dds']
                spec (str, 1):  ['air_winter_temperate_maritime_frozen_water_spec.dds']
                n (str, 1):  ['air_winter_temperate_maritime_frozen_water_n.dds']
locator:
