pdxasset (int, 2):  [1, 0]
object:
    air_winter_boreal_continental_thaw_flood:
        mesh:
            p (float, 291):  [0.0, 0.19200000166893005, 0.0, 2.642212152481079, 0.1468062698841095, 0.0, 2.589215040206909, 0.165882870554924, 0.515026867389679, 2.2110941410064697, 0.17394335567951202, 0.9158652424812317, 1.99644935131073, 0.16827085614204407, 1.3339847326278687, 1.8447374105453491, 0.15077733993530273, 1.8447374105453491, 1.434097409248352, 0.12735919654369354, 2.1462783813476562, 0.980807900428772, 0.10590975731611252, 2.367879867553711, 0.4804879128932953, 0.09365878999233246, 2.4155759811401367, 1.5585596811892258e-16, 0.09473560750484467, 2.545321226119995, -0.49661383032798767, 0.10877726972103119, 2.4966461658477783, -0.9714319705963135, 0.13105086982250214, 2.3452441692352295, -1.345287799835205, 0.1540488600730896, 2.0133655071258545, -1.7655128240585327, 0.17001952230930328, 1.7655128240585327, -2.0674774646759033, 0.17357976734638214, 1.3814442157745361, -2.3815035820007324, 0.16352957487106323, 0.9864510297775269, -2.601970672607422, 0.14325647056102753, 0.5175641179084778, -2.6403746604919434, 0.11959372460842133, 3.233526306226222e-16, -2.479647159576416, 0.10051712393760681, -0.49323251843452454, -2.310380458831787, 0.0924566388130188, -0.9569909572601318, -2.0386457443237305, 0.09812914580106735, -1.3621795177459717, -1.68826162815094, 0.11562265455722809, -1.68826162815094, -1.3251547813415527, 0.13904079794883728, -1.9832342863082886, -0.959113359451294, 0.1604902446269989, -2.315504550933838, -0.48104560375213623, 0.17274121940135956, -2.418379545211792, -4.560816611359666e-16, 0.17166438698768616, -2.482792854309082, 0.5120012164115906, 0.15762272477149963, -2.5740039348602295, 0.9655590057373047, 0.1353491246700287, -2.3310656547546387, 1.407118797302246, 0.11235113441944122, -2.1059019565582275, 1.727440357208252, 0.09638047963380814, -1.727440357208252, 1.9824090003967285, 0.09282024204730988, -1.3246033191680908, 2.279771089553833, 0.10287043452262878, -0.9443121552467346, 2.369040012359619, 0.12314353138208389, -0.4712313711643219, 5.043318271636963, 0.10600627213716507, 0.0, 5.476766586303711, 0.12508288025856018, 1.089396595954895, 4.827414512634277, 0.1331433653831482, 1.9995806217193604, 3.891101598739624, 0.12747085094451904, 2.5999510288238525, 3.8662474155426025, 0.1099773421883583, 3.8662474155426025, 2.9781482219696045, 0.08655919879674911, 4.457113742828369, 2.024966239929199, 0.06510975956916809, 4.888701438903809, 1.0695077180862427, 0.05285878852009773, 5.3767781257629395, 3.2594126918854976e-16, 0.05393560975790024, 5.323024749755859, -1.0442720651626587, 0.06797727197408676, 5.249910354614258, -1.8637205362319946, 0.09025087207555771, 4.499419212341309, -3.0914485454559326, 0.11324886232614517, 4.626679420471191, -3.9197351932525635, 0.12921951711177826, 3.9197351932525635, -3.8720855712890625, 0.13277976214885712, 2.587244987487793, -4.908750057220459, 0.12272956967353821, 2.033270835876465, -5.168915748596191, 0.1024564653635025, 1.0281612873077393, -4.9892754554748535, 0.0787937268614769, 6.110100222985273e-16, -4.968270778656006, 0.059717126190662384, -0.9882504940032959, -4.6387481689453125, 0.05165664106607437, -1.9214324951171875, -4.575000286102295, 0.057329144328832626, -3.056917428970337, -3.5588197708129883, 0.07482265681028366, -3.5588197708129883, -2.9995298385620117, 0.09824080020189285, -4.4891133308410645, -1.8637785911560059, 0.11969023942947388, -4.49955940246582, -1.0643799304962158, 0.13194121420383453, -5.350998878479004, -1.0056465370121277e-15, 0.13086439669132233, -5.474484443664551, 0.9732741713523865, 0.1168227344751358, -4.892979621887207, 1.9543460607528687, 0.09454912692308426, -4.7182087898254395, 3.0541489124298096, 0.0715511366724968, -4.57085657119751, 3.7333297729492188, 0.05558048188686371, -3.7333297729492188, 4.171628475189209, 0.05202024057507515, -2.787393093109131, 4.364438056945801, 0.06207043305039406, -1.8078094720840454, 4.744940757751465, 0.08234353363513947, -0.9438273906707764, 7.887353897094727, 0.056402213871479034, 0.0, 6.458022117614746, 0.06313513219356537, 1.2845804691314697, 7.757068634033203, 0.06598000973463058, 3.213083028793335, 5.6820902824401855, 0.06397794932126999, 3.7966513633728027, 5.942938804626465, 0.057803768664598465, 5.942938804626465, 3.852853536605835, 0.049538541585206985, 5.766202926635742, 3.259267807006836, 0.041968148201704025, 7.868568420410156, 1.5419069528579712, 0.03764427825808525, 7.751689910888672, 4.537546498716222e-16, 0.038024332374334335, 7.410375595092773, -1.4521236419677734, 0.04298021271824837, 7.300318241119385, -2.973356008529663, 0.05084148421883583, 7.178316593170166, -4.230534553527832, 0.058958422392606735, 6.331442356109619, -4.907691478729248, 0.06459512561559677, 4.907691478729248, -5.559615612030029, 0.06585168093442917, 3.7148163318634033, -6.863537311553955, 0.062304552644491196, 2.842970371246338, -8.29764461517334, 0.055149342864751816, 1.6505041122436523, -7.701013565063477, 0.04679778590798378, 9.431021535824622e-16, -6.24080228805542, 0.040064867585897446, -1.2413727045059204, -7.559567451477051, 0.03721999004483223, -3.1312754154205322, -6.611653804779053, 0.039222050458192825, -4.4177656173706055, -5.9365081787109375, 0.04539623111486435, -5.9365081787109375, -3.692544937133789, 0.05366145819425583, -5.526284217834473, -3.060610055923462, 0.06123185157775879, -7.388966083526611, -1.2334564924240112, 0.06555572152137756, -6.201004505157471, -1.4279515417664674e-15, 0.06517566740512848, -7.773406028747559, 1.3355706930160522, 0.06021978706121445, -6.714367389678955, 2.5763769149780273, 0.052358515560626984, -6.219924449920654, 4.620649337768555, 0.04424157738685608, -6.915290832519531, 4.552708148956299, 0.03860487416386604, -4.552708148956299, 6.198281288146973, 0.037348318845033646, -4.14155912399292, 7.635244369506836, 0.04089544713497162, -3.1626217365264893, 6.646663665771484, 0.048050656914711, -1.3221036195755005]
            n (float, 291):  [0.00013983553799334913, 0.9999998211860657, -0.00036685215309262276, 0.016171816736459732, 0.9991216659545898, -0.03865738958120346, 0.01590566150844097, 0.9997226595878601, -0.017366847023367882, 0.00906304456293583, 0.9999417662620544, 0.005846492946147919, 0.0006330408505164087, 0.999754011631012, 0.022169364616274834, -0.009590311907231808, 0.9994792342185974, 0.030811237171292305, -0.02000836469233036, 0.9991182684898376, 0.03690965473651886, -0.017739932984113693, 0.9993156790733337, 0.03245766833424568, -0.003997151739895344, 0.9995599985122681, 0.02939033880829811, 0.013455345295369625, 0.9995882511138916, 0.02534395270049572, 0.0232215765863657, 0.9993225336074829, 0.028551587834954262, 0.026089340448379517, 0.9991452693939209, 0.03206474706530571, 0.020125197246670723, 0.9993137121200562, 0.031100215390324593, 0.0017799640772864223, 0.9998429417610168, 0.017631424590945244, -0.012919653207063675, 0.999914824962616, 0.001825110288336873, -0.020345373079180717, 0.9996875524520874, -0.014525508508086205, -0.023379934951663017, 0.9992368817329407, -0.031290203332901, -0.02143918350338936, 0.9990989565849304, -0.03662773594260216, -0.02096456103026867, 0.999330997467041, -0.029965514317154884, -0.024273447692394257, 0.999625027179718, -0.012673950754106045, -0.030825622379779816, 0.9995247721672058, -0.00013479670451488346, -0.04040483757853508, 0.9991574287414551, 0.007203437387943268, -0.04337934032082558, 0.9990332126617432, 0.007137251552194357, -0.031780485063791275, 0.9994930028915405, -0.0019280121196061373, -0.012733413837850094, 0.9998838901519775, -0.008370539173483849, 0.012576029635965824, 0.9998621940612793, -0.010838580317795277, 0.03230282664299011, 0.9994423389434814, -0.008460617624223232, 0.04174130782485008, 0.9991232752799988, -0.003205859800800681, 0.039187896996736526, 0.9992318153381348, -2.1818756067659706e-05, 0.033518802374601364, 0.9994296431541443, -0.004117510747164488, 0.021847598254680634, 0.9995520114898682, -0.020457588136196136, 0.013750911690294743, 0.9993370175361633, -0.03371107205748558, 0.014821887947618961, 0.998842179775238, -0.0457671619951725, 0.01860494166612625, 0.9995462894439697, -0.023687252774834633, 0.02748674526810646, 0.999589741230011, -0.008050846867263317, 0.017162494361400604, 0.9997827410697937, 0.011827019043266773, 0.009816558100283146, 0.9997497200965881, 0.020102879032492638, 0.005026455037295818, 0.9997832179069519, 0.020203489810228348, -0.0086645083501935, 0.9996450543403625, 0.025193365290760994, -0.007713629398494959, 0.9998327493667603, 0.016583796590566635, -0.003281923243775964, 0.9999313354492188, 0.011251660995185375, 0.0062401313334703445, 0.9999085664749146, 0.011994980275630951, 0.011174730025231838, 0.9998160600662231, 0.015587124973535538, 0.016230590641498566, 0.9995770454406738, 0.024132125079631805, 0.0011193850077688694, 0.999674916267395, 0.02547411061823368, -0.021195892244577408, 0.9996209144592285, 0.017570843920111656, -0.02063560299575329, 0.9997427463531494, 0.00941567961126566, -0.020674925297498703, 0.9997689127922058, 0.00588022917509079, -0.01915576681494713, 0.999699056148529, -0.015320428647100925, -0.015383506193757057, 0.9995858669281006, -0.024322913959622383, -0.011244086548686028, 0.9998180866241455, -0.015403474681079388, -0.011893294751644135, 0.9999246597290039, -0.0030559105798602104, -0.013124903663992882, 0.9999117851257324, 0.0020265004131942987, -0.022487081587314606, 0.9997429847717285, 0.00286791380494833, -0.025326697155833244, 0.9996635317802429, -0.00560045475140214, -0.02301720343530178, 0.9996699094772339, -0.01141386292874813, -0.012334827333688736, 0.9995722770690918, -0.026513488963246346, 0.005203169770538807, 0.9996651411056519, -0.025347523391246796, 0.025971274822950363, 0.9995179176330566, -0.0170137882232666, 0.023306380957365036, 0.9996646046638489, -0.01128663495182991, 0.019758811220526695, 0.9998003244400024, -0.0029904739931225777, 0.01755226030945778, 0.999845564365387, -0.0008997197728604078, 0.008458634838461876, 0.9999284148216248, -0.008460288867354393, 0.007157086860388517, 0.9998210072517395, -0.01751037873327732, 0.011238500475883484, 0.9996073842048645, -0.025666380301117897, 0.02202260121703148, 0.9996800422668457, -0.012444717809557915, 0.03340446203947067, 0.9994252324104309, -0.005759308580309153, 0.02316080965101719, 0.9996597170829773, 0.012001832015812397, 0.018064703792333603, 0.9996506571769714, 0.0192913506180048, 0.009226721711456776, 0.9997802972793579, 0.018820924684405327, -0.0019094827584922314, 0.9997507333755493, 0.02224530652165413, -0.002235264051705599, 0.9999445080757141, 0.010301506146788597, -0.0032535626087337732, 0.9999620914459229, 0.008085557259619236, 0.0028366046026349068, 0.9999586939811707, 0.00863637775182724, 0.006904182489961386, 0.9998863339424133, 0.01340505387634039, 0.006206424441188574, 0.9997766017913818, 0.02020176500082016, -0.005673548672348261, 0.9996716380119324, 0.02498699352145195, -0.029687436297535896, 0.9993534684181213, 0.020278388634324074, -0.029922809451818466, 0.9993696808815002, 0.019102109596133232, -0.020641662180423737, 0.9997328519821167, 0.010402909480035305, -0.017630593851208687, 0.9998178482055664, -0.007312281988561153, -0.014355878345668316, 0.9997491836547852, -0.017188552767038345, -0.009669208899140358, 0.9999033212661743, -0.00999297946691513, -0.007040004711598158, 0.9999752640724182, -0.00010090842260979116, -0.009525280445814133, 0.9999542236328125, 0.000988093321211636, -0.012448105029761791, 0.9999200105667114, -0.002245689043775201, -0.020997926592826843, 0.9997193217277527, -0.010972097516059875, -0.01691887527704239, 0.9996266961097717, -0.021452339366078377, -0.015446634963154793, 0.9992176294326782, -0.03640853986144066, 0.003477903315797448, 0.9994555115699768, -0.032811153680086136, 0.024778379127383232, 0.999360978603363, -0.025761965662240982, 0.012819669209420681, 0.9997599124908447, -0.017767637968063354, 0.014163044281303883, 0.9998801350593567, -0.006254564970731735, 0.01463155448436737, 0.9998916983604431, -0.0015664976090192795, 0.0034851583186537027, 0.9999616146087646, -0.008043885231018066, 0.004572640638798475, 0.9999522566795349, -0.008631877601146698, 0.011692029424011707, 0.9997984170913696, -0.016324998810887337]
            ta (float, 388):  [1.0, -0.0001398357708239928, 2.0296946345865763e-08, 1.0, 0.9998691082000732, -0.016180990263819695, 7.562639802927151e-05, 1.0, 0.9998735189437866, -0.015908146277070045, -5.00285432281089e-06, 1.0, 0.9999589323997498, -0.009063223376870155, 3.950739028368844e-06, 1.0, 0.9999997615814209, -0.0006328970775939524, -1.348736259387806e-05, 1.0, 0.9999539256095886, 0.00959858950227499, -0.00012076801067451015, 1.0, 0.999799370765686, 0.02003084309399128, -0.00023918459191918373, 1.0, 0.9998423457145691, 0.017757005989551544, -0.00023780157789587975, 1.0, 0.9999919533729553, 0.003999877255409956, -3.394991290406324e-05, 1.0, 0.9999093413352966, -0.013462129980325699, 9.717024659039453e-05, 1.0, 0.999730110168457, -0.02323497273027897, 0.00013727661280427128, 1.0, 0.9996591210365295, -0.026109861209988594, 0.0002213293919339776, 1.0, 0.9997972249984741, -0.020139066502451897, 0.00013282567670103163, 1.0, 0.9999983906745911, -0.0017813261365517974, 6.15521494182758e-05, 1.0, 0.9999164938926697, 0.012919679284095764, -1.927191533468431e-06, 1.0, 0.9997929334640503, 0.02034820057451725, 4.7086516133276746e-05, 1.0, 0.9997263550758362, 0.023392152041196823, 2.4376498913625255e-05, 1.0, 0.999769926071167, 0.021451089531183243, -6.793659849790856e-05, 1.0, 0.9997801184654236, 0.020972244441509247, -5.79788138566073e-05, 1.0, 0.9997053146362305, 0.024275250732898712, -1.1524880392244086e-05, 1.0, 0.999524712562561, 0.030825622379779816, 3.9965169662536937e-07, 1.0, 0.9991834163665771, 0.04040618613362312, -4.142475518165156e-05, 1.0, 0.9990586638450623, 0.04338071867823601, -3.810838461504318e-05, 1.0, 0.9994948506355286, 0.03178057447075844, 1.6110237993416376e-05, 1.0, 0.9999188780784607, 0.012733868323266506, 1.1002814517269144e-06, 1.0, 0.9999209046363831, -0.012576812878251076, -4.1276871343143284e-06, 1.0, 0.9994781017303467, -0.032304439693689346, -5.438206426333636e-05, 1.0, 0.9991284608840942, -0.04174160212278366, -2.596691956568975e-05, 1.0, 0.9992318749427795, -0.039187900722026825, -1.9004225748631143e-07, 1.0, 0.9994381070137024, -0.033519111573696136, -6.731938356097089e-06, 1.0, 0.9997612237930298, -0.021852053701877594, 5.782353582617361e-06, 1.0, 0.9999054670333862, -0.013755695894360542, 9.004740422824398e-05, 1.0, 0.9998900294303894, -0.014832455664873123, 0.00010870650294236839, 1.0, 0.9998267889022827, -0.018611392006278038, -5.1842704124283046e-05, 1.0, 0.999622106552124, -0.027488982304930687, -0.00016722831060178578, 1.0, 0.99985271692276, -0.01716388203203678, 1.5906971384538338e-05, 1.0, 0.9999517798423767, -0.009818985126912594, 2.2013882698956877e-05, 1.0, 0.9999874234199524, -0.005028287880122662, 3.989248216385022e-05, 1.0, 0.9999624490737915, 0.008667100220918655, 6.293357273534639e-06, 1.0, 0.9999702572822571, 0.007714516017585993, 1.0518308044993319e-05, 1.0, 0.9999946355819702, 0.003282171208411455, -3.5780474263447104e-06, 1.0, 0.9999805092811584, -0.006240701302886009, 1.0124897926289123e-05, 1.0, 0.9999375343322754, -0.011175782419741154, -1.9602426618803293e-05, 1.0, 0.9998681545257568, -0.016235997900366783, 2.820526424329728e-05, 1.0, 0.9999994039535522, -0.0011206036433577538, 3.356745219207369e-05, 1.0, 0.9997753500938416, 0.02119940146803856, -1.3492634025169536e-05, 1.0, 0.9997870326042175, 0.020636487752199173, 3.053936552532832e-06, 1.0, 0.9997863173484802, 0.020675400272011757, -1.950562364072539e-05, 1.0, 0.9998164772987366, 0.019158154726028442, 9.050237167684827e-06, 1.0, 0.9998815655708313, 0.015388192608952522, 5.649227659887401e-06, 1.0, 0.9999366998672485, 0.011245926842093468, 3.283146725152619e-05, 1.0, 0.9999293088912964, 0.011893357150256634, 2.282646619278239e-06, 1.0, 0.9999138116836548, 0.013124926947057247, 8.604744721196766e-07, 1.0, 0.999747097492218, 0.022487180307507515, -2.308149305463303e-06, 1.0, 0.9996792078018188, 0.025327323004603386, 4.07308543799445e-05, 1.0, 0.9997349977493286, 0.023018741980195045, 3.349692633491941e-06, 1.0, 0.9999234676361084, 0.012354572303593159, 0.0005810054717585444, 1.0, 0.9999865293502808, -0.005205538589507341, -2.7442047212389298e-05, 1.0, 0.9996626377105713, -0.025974787771701813, 1.4495077266474254e-05, 1.0, 0.9997283220291138, -0.023308007046580315, -1.2633406186068896e-05, 1.0, 0.9998047947883606, -0.01975889503955841, 8.486479714520101e-07, 1.0, 0.9998459219932556, -0.017552267760038376, -2.2756050839234376e-06, 1.0, 0.9999642372131348, -0.008458949625492096, -1.395135882376053e-06, 1.0, 0.9999744892120361, -0.007158495485782623, -1.7735750589054078e-05, 1.0, 0.9999368190765381, -0.011243355460464954, -4.4871398131363094e-05, 1.0, 0.9997574090957642, -0.022023595869541168, 5.7072720665019006e-05, 1.0, 0.9994418621063232, -0.03340506926178932, -9.08643505681539e-06, 1.0, 0.999731719493866, -0.023162003606557846, -3.9481154090026394e-05, 1.0, 0.999836802482605, -0.018067942932248116, -6.434420356526971e-06, 1.0, 0.9999574422836304, -0.009228243492543697, -6.066026799089741e-06, 1.0, 0.9999982118606567, 0.0019098427146673203, 5.063398475613212e-06, 1.0, 0.9999975562095642, 0.0022351143416017294, 2.6092426196555607e-05, 1.0, 0.9999947547912598, 0.0032536571379750967, 1.4079831771596218e-06, 1.0, 0.9999959468841553, -0.002836659550666809, -5.918477654631715e-06, 1.0, 0.9999760985374451, -0.006904168054461479, -4.7292563976952806e-05, 1.0, 0.9999808073043823, -0.006206266116350889, -7.054090383462608e-05, 1.0, 0.9999838471412659, 0.005681715440005064, -0.0002557871048338711, 1.0, 0.9995591044425964, 0.029693828895688057, -1.3997106179886032e-05, 1.0, 0.9995520710945129, 0.029928255826234818, 7.103617463144474e-07, 1.0, 0.9997869729995728, 0.02064255252480507, 2.1712823581765406e-05, 1.0, 0.9998445510864258, 0.01763094775378704, -1.6252843124675564e-05, 1.0, 0.9998968839645386, 0.014358202926814556, 1.1946783160965424e-05, 1.0, 0.9999532103538513, 0.009669694118201733, 1.9042501264721068e-07, 1.0, 0.9999752640724182, 0.007040004711598158, -5.145099635228689e-08, 1.0, 0.9999546408653259, 0.009525284171104431, 1.875793174122009e-07, 1.0, 0.999922513961792, 0.012448113411664963, -9.645757018006407e-06, 1.0, 0.9997795224189758, 0.02099921554327011, 2.0828365450142883e-06, 1.0, 0.9998568892478943, 0.016919972375035286, -0.00013054467854090035, 1.0, 0.9998804926872253, 0.015458420850336552, 4.223515497869812e-05, 1.0, 0.9999939799308777, -0.0034758334513753653, 0.0001201460327138193, 1.0, 0.9996927976608276, -0.024785606190562248, 3.872997694998048e-05, 1.0, 0.9999178051948547, -0.012821493670344353, 1.125045855587814e-05, 1.0, 0.9998997449874878, -0.014163162559270859, 2.512374885554891e-05, 1.0, 0.9998930096626282, -0.014631574973464012, -6.111994110824526e-08, 1.0, 0.9999939799308777, -0.003485215362161398, 6.937076705071377e-06, 1.0, 0.9999895095825195, -0.004572798497974873, 1.4909904848536826e-06, 1.0, 0.9999316334724426, -0.011693578213453293, 6.220819273039524e-07, 1.0]
            u0 (float, 194):  [0.5, 0.5, 0.666072428226471, 0.5, 0.6627413630485535, 0.46762871742248535, 0.6389751434326172, 0.4424346089363098, 0.6254839301109314, 0.41615432500839233, 0.6159483194351196, 0.38405168056488037, 0.5901381373405457, 0.365098774433136, 0.5616472363471985, 0.3511703610420227, 0.5302003622055054, 0.34817248582839966, 0.5, 0.34001755714416504, 0.4687860608100891, 0.3430769443511963, 0.4389420449733734, 0.3525930643081665, 0.41544389724731445, 0.3734528422355652, 0.3890312612056732, 0.38903123140335083, 0.37005171179771423, 0.41317135095596313, 0.35031405091285706, 0.43799805641174316, 0.33645689487457275, 0.4674692749977112, 0.33404308557510376, 0.5, 0.34414535760879517, 0.5310014188289642, 0.35478436946868896, 0.5601502656936646, 0.37186387181282043, 0.5856178104877472, 0.3938867747783661, 0.6061132252216339, 0.416709303855896, 0.6246533095836639, 0.43971630930900574, 0.6455376744270325, 0.4697645902633667, 0.6520037353038788, 0.5, 0.6560523509979248, 0.5321810841560364, 0.6617852747440338, 0.5606887936592102, 0.6465157568454742, 0.5884423851966858, 0.6323634088039398, 0.6085757613182068, 0.6085757613182068, 0.624601423740387, 0.5832560360431671, 0.643291711807251, 0.55935338139534, 0.6489025950431824, 0.5296185612678528, 0.8169904351234436, 0.5, 0.8442342281341553, 0.4315275549888611, 0.8034201860427856, 0.37431925535202026, 0.7445695400238037, 0.33658385276794434, 0.7430073618888855, 0.2569926381111145, 0.6871871948242188, 0.21985459327697754, 0.6272763013839722, 0.19272774457931519, 0.5672223567962646, 0.16205042600631714, 0.5, 0.1654289960861206, 0.43436378240585327, 0.17002451419830322, 0.382858544588089, 0.2171955108642578, 0.3056914806365967, 0.20919674634933472, 0.25363072752952576, 0.25363069772720337, 0.2566256523132324, 0.3373824954032898, 0.19146762788295746, 0.37220168113708496, 0.17511530220508575, 0.4353764057159424, 0.18640629947185516, 0.5, 0.18772654235363007, 0.5621150434017181, 0.2084381878376007, 0.6207688450813293, 0.2124449759721756, 0.6921381056308746, 0.2763155400753021, 0.7236844599246979, 0.3114688992500305, 0.7821567207574844, 0.3828549087047577, 0.7828132957220078, 0.4330999553203583, 0.8363292962312698, 0.5, 0.8440907895565033, 0.5611737370491028, 0.807541161775589, 0.6228376030921936, 0.7965561747550964, 0.6919640898704529, 0.7872945815324783, 0.7346530556678772, 0.7346530258655548, 0.7622016668319702, 0.675197571516037, 0.7743204236030579, 0.6136272549629211, 0.7982363700866699, 0.5593228936195374, 0.9957482218742371, 0.5, 0.9059095978736877, 0.41925954818725586, 0.9875593185424805, 0.2980462908744812, 0.857139527797699, 0.26136696338653564, 0.8735347986221313, 0.12646520137786865, 0.7421655058860779, 0.13757365942001343, 0.7048565745353699, 0.005432546138763428, 0.5969143509864807, 0.012778759002685547, 0.5, 0.034231603145599365, 0.40872886776924133, 0.0411490797996521, 0.3131140172481537, 0.04881727695465088, 0.23409588634967804, 0.10204637050628662, 0.191534161567688, 0.191534161567688, 0.15055842697620392, 0.26651060581207275, 0.0686022937297821, 0.3213092088699341, -0.02153642289340496, 0.39625996351242065, 0.01596396416425705, 0.5, 0.10774342715740204, 0.578024685382843, 0.024854343384504318, 0.6968117654323578, 0.08443409204483032, 0.7776722609996796, 0.12686939537525177, 0.8731306046247482, 0.2679104208946228, 0.8473465889692307, 0.30762979388237, 0.9644227661192417, 0.42247289419174194, 0.8897551447153091, 0.5, 0.9885861752554774, 0.5839453339576721, 0.9220218285918236, 0.6619344353675842, 0.8909443318843842, 0.7904242277145386, 0.9346505776047707, 0.7861538529396057, 0.7861538678407669, 0.8895840048789978, 0.7603117078542709, 0.9799022078514099, 0.6987819969654083, 0.9177664518356323, 0.5830989181995392]
            tri (int, 480):  [0, 2, 1, 0, 3, 2, 0, 4, 3, 0, 5, 4, 0, 6, 5, 0, 7, 6, 0, 8, 7, 0, 9, 8, 0, 10, 9, 0, 11, 10, 0, 12, 11, 0, 13, 12, 0, 14, 13, 0, 15, 14, 0, 16, 15, 0, 17, 16, 0, 18, 17, 0, 19, 18, 0, 20, 19, 0, 21, 20, 0, 22, 21, 0, 23, 22, 0, 24, 23, 0, 25, 24, 0, 26, 25, 0, 27, 26, 0, 28, 27, 0, 29, 28, 0, 30, 29, 0, 31, 30, 0, 32, 31, 0, 1, 32, 1, 34, 33, 1, 2, 34, 2, 35, 34, 2, 3, 35, 3, 36, 35, 3, 4, 36, 4, 37, 36, 4, 5, 37, 5, 38, 37, 5, 6, 38, 6, 39, 38, 6, 7, 39, 7, 40, 39, 7, 8, 40, 8, 41, 40, 8, 9, 41, 9, 42, 41, 9, 10, 42, 10, 43, 42, 10, 11, 43, 11, 44, 43, 11, 12, 44, 12, 45, 44, 12, 13, 45, 13, 46, 45, 13, 14, 46, 14, 47, 46, 14, 15, 47, 15, 48, 47, 15, 16, 48, 16, 49, 48, 16, 17, 49, 17, 50, 49, 17, 18, 50, 18, 51, 50, 18, 19, 51, 19, 52, 51, 19, 20, 52, 20, 53, 52, 20, 21, 53, 21, 54, 53, 21, 22, 54, 22, 55, 54, 22, 23, 55, 23, 56, 55, 23, 24, 56, 24, 57, 56, 24, 25, 57, 25, 58, 57, 25, 26, 58, 26, 59, 58, 26, 27, 59, 27, 60, 59, 27, 28, 60, 28, 61, 60, 28, 29, 61, 29, 62, 61, 29, 30, 62, 30, 63, 62, 30, 31, 63, 31, 64, 63, 31, 32, 64, 32, 33, 64, 33, 32, 1, 33, 66, 65, 33, 34, 66, 34, 67, 66, 34, 35, 67, 35, 68, 67, 35, 36, 68, 36, 69, 68, 36, 37, 69, 37, 70, 69, 37, 38, 70, 38, 71, 70, 38, 39, 71, 39, 72, 71, 39, 40, 72, 40, 73, 72, 40, 41, 73, 41, 74, 73, 41, 42, 74, 42, 75, 74, 42, 43, 75, 43, 76, 75, 43, 44, 76, 44, 77, 76, 44, 45, 77, 45, 78, 77, 45, 46, 78, 46, 79, 78, 46, 47, 79, 47, 80, 79, 47, 48, 80, 48, 81, 80, 48, 49, 81, 49, 82, 81, 49, 50, 82, 50, 83, 82, 50, 51, 83, 51, 84, 83, 51, 52, 84, 52, 85, 84, 52, 53, 85, 53, 86, 85, 53, 54, 86, 54, 87, 86, 54, 55, 87, 55, 88, 87, 55, 56, 88, 56, 89, 88, 56, 57, 89, 57, 90, 89, 57, 58, 90, 58, 91, 90, 58, 59, 91, 59, 92, 91, 59, 60, 92, 60, 93, 92, 60, 61, 93, 61, 94, 93, 61, 62, 94, 62, 95, 94, 62, 63, 95, 63, 96, 95, 63, 64, 96, 64, 65, 96, 65, 64, 33]
            boundingsphere (float, 4):  [-0.20514535903930664, 0.11460999399423599, 0.04758119583129883, 8.568524809783273]
            aabb:
                min (float, 3):  [-8.29764461517334, 0.03721999004483223, -7.773406028747559]
                max (float, 3):  [7.887353897094727, 0.19200000166893005, 7.868568420410156]
            material:
                shader (str, 1):  ['PdxMeshAlphaBlend']
                diff (str, 1):  ['air_winter_boreal_continental_thaw_flood_diff.dds']
                spec (str, 1):  ['air_winter_boreal_continental_thaw_flood_spec.dds']
                n (str, 1):  ['air_winter_boreal_continental_thaw_flood_n.dds']
locator:
