pdxasset (int, 2):  [1, 0]
object:
    air_winter_island_oceanic_phase_3:
        mesh:
            p (float, 291):  [0.0, 0.37439998984336853, 0.0, 3.267596960067749, 0.3352699875831604, 0.0, 3.235440254211426, 0.3086514472961426, 0.6435690522193909, 2.949963092803955, 0.2655467987060547, 1.2219147682189941, 2.842294454574585, 0.2204848974943161, 1.8991605043411255, 2.3663222789764404, 0.1886543482542038, 2.3663222789764404, 1.8654463291168213, 0.18078398704528809, 2.791837692260742, 1.2433220148086548, 0.1995266079902649, 3.001645088195801, 0.6602781414985657, 0.23856478929519653, 3.3194425106048584, 2.0500365198503447e-16, 0.28474029898643494, 3.347963571548462, -0.6432577967643738, 0.3224892020225525, 3.233875274658203, -1.1949447393417358, 0.3390878140926361, 2.8848519325256348, -1.8034361600875854, 0.32894137501716614, 2.69903302192688, -2.427412986755371, 0.29546988010406494, 2.427412986755371, -2.7312569618225098, 0.24995523691177368, 1.824967622756958, -2.9752252101898193, 0.20773865282535553, 1.2323787212371826, -3.2464711666107178, 0.18304969370365143, 0.6457632780075073, -3.1355113983154297, 0.18421001732349396, 3.8398941644573223e-16, -3.14095139503479, 0.21082854270935059, -0.6247740983963013, -3.1082022190093994, 0.2539331912994385, -1.2874594926834106, -2.7053401470184326, 0.29899510741233826, -1.8076505661010742, -2.279345989227295, 0.33082565665245056, -2.279345989227295, -1.9078270196914673, 0.3386960029602051, -2.855264902114868, -1.2520430088043213, 0.31995341181755066, -3.0226991176605225, -0.6333783864974976, 0.28091520071029663, -3.1842081546783447, -5.720098725498608e-16, 0.23473969101905823, -3.1138768196105957, 0.6435016989707947, 0.19699078798294067, -3.2351016998291016, 1.2482352256774902, 0.18039219081401825, -3.0135064125061035, 1.7699198722839355, 0.19053862988948822, -2.6488723754882812, 2.4176902770996094, 0.22401012480258942, -2.4176902770996094, 2.7505669593811035, 0.26952478289604187, -1.8378701210021973, 3.028693675994873, 0.31174135208129883, -1.2545260190963745, 3.3285746574401855, 0.33643031120300293, -0.6620946526527405, 6.378927230834961, 0.2557099759578705, 0.0, 7.074974536895752, 0.22909145057201385, 1.4072998762130737, 6.278007507324219, 0.18598680198192596, 2.600435972213745, 5.287567138671875, 0.14092490077018738, 3.5330395698547363, 4.570991516113281, 0.10909435153007507, 4.570991516113281, 4.000329494476318, 0.10122399032115936, 5.9869160652160645, 2.557669162750244, 0.11996660381555557, 6.174759864807129, 1.137193202972412, 0.1590047925710678, 5.717055797576904, 4.3069984241545867e-16, 0.2051803171634674, 7.033862113952637, -1.2495388984680176, 0.24292920529842377, 6.281856536865234, -2.388139009475708, 0.2595278024673462, 5.765477657318115, -3.614438533782959, 0.24938137829303741, 5.409389495849609, -4.315927982330322, 0.21590986847877502, 4.315927982330322, -5.626689910888672, 0.17039522528648376, 3.759633779525757, -6.188696384429932, 0.1281786561012268, 2.5634419918060303, -6.348110198974609, 0.10348968952894211, 1.262717604637146, -6.500831604003906, 0.10465002059936523, 7.961222966573766e-16, -6.168389320373535, 0.13126854598522186, -1.2269690036773682, -6.286879062652588, 0.17437320947647095, -2.6041107177734375, -5.826225280761719, 0.21943511068820953, -3.8929593563079834, -4.159818172454834, 0.25126564502716064, -4.159818172454834, -3.7311267852783203, 0.25913602113723755, -5.584025859832764, -2.666285991668701, 0.24039340019226074, -6.436984062194824, -1.4112221002578735, 0.2013552039861679, -7.094692707061768, -1.2722306754026319e-15, 0.1551796942949295, -6.925701141357422, 1.4004236459732056, 0.11743079125881195, -7.0404052734375, 2.574031114578247, 0.10083219408988953, -6.214261054992676, 3.9042727947235107, 0.1109786257147789, -5.8431572914123535, 4.858233451843262, 0.1444501280784607, -4.858233451843262, 5.130579471588135, 0.18996477127075195, -3.4281435012817383, 6.317406177520752, 0.2321813553571701, -2.616755247116089, 6.5713210105896, 0.256870299577713, -1.307116985321045, 9.702249526977539, 0.12727764248847961, 0.0, 8.604299545288086, 0.1178828701376915, 1.7115015983581543, 10.165574073791504, 0.10266945511102676, 4.210718631744385, 8.796209335327148, 0.08676525950431824, 5.877439498901367, 7.4290313720703125, 0.07553094625473022, 7.4290313720703125, 4.880712032318115, 0.0727531686425209, 7.304501533508301, 3.2732009887695312, 0.0793682113289833, 7.9022064208984375, 1.6777262687683105, 0.09314639866352081, 8.434499740600586, 5.64576046706961e-16, 0.10944364219903946, 9.220226287841797, -1.774049997329712, 0.12276677787303925, 8.91875171661377, -3.9714341163635254, 0.12862510979175568, 9.587889671325684, -5.15636682510376, 0.12504401803016663, 7.717048168182373, -7.895977020263672, 0.11323054134845734, 7.895977020263672, -6.806663513183594, 0.09716655313968658, 4.548067092895508, -8.566306114196777, 0.08226658403873444, 3.5482802391052246, -10.584149360656738, 0.07355283200740814, 2.105318307876587, -9.604972839355469, 0.07396236062049866, 1.176269995170837e-15, -9.94900131225586, 0.08335713297128677, -1.978979468345642, -9.888669967651367, 0.09857054054737091, -4.0960211753845215, -8.337414741516113, 0.11447474360466003, -5.570882320404053, -6.051307201385498, 0.12570905685424805, -6.051307201385498, -4.543171405792236, 0.12848682701587677, -6.799336910247803, -4.255573749542236, 0.12187178432941437, -10.273863792419434, -1.8187025785446167, 0.10809360444545746, -9.143235206604004, -1.7740045230266069e-15, 0.09179636090993881, -9.657230377197266, 1.631601095199585, 0.07847321778535843, -8.20261287689209, 3.6800906658172607, 0.0726148933172226, -8.88452434539795, 5.075802326202393, 0.07619598507881165, -7.596475124359131, 6.036459445953369, 0.08800945430994034, -6.036459445953369, 8.452193260192871, 0.10407344996929169, -5.6475749015808105, 9.39377212524414, 0.11897341907024384, -3.8910276889801025, 9.749478340148926, 0.12768717110157013, -1.9392917156219482]
            n (float, 291):  [-0.0003916386340279132, 0.9999998211860657, -0.00038497510831803083, 0.017422720789909363, 0.9997050762176514, 0.016914373263716698, 0.011316809803247452, 0.9988730549812317, 0.04609163850545883, 0.005104808136820793, 0.9979518055915833, 0.06376656889915466, 0.0021908823400735855, 0.9983373284339905, 0.05760038644075394, 0.011679369956254959, 0.9988991022109985, 0.04543345421552658, 0.025564026087522507, 0.9992589354515076, 0.02877700701355934, 0.04656362533569336, 0.9986223578453064, 0.024189570918679237, 0.06182834878563881, 0.997852087020874, 0.021645130589604378, 0.054125480353832245, 0.998219907283783, 0.025050809606909752, 0.025319255888462067, 0.9993484616279602, 0.02571885846555233, -0.0027044126763939857, 0.99984210729599, 0.017562173306941986, -0.032233234494924545, 0.9994785785675049, 0.0019026761874556541, -0.0514872781932354, 0.9985419511795044, -0.016216550022363663, -0.057290997356176376, 0.9978740215301514, -0.031066173687577248, -0.05187394842505455, 0.9983277916908264, -0.02550736628472805, -0.04113591089844704, 0.999108612537384, -0.00947326235473156, -0.044177986681461334, 0.9989145994186401, 0.014765406027436256, -0.0472266748547554, 0.9979625940322876, 0.04289805144071579, -0.04828131943941116, 0.9979057908058167, 0.04304742068052292, -0.043354034423828125, 0.9987720251083374, 0.023975923657417297, -0.03222179040312767, 0.9994685053825378, 0.004951346665620804, -0.009039169177412987, 0.9998350143432617, -0.01575600355863571, 0.026754282414913177, 0.9991576075553894, -0.031118327751755714, 0.05001496896147728, 0.9981697201728821, -0.033995550125837326, 0.053627241402864456, 0.9979747533798218, -0.03421373292803764, 0.037780433893203735, 0.9988870620727539, -0.028237296268343925, 0.02176801860332489, 0.9991772174835205, -0.03422139585018158, -0.004107710439711809, 0.9985998272895813, -0.05274074152112007, -0.011203530244529247, 0.9984085559844971, -0.055270519107580185, -0.0059879315085709095, 0.9981298446655273, -0.0608348548412323, 0.0018715920159593225, 0.9987438917160034, -0.0500708632171154, 0.014980586245656013, 0.9997614026069641, -0.015897344797849655, 0.031257349997758865, 0.9994469285011292, 0.01134686078876257, 0.031540390104055405, 0.9992652535438538, 0.021775418892502785, 0.010046178475022316, 0.999321699142456, 0.03543078526854515, 0.00044851331040263176, 0.9993458986282349, 0.03616092726588249, 0.00505111925303936, 0.9997494220733643, 0.02180684357881546, 0.010731346905231476, 0.9998323321342468, 0.014836074784398079, 0.020383119583129883, 0.9996567964553833, 0.01645432598888874, 0.045551590621471405, 0.9987598061561584, 0.020097650587558746, 0.02927517332136631, 0.9990391135215759, 0.032616276293992996, 0.012319776229560375, 0.9993215799331665, 0.03470820561051369, -0.008050947450101376, 0.9995540380477905, 0.028755148872733116, -0.027027219533920288, 0.9994707703590393, 0.01810447871685028, -0.040821827948093414, 0.9991608262062073, -0.0033738664351403713, -0.04153996333479881, 0.9990692138671875, -0.011625015176832676, -0.027835829183459282, 0.9995622038841248, -0.010023396462202072, -0.019054919481277466, 0.999802827835083, -0.005594109650701284, -0.017247077077627182, 0.9998172521591187, 0.008242606185376644, -0.026146262884140015, 0.999336302280426, 0.02536579594016075, -0.031850993633270264, 0.999271810054779, 0.021010691300034523, -0.028151992708444595, 0.9995585680007935, -0.009493865072727203, -0.033656805753707886, 0.9993144273757935, -0.015427413396537304, -0.034458227455616, 0.9990153908729553, -0.027944084256887436, -0.0030766488052904606, 0.9995241761207581, -0.03069259598851204, 0.02597123011946678, 0.9990810751914978, -0.03409525379538536, 0.03230110928416252, 0.9991622567176819, -0.025126570835709572, 0.02275889180600643, 0.999575138092041, -0.018210191279649734, 0.009813192300498486, 0.9998049139976501, -0.017139233648777008, 0.0003682788519654423, 0.9997095465660095, -0.02409796230494976, -0.0006702049868181348, 0.999363362789154, -0.03567035123705864, 0.001093485509045422, 0.9989762306213379, -0.04522531107068062, 0.016890814527869225, 0.9993528127670288, -0.03175928443670273, 0.02930765226483345, 0.9995222091674805, -0.00981053151190281, 0.04312010854482651, 0.999029815196991, 0.008949913084506989, 0.03976617008447647, 0.9991245269775391, 0.012991555966436863, 0.013433440588414669, 0.9996846914291382, 0.0212165005505085, 0.002239117631688714, 0.9997484087944031, 0.022318730130791664, 0.0007320904405787587, 0.9998793005943298, 0.015520988963544369, 0.005947227589786053, 0.9998810887336731, 0.014227589592337608, 0.015125893987715244, 0.9997332096099854, 0.017456024885177612, 0.032003190368413925, 0.9991987943649292, 0.024030793458223343, 0.020001031458377838, 0.9991004467010498, 0.03739483281970024, 0.005471382290124893, 0.9990592002868652, 0.043021515011787415, -0.011465081945061684, 0.9993669390678406, 0.0336785614490509, -0.02418881468474865, 0.999418318271637, 0.02404090203344822, -0.030807550996541977, 0.9994919300079346, 0.008169012144207954, -0.040510762482881546, 0.9991697072982788, -0.004343327134847641, -0.01762676239013672, 0.9998445510864258, 7.545352855231613e-05, -0.010174533352255821, 0.9999461770057678, -0.002031405922025442, -0.010397559031844139, 0.9999363422393799, 0.004383488558232784, -0.01813685894012451, 0.9997276067733765, 0.014689309522509575, -0.025757210329174995, 0.9996285438537598, 0.00890885479748249, -0.026366116479039192, 0.9995744824409485, -0.012480951845645905, -0.03001626767218113, 0.9987233877182007, -0.04062757268548012, -0.052792757749557495, 0.9981649518013, -0.029659533873200417, -0.009433628991246223, 0.9993417263031006, -0.03503178805112839, 0.018010910600423813, 0.9990777373313904, -0.0389777235686779, 0.020429641008377075, 0.999330461025238, -0.030353575944900513, 0.01770729199051857, 0.9996480345726013, -0.019758079200983047, 0.004775815177708864, 0.9998953342437744, -0.013661210425198078, 0.005075405351817608, 0.9998365044593811, -0.017360229045152664, 0.005439929664134979, 0.9994785189628601, -0.03182836249470711, 0.009620214812457561, 0.9993501305580139, -0.034738823771476746, 0.022959230467677116, 0.999420702457428, -0.025122787803411484, 0.036557622253894806, 0.9993044137954712, -0.0073556434363126755]
            ta (float, 388):  [0.9999999403953552, 0.0003916390414815396, -2.0309380843741565e-08, 1.0, 0.9998481869697571, -0.017425572499632835, 2.1170320906094275e-05, 1.0, 0.9999358654022217, -0.011325373314321041, -7.535791519330814e-05, 1.0, 0.9999869465827942, -0.005098388995975256, -0.00026338189491070807, 1.0, 0.9999975562095642, -0.0021775620989501476, -0.0002940162958111614, 1.0, 0.9999316930770874, -0.01168532483279705, -0.00013453060819301754, 1.0, 0.9996729493141174, -0.025575777515769005, 4.029542105854489e-05, 1.0, 0.9989144206047058, -0.046582192182540894, 0.000204108830075711, 1.0, 0.9980854988098145, -0.0618487186729908, 0.0002719832700677216, 1.0, 0.9985331296920776, -0.05414567142724991, 0.00012772486661560833, 1.0, 0.9996790885925293, -0.025332370772957802, 0.00018424920563120395, 1.0, 0.9999963641166687, 0.0027048864867538214, -3.211906687283772e-06, 1.0, 0.9994803667068481, 0.03223329409956932, -2.891789108616649e-06, 1.0, 0.998673141002655, 0.051496874541044235, 0.00017399361240677536, 1.0, 0.9983556270599365, 0.05732392519712448, 0.00016942544607445598, 1.0, 0.9986527562141418, 0.051891665905714035, 3.2565607398282737e-05, 1.0, 0.9991534352302551, 0.04113774374127388, -1.4658510281151393e-06, 1.0, 0.9990234375, 0.04418302699923515, -1.5432655345648527e-05, 1.0, 0.998881995677948, 0.04727402329444885, -8.933838398661464e-05, 1.0, 0.998831570148468, 0.04832848906517029, -5.5144693760666996e-05, 1.0, 0.9990590810775757, 0.04336966201663017, -0.00013182971451897174, 1.0, 0.9994807243347168, 0.03222234919667244, -3.287816434749402e-05, 1.0, 0.9999590516090393, 0.009039238095283508, -6.684844265691936e-05, 1.0, 0.9996413588523865, -0.026775086298584938, -0.00025210529565811157, 1.0, 0.9987464547157288, -0.050055280327796936, -0.00033515141694806516, 1.0, 0.9985587000846863, -0.05367109924554825, -0.00036400381941348314, 1.0, 0.9992852807044983, -0.03779970854520798, -0.00014908479352016002, 1.0, 0.999762773513794, -0.021781867370009422, -3.1947700335877016e-05, 1.0, 0.9999914169311523, 0.004126675892621279, 0.0002507273165974766, 1.0, 0.9999366998672485, 0.01124176662415266, 0.0003809539193753153, 1.0, 0.9999818205833435, 0.0060169571079313755, 0.0002939320111181587, 1.0, 0.9999982714653015, -0.0018700634827837348, 7.737238047411665e-05, 1.0, 0.9998877048492432, -0.014982460997998714, 1.1037396916435682e-06, 1.0, 0.9995113611221313, -0.031259406358003616, 3.6243181966710836e-06, 1.0, 0.9995018839836121, -0.03155665844678879, 0.00040364827145822346, 1.0, 0.9999494552612305, -0.010053546167910099, 2.980359386128839e-05, 1.0, 0.9999998807907104, -0.0004453642468433827, -9.513933036942035e-05, 1.0, 0.9999872446060181, -0.005053024273365736, 3.2263440516544506e-05, 1.0, 0.999942421913147, -0.010733397677540779, 5.8563058701111004e-05, 1.0, 0.9997921586036682, -0.020385242998600006, -3.883691897499375e-05, 1.0, 0.9989615678787231, -0.04556037485599518, -2.0801813661819324e-05, 1.0, 0.9995709657669067, -0.029290221631526947, -1.6431446056230925e-05, 1.0, 0.9999240636825562, -0.012319359928369522, -0.00022587580315303057, 1.0, 0.9999675750732422, 0.008054687641561031, -1.4238706171454396e-05, 1.0, 0.9996345043182373, 0.02703510783612728, -0.00019089751003775746, 1.0, 0.9991663694381714, 0.040822070091962814, 4.95348422191455e-06, 1.0, 0.9991366863250732, 0.04154352843761444, 6.527584628202021e-05, 1.0, 0.9996125102043152, 0.027837790548801422, 5.5512198741780594e-05, 1.0, 0.9998183846473694, 0.019055267795920372, 9.428289558854885e-06, 1.0, 0.9998512268066406, 0.01724758930504322, 8.998634257295635e-06, 1.0, 0.9996579885482788, 0.02615377865731716, 3.5488050343701616e-05, 1.0, 0.9994924068450928, 0.031858716160058975, -3.2810286938911304e-05, 1.0, 0.9996036291122437, 0.028153788298368454, 5.565861283685081e-05, 1.0, 0.9994332790374756, 0.03366076573729515, -2.839447688529617e-06, 1.0, 0.9994057416915894, 0.0344708152115345, -3.127413219772279e-05, 1.0, 0.9999952912330627, 0.00308099458925426, 9.431604121346027e-05, 1.0, 0.9996623396873474, -0.02598477527499199, 4.577183062792756e-05, 1.0, 0.9994779229164124, -0.03230968117713928, 6.487855716841295e-05, 1.0, 0.9997407793998718, -0.02276427671313286, -8.858070941641927e-05, 1.0, 0.9999517798423767, -0.009814738295972347, -6.110391950642224e-06, 1.0, 1.0, -0.0003685179690364748, -5.486959253175883e-06, 1.0, 0.9999996423721313, 0.0006617137114517391, -0.00024984151241369545, 1.0, 0.9999994039535522, -0.001092317746952176, 5.053455242887139e-05, 1.0, 0.9998572468757629, -0.01689702831208706, 7.27660590200685e-05, 1.0, 0.9995704293251038, -0.029309092089533806, -2.7071878321294207e-06, 1.0, 0.99906986951828, -0.04312155768275261, -3.108792589046061e-05, 1.0, 0.9992088675498962, -0.039769526571035385, -4.934359765229601e-08, 1.0, 0.9999096989631653, -0.013438116759061813, 7.787097274558619e-05, 1.0, 0.9999974966049194, -0.0022411327809095383, 6.527351797558367e-05, 1.0, 0.9999996423721313, -0.0007322534802369773, 4.817900389753049e-06, 1.0, 0.9999822974205017, -0.0059476010501384735, -1.6060645066318102e-05, 1.0, 0.999885618686676, -0.015127664431929588, -3.065235432586633e-05, 1.0, 0.999487578868866, -0.03201110288500786, -5.5667445849394426e-05, 1.0, 0.9997998476028442, -0.020005974918603897, -0.00024201172345783561, 1.0, 0.9999849796295166, -0.005478825885802507, 5.5116113799158484e-05, 1.0, 0.9999342560768127, 0.01147078163921833, 2.3984106519492343e-05, 1.0, 0.9997072815895081, 0.02419424057006836, 6.523187039420009e-05, 1.0, 0.9995253682136536, 0.030807942152023315, 7.87259778007865e-05, 1.0, 0.9991790652275085, 0.04051114618778229, 2.144167410733644e-06, 1.0, 0.9998446702957153, 0.01762676239013672, 2.928645699284971e-07, 1.0, 0.999948263168335, 0.010174542665481567, -6.298638254520483e-06, 1.0, 0.9999459981918335, 0.010397662408649921, -6.631685778302199e-07, 1.0, 0.9998353719711304, 0.018139051273465157, -1.6128946299431846e-05, 1.0, 0.9996681213378906, 0.025757838040590286, 4.3965894292341545e-05, 1.0, 0.9996523857116699, 0.0263674259185791, -5.9697347751352936e-05, 1.0, 0.9995486736297607, 0.030038781464099884, -5.632642569253221e-05, 1.0, 0.9986044764518738, 0.05281244218349457, -0.0001198460886371322, 1.0, 0.999955415725708, 0.009437191300094128, -6.363228749250993e-05, 1.0, 0.9998375773429871, -0.018023783341050148, 2.1090314476168714e-05, 1.0, 0.999791145324707, -0.020432041957974434, 0.00023106006847228855, 1.0, 0.9998430609703064, -0.01771106757223606, -1.613978747627698e-05, 1.0, 0.9999886155128479, -0.004775879438966513, 2.7950260118814185e-05, 1.0, 0.9999871253967285, -0.00507638044655323, -1.213447922054911e-05, 1.0, 0.9999852180480957, -0.00544249452650547, 6.049961029930273e-06, 1.0, 0.9999536871910095, -0.00962971244007349, -0.0001061029324773699, 1.0, 0.9997361302375793, -0.022970758378505707, -0.000170385668752715, 1.0, 0.9993314743041992, -0.03655862435698509, -1.2654472811846063e-06, 1.0]
            u0 (float, 194):  [0.5, 0.5, 0.6583138108253479, 0.5, 0.656755805015564, 0.4688193202018738, 0.6429245471954346, 0.44079869985580444, 0.6377080678939819, 0.4079864025115967, 0.614647388458252, 0.38535261154174805, 0.5903801321983337, 0.36473655700683594, 0.5602384805679321, 0.35457146167755127, 0.5319902300834656, 0.3391743302345276, 0.5, 0.33779245615005493, 0.46883440017700195, 0.34332001209259033, 0.44210538268089294, 0.360230028629303, 0.41262421011924744, 0.3692328929901123, 0.3823927938938141, 0.3823927640914917, 0.3676716685295105, 0.41158103942871094, 0.35585150122642517, 0.44029170274734497, 0.3427097201347351, 0.46871304512023926, 0.3480856716632843, 0.5, 0.3478221297264099, 0.5302700698375702, 0.3494088053703308, 0.5623769164085388, 0.36892732977867126, 0.5875799655914307, 0.389566570520401, 0.610433429479599, 0.40756651759147644, 0.6383364796638489, 0.4393390119075775, 0.6464486122131348, 0.4693130552768707, 0.65427365899086, 0.5, 0.6508661210536957, 0.5311774015426636, 0.6567394137382507, 0.560476541519165, 0.6460032165050507, 0.5857519507408142, 0.6283368468284607, 0.6171361804008484, 0.617136150598526, 0.633263885974884, 0.5890440940856934, 0.6467390060424805, 0.5607813000679016, 0.6612681746482849, 0.5320782363414764, 0.8090565800666809, 0.5, 0.8427797555923462, 0.43181687593460083, 0.8041670322418213, 0.374009907245636, 0.7561805844306946, 0.32882559299468994, 0.7214627861976624, 0.27853721380233765, 0.6938143968582153, 0.209936261177063, 0.6239180564880371, 0.20083528757095337, 0.5550965666770935, 0.2230108380317688, 0.5, 0.1592121124267578, 0.4394603371620178, 0.1956464648246765, 0.38429558277130127, 0.2206648588180542, 0.3248818516731262, 0.23791718482971191, 0.2908949553966522, 0.2908949851989746, 0.22738906741142273, 0.31784719228744507, 0.20016005635261536, 0.375802218914032, 0.19243651628494263, 0.43882179260253906, 0.18503722548484802, 0.5, 0.20114392042160034, 0.5594461560249329, 0.19540312886238098, 0.6261681616306305, 0.21772164106369019, 0.6886123716831207, 0.29845842719078064, 0.7015415728092194, 0.3192283511161804, 0.7705438733100891, 0.37081947922706604, 0.8118693828582764, 0.4316268265247345, 0.8437350988388062, 0.5, 0.8355475217103958, 0.5678499937057495, 0.8411049097776413, 0.6247107982635498, 0.8010785430669785, 0.6891605257987976, 0.7830986976623535, 0.7353795170783997, 0.735379546880722, 0.7485745549201965, 0.6660922169685364, 0.8060758709907532, 0.626780778169632, 0.8183779716491699, 0.5633293092250824, 0.9700702428817749, 0.5, 0.9168749451637268, 0.41707843542099, 0.9925181269645691, 0.29599231481552124, 0.9261729717254639, 0.21524035930633545, 0.8599336743354797, 0.14006632566452026, 0.7364686131477356, 0.1460997462272644, 0.6585853099822998, 0.11714118719100952, 0.5812851786613464, 0.09135174751281738, 0.5, 0.05328357219696045, 0.4140479564666748, 0.06788992881774902, 0.30758556723594666, 0.035470426082611084, 0.2501760423183441, 0.1261119842529297, 0.11744298040866852, 0.11744296550750732, 0.1702197939157486, 0.2796478867530823, 0.0849657878279686, 0.3280872106552124, -0.012797951698303223, 0.3979981541633606, 0.0346427746117115, 0.5, 0.017974724993109703, 0.595880776643753, 0.0208977572619915, 0.6984506547451019, 0.09605548530817032, 0.7699070870876312, 0.20681650936603546, 0.7931834906339645, 0.27988511323928833, 0.8294252306222916, 0.2938190996646881, 0.9977647096384317, 0.4118845760822296, 0.9429861977696419, 0.5, 0.9678890891373158, 0.5790504217147827, 0.8974134102463722, 0.6782989501953125, 0.9304517805576324, 0.7459206581115723, 0.8680462837219238, 0.7924641370773315, 0.7924641072750092, 0.9095054864883423, 0.7736228257417679, 0.9551246166229248, 0.6885187923908234, 0.9723584055900574, 0.593957930803299]
            tri (int, 480):  [0, 2, 1, 0, 3, 2, 0, 4, 3, 0, 5, 4, 0, 6, 5, 0, 7, 6, 0, 8, 7, 0, 9, 8, 0, 10, 9, 0, 11, 10, 0, 12, 11, 0, 13, 12, 0, 14, 13, 0, 15, 14, 0, 16, 15, 0, 17, 16, 0, 18, 17, 0, 19, 18, 0, 20, 19, 0, 21, 20, 0, 22, 21, 0, 23, 22, 0, 24, 23, 0, 25, 24, 0, 26, 25, 0, 27, 26, 0, 28, 27, 0, 29, 28, 0, 30, 29, 0, 31, 30, 0, 32, 31, 0, 1, 32, 1, 34, 33, 1, 2, 34, 2, 35, 34, 2, 3, 35, 3, 36, 35, 3, 4, 36, 4, 37, 36, 4, 5, 37, 5, 38, 37, 5, 6, 38, 6, 39, 38, 6, 7, 39, 7, 40, 39, 7, 8, 40, 8, 41, 40, 8, 9, 41, 9, 42, 41, 9, 10, 42, 10, 43, 42, 10, 11, 43, 11, 44, 43, 11, 12, 44, 12, 45, 44, 12, 13, 45, 13, 46, 45, 13, 14, 46, 14, 47, 46, 14, 15, 47, 15, 48, 47, 15, 16, 48, 16, 49, 48, 16, 17, 49, 17, 50, 49, 17, 18, 50, 18, 51, 50, 18, 19, 51, 19, 52, 51, 19, 20, 52, 20, 53, 52, 20, 21, 53, 21, 54, 53, 21, 22, 54, 22, 55, 54, 22, 23, 55, 23, 56, 55, 23, 24, 56, 24, 57, 56, 24, 25, 57, 25, 58, 57, 25, 26, 58, 26, 59, 58, 26, 27, 59, 27, 60, 59, 27, 28, 60, 28, 61, 60, 28, 29, 61, 29, 62, 61, 29, 30, 62, 30, 63, 62, 30, 31, 63, 31, 64, 63, 31, 32, 64, 32, 33, 64, 33, 32, 1, 33, 66, 65, 33, 34, 66, 34, 67, 66, 34, 35, 67, 35, 68, 67, 35, 36, 68, 36, 69, 68, 36, 37, 69, 37, 70, 69, 37, 38, 70, 38, 71, 70, 38, 39, 71, 39, 72, 71, 39, 40, 72, 40, 73, 72, 40, 41, 73, 41, 74, 73, 41, 42, 74, 42, 75, 74, 42, 43, 75, 43, 76, 75, 43, 44, 76, 44, 77, 76, 44, 45, 77, 45, 78, 77, 45, 46, 78, 46, 79, 78, 46, 47, 79, 47, 80, 79, 47, 48, 80, 48, 81, 80, 48, 49, 81, 49, 82, 81, 49, 50, 82, 50, 83, 82, 50, 51, 83, 51, 84, 83, 51, 52, 84, 52, 85, 84, 52, 53, 85, 53, 86, 85, 53, 54, 86, 54, 87, 86, 54, 55, 87, 55, 88, 87, 55, 56, 88, 56, 89, 88, 56, 57, 89, 57, 90, 89, 57, 58, 90, 58, 91, 90, 58, 59, 91, 59, 92, 91, 59, 60, 92, 60, 93, 92, 60, 61, 93, 61, 94, 93, 61, 62, 94, 62, 95, 94, 62, 63, 95, 63, 96, 95, 63, 64, 96, 64, 65, 96, 65, 64, 33]
            boundingsphere (float, 4):  [-0.2092876434326172, 0.22350743412971497, -0.342987060546875, 11.330869023597785]
            aabb:
                min (float, 3):  [-10.584149360656738, 0.0726148933172226, -10.273863792419434]
                max (float, 3):  [10.165574073791504, 0.37439998984336853, 9.587889671325684]
            material:
                shader (str, 1):  ['PdxMeshAdvanced']
                diff (str, 1):  ['air_winter_island_oceanic_phase_3_diff.dds']
                spec (str, 1):  ['air_winter_island_oceanic_spec.dds']
                n (str, 1):  ['air_winter_island_oceanic_n.dds']
locator:
