pdxasset (int, 2):  [1, 0]
object:
    air_winter_mediterranean_phase_1:
        mesh:
            p (float, 291):  [0.0, 0.31679999828338623, 0.0, 3.2814834117889404, 0.19776266813278198, 0.0, 3.289508819580078, 0.2368173897266388, 0.6543239951133728, 3.097576856613159, 0.2701294720172882, 1.2830582857131958, 2.8228940963745117, 0.2864707410335541, 1.8861974477767944, 2.2536425590515137, 0.28033316135406494, 2.2536425590515137, 1.9062498807907104, 0.25378549098968506, 2.8529045581817627, 1.2582486867904663, 0.21577589213848114, 3.0376811027526855, 0.6541032195091248, 0.17911593616008759, 3.2883989810943604, 2.0546626432313333e-16, 0.15616223216056824, 3.3555185794830322, -0.6668381690979004, 0.15465159714221954, 3.352421998977661, -1.218042016029358, 0.1750931739807129, 2.9406135082244873, -1.786776065826416, 0.2105969339609146, 2.6740992069244385, -2.363175868988037, 0.24919594824314117, 2.363175868988037, -2.7393805980682373, 0.2778799831867218, 1.8303955793380737, -3.0985922813415527, 0.2869808077812195, 1.2834789752960205, -3.153494358062744, 0.27343088388442993, 0.6272690296173096, -3.427448034286499, 0.2417973279953003, 4.1974132719057656e-16, -3.0291833877563477, 0.20274260640144348, -0.6025420427322388, -3.0890767574310303, 0.16943052411079407, -1.279537558555603, -2.6764652729034424, 0.1530892699956894, -1.788356900215149, -2.1874594688415527, 0.15922684967517853, -2.1874594688415527, -1.848305583000183, 0.1857745200395584, -2.7661848068237305, -1.1874661445617676, 0.22378410398960114, -2.8667967319488525, -0.6181884407997131, 0.2604440748691559, -3.1078431606292725, -5.880441003622663e-16, 0.28339776396751404, -3.2011630535125732, 0.612752377986908, 0.2849084138870239, -3.0805141925811768, 1.202932357788086, 0.2644668221473694, -2.9041357040405273, 1.7283294200897217, 0.22896306216716766, -2.586627721786499, 2.3958606719970703, 0.1903640478849411, -2.3958606719970703, 2.589447021484375, 0.16167999804019928, -1.7302132844924927, 2.9030301570892334, 0.1525791883468628, -1.2024744749069214, 3.0523269176483154, 0.16612912714481354, -0.6071455478668213, 7.115993976593018, 0.13044266402721405, 0.0, 6.467164516448975, 0.16949740052223206, 1.286399006843567, 6.458968639373779, 0.20280948281288147, 2.6753923892974854, 5.9920125007629395, 0.21915073692798615, 4.003734588623047, 4.611172676086426, 0.213013157248497, 4.611172676086426, 3.54292893409729, 0.18646548688411713, 5.3023681640625, 2.4371089935302734, 0.1484559029340744, 5.883701324462891, 1.207607626914978, 0.11179593950510025, 6.071053504943848, 4.0805754000460795e-16, 0.0888422355055809, 6.664085388183594, -1.4041950702667236, 0.08733159303665161, 7.059365749359131, -2.5000221729278564, 0.10777317732572556, 6.035587787628174, -3.831538438796997, 0.14327692985534668, 5.734302520751953, -5.010998725891113, 0.18187594413757324, 5.010998725891113, -5.8219990730285645, 0.21055999398231506, 3.8901352882385254, -6.257574558258057, 0.21966081857681274, 2.5919723510742188, -6.470640182495117, 0.206110879778862, 1.2870904207229614, -5.950464248657227, 0.17447732388973236, 7.287217145224246e-16, -6.229831218719482, 0.13542260229587555, -1.2391904592514038, -6.49967098236084, 0.10211052000522614, -2.6922519207000732, -5.358789920806885, 0.08576926589012146, -3.5806288719177246, -4.799583911895752, 0.0919068455696106, -4.799583911895752, -3.4350602626800537, 0.11845451593399048, -5.140931129455566, -2.543811321258545, 0.1564640998840332, -6.141303539276123, -1.1948843002319336, 0.19312405586242676, -6.007088661193848, -1.2745958031496027e-15, 0.2160777598619461, -6.9385762214660645, 1.361367106437683, 0.217588409781456, -6.844054698944092, 2.233272075653076, 0.19714681804180145, -5.391595840454102, 3.758622169494629, 0.16164305806159973, -5.625175476074219, 4.204253196716309, 0.12304405122995377, -4.204253196716309, 5.964148998260498, 0.09436000138521194, -3.985116720199585, 5.600582599639893, 0.08525918424129486, -2.3198373317718506, 5.879817008972168, 0.0988091230392456, -1.1695683002471924, 10.843717575073242, 0.07736917585134506, 0.0, 9.771858215332031, 0.09115319699048996, 1.943743348121643, 7.437558650970459, 0.10291040688753128, 3.080737829208374, 7.892343044281006, 0.10867790877819061, 5.273495197296143, 7.525106906890869, 0.10651170462369919, 7.525106906890869, 4.744332313537598, 0.09714193642139435, 7.100395202636719, 3.980041265487671, 0.08372678607702255, 9.60866928100586, 1.7444583177566528, 0.07078798115253448, 8.769984245300293, 5.765734213718709e-16, 0.06268667429685593, 9.416158676147461, -1.8083899021148682, 0.06215350329875946, 9.091389656066895, -3.132599353790283, 0.06936817616224289, 7.5627641677856445, -5.139409065246582, 0.08189892023801804, 7.69166898727417, -6.838103771209717, 0.09552209824323654, 6.838103771209717, -8.294958114624023, 0.10564588010311127, 5.542513847351074, -8.985651016235352, 0.10885793715715408, 3.7219786643981934, -8.389307022094727, 0.1040756031870842, 1.6687369346618652, -9.934612274169922, 0.09291081875562668, 1.2166391619205033e-15, -8.763077735900879, 0.07912680506706238, -1.7430845499038696, -10.040173530578613, 0.06736959517002106, -4.158775806427002, -6.923630714416504, 0.061602093279361725, -4.626222133636475, -7.4078688621521, 0.06376829743385315, -7.4078688621521, -4.603754043579102, 0.07313806563615799, -6.890005111694336, -3.7502472400665283, 0.08655321598052979, -9.053897857666016, -1.7808972597122192, 0.09949202090501785, -8.953174591064453, -1.7400328902484339e-15, 0.10759332776069641, -9.472297668457031, 1.9886301755905151, 0.10812649875879288, -9.997518539428711, 4.035104751586914, 0.10091181844472885, -9.741604804992676, 4.459890365600586, 0.0883810818195343, -6.6746978759765625, 7.648423671722412, 0.0747579038143158, -7.648423671722412, 8.38167667388916, 0.06463412195444107, -5.600457191467285, 7.707674980163574, 0.061422064900398254, -3.1926236152648926, 10.026042938232422, 0.06620439887046814, -1.9943039417266846]
            n (float, 291):  [9.10311791813001e-05, 0.9999997019767761, -0.0007564888801425695, 0.026520829647779465, 0.9983505606651306, -0.050919897854328156, 0.02974703162908554, 0.9987424612045288, -0.04035622626543045, 0.027323519811034203, 0.9993360042572021, -0.024101361632347107, 0.013414235785603523, 0.9998997449874878, 0.004529876168817282, -0.005493135191500187, 0.9996303915977478, 0.026625435799360275, -0.02198132872581482, 0.998999297618866, 0.038951169699430466, -0.035779859870672226, 0.9984018206596375, 0.043745290488004684, -0.029100777581334114, 0.9988600015640259, 0.03784063458442688, -0.011440693400800228, 0.9993482232093811, 0.03423931449651718, 0.0021545079071074724, 0.9994998574256897, 0.03154966980218887, 0.01640225760638714, 0.9989445209503174, 0.04290534928441048, 0.028395386412739754, 0.9983575940132141, 0.049759190529584885, 0.016968674957752228, 0.998923122882843, 0.043182484805583954, 0.0005869659362360835, 0.9996272325515747, 0.027293933555483818, -0.014867009595036507, 0.9998886585235596, 0.00131959596183151, -0.02234512008726597, 0.9993838667869568, -0.02706599235534668, -0.02242669090628624, 0.998670220375061, -0.0464201346039772, -0.02097204327583313, 0.998393177986145, -0.052642032504081726, -0.01564626395702362, 0.9991747736930847, -0.03748331964015961, -0.02234300971031189, 0.9993159174919128, -0.029469039291143417, -0.04338829219341278, 0.9990130066871643, -0.009501924738287926, -0.04927607253193855, 0.9987848997116089, -0.0008223900222219527, -0.05338062718510628, 0.9985578656196594, -0.005713125225156546, -0.043779246509075165, 0.9989832639694214, -0.010760053992271423, -0.01831589639186859, 0.9997286200523376, -0.014393135905265808, 0.018814686685800552, 0.9997669458389282, -0.010586300864815712, 0.04251660779118538, 0.9990909695625305, -0.0030958950519561768, 0.05133280158042908, 0.9986721873283386, 0.004332261625677347, 0.04833044111728668, 0.9987872838973999, 0.00939781405031681, 0.047118090093135834, 0.9988707900047302, 0.006079173181205988, 0.03365897387266159, 0.9993409514427185, -0.013590003363788128, 0.028627926483750343, 0.9986948370933533, -0.042296525090932846, 0.015436745248734951, 0.9996610879898071, -0.02096189744770527, 0.02707134373486042, 0.9995114803314209, -0.015620172955095768, 0.042096152901649475, 0.9991063475608826, -0.003803064813837409, 0.03763163089752197, 0.999265730381012, 0.007199196610599756, 0.0037767584435641766, 0.9994937181472778, 0.031591832637786865, -0.006606136914342642, 0.9993532299995422, 0.03534790873527527, -0.015547217801213264, 0.9994614124298096, 0.028899209573864937, -0.018518058583140373, 0.9995484352111816, 0.023667005822062492, -0.0039763604290783405, 0.999860405921936, 0.016229739412665367, -0.0006888063508085907, 0.9998741745948792, 0.01584780029952526, 0.010895529761910439, 0.9995564818382263, 0.027717087417840958, 0.013591061346232891, 0.9992126822471619, 0.037274107336997986, -0.000554329832084477, 0.9993675947189331, 0.035553451627492905, -0.016182586550712585, 0.9995766878128052, 0.024177709594368935, -0.03058943711221218, 0.9995291233062744, 0.0024200347252190113, -0.033204447478055954, 0.9993715882301331, -0.012400293722748756, -0.023838000372052193, 0.9992800951004028, -0.02951490506529808, -0.015459319576621056, 0.9995468258857727, -0.025830112397670746, -0.007669452577829361, 0.9997933506965637, -0.018827343359589577, -0.010983934625983238, 0.9998360276222229, -0.014394786208868027, -0.016228467226028442, 0.9998606443405151, -0.003922341391444206, -0.03322574123740196, 0.9994441270828247, -0.002761834766715765, -0.03198739141225815, 0.999428927898407, -0.010892266407608986, -0.030300747603178024, 0.9993550181388855, -0.019270537421107292, -0.01602162979543209, 0.9994510412216187, -0.028998754918575287, 0.011414768174290657, 0.9996546506881714, -0.023669688031077385, 0.03560711815953255, 0.9993126392364502, -0.010314906015992165, 0.03297290951013565, 0.9994267225265503, -0.007688615471124649, 0.03147709742188454, 0.9994995594024658, 0.0031331307254731655, 0.018001429736614227, 0.9998276233673096, 0.004544945899397135, 0.017386790364980698, 0.9998404383659363, -0.004099385347217321, 0.012750115245580673, 0.9995181560516357, -0.02829979732632637, 0.013791444711387157, 0.9998200535774231, -0.01302433293312788, 0.023918919265270233, 0.9997138977050781, -0.00019922007049899548, 0.056329548358917236, 0.9983956217765808, 0.0057568796910345554, 0.04140428453683853, 0.999062716960907, 0.012626475654542446, 0.014193699695169926, 0.9994280934333801, 0.030693847686052322, 0.0019653018098324537, 0.9993866086006165, 0.03496444597840309, -0.005410587880760431, 0.9997294545173645, 0.02261967957019806, -0.012520872056484222, 0.9997571706771851, 0.018134532496333122, -0.0026074135676026344, 0.99992835521698, 0.011688411235809326, -0.0023491247557103634, 0.999916136264801, 0.012734109535813332, 0.003418167820200324, 0.99965900182724, 0.02588852308690548, 0.0029624062590301037, 0.9993250966072083, 0.0366140715777874, -0.011082288809120655, 0.999335765838623, 0.03471449390053749, -0.025506937876343727, 0.9993804097175598, 0.024253148585557938, -0.03885206580162048, 0.9992258548736572, 0.006185201928019524, -0.04018298164010048, 0.9991657733917236, -0.007282813545316458, -0.024809064343571663, 0.9995883703231812, -0.01440818514674902, -0.015883896499872208, 0.999769926071167, -0.014416908845305443, -0.007829741574823856, 0.99988853931427, -0.012708689086139202, -0.007654037792235613, 0.9999247789382935, -0.009583961218595505, -0.01118579413741827, 0.9999297857284546, -0.00391871714964509, -0.022841105237603188, 0.9997111558914185, -0.007479439023882151, -0.023531388491392136, 0.9995914697647095, -0.016222095116972923, -0.019801506772637367, 0.9993926286697388, -0.02867414988577366, -0.014442707411944866, 0.9992157220840454, -0.03686948120594025, 0.010499990545213223, 0.9995547533035278, -0.02792864292860031, 0.027380654588341713, 0.9994632005691528, -0.017987551167607307, 0.02880115993320942, 0.999511182308197, -0.012156471610069275, 0.014855225570499897, 0.999885618686676, -0.002853815909475088, 0.014768906868994236, 0.9998868107795715, 0.0028871383983641863, 0.010464387945830822, 0.9999393820762634, -0.0034106059465557337, 0.007879204116761684, 0.9998117685317993, -0.017729060724377632]
            ta (float, 388):  [1.0, -9.103116462938488e-05, -1.9698711994919904e-08, 1.0, 0.9996472597122192, -0.026557907462120056, -5.1639421144500375e-05, 1.0, 0.9995565414428711, -0.029776345938444138, -0.00012538178998511285, 1.0, 0.9996263384819031, -0.027331704273819923, -1.0245513294648845e-05, 1.0, 0.9999099969863892, -0.01341437641531229, 1.0229275630990742e-06, 1.0, 0.999984860420227, 0.0054956772364676, -2.2294003429124132e-05, 1.0, 0.9997579455375671, 0.022005103528499603, -0.00018169410759583116, 1.0, 0.9993579983711243, 0.03582743927836418, -0.00030380443786270916, 1.0, 0.9995754361152649, 0.029133547097444534, -0.0003148922114633024, 1.0, 0.9999344348907471, 0.011451858095824718, -0.0001299897558055818, 1.0, 0.9999977946281433, -0.002156961476430297, 4.372826879261993e-05, 1.0, 0.9998649954795837, -0.016429368406534195, 0.00027930951910093427, 1.0, 0.9995951652526855, -0.028450291603803635, 0.0003954292042180896, 1.0, 0.9998555779457092, -0.016994645819067955, 0.0002343622618354857, 1.0, 0.9999998211860657, -0.0005886254366487265, 5.2763603889616206e-05, 1.0, 0.9998894333839417, 0.014867020770907402, 7.047173653518257e-07, 1.0, 0.9997500777244568, 0.022353263571858406, -1.5946442317726905e-06, 1.0, 0.9997478127479553, 0.02245645597577095, 0.00011981412535533309, 1.0, 0.9997794032096863, 0.02100350894033909, 4.4523920223582536e-05, 1.0, 0.9998774528503418, 0.015656255185604095, -2.6971223633154295e-05, 1.0, 0.9997501969337463, 0.02235163375735283, -3.676338019431569e-05, 1.0, 0.999058187007904, 0.04339054599404335, 3.097029548371211e-05, 1.0, 0.9987851977348328, 0.049276094883680344, 9.343795682070777e-06, 1.0, 0.9985741376876831, 0.05338168516755104, 3.2979492971207947e-05, 1.0, 0.9990411400794983, 0.04378288611769676, 0.00010205135913565755, 1.0, 0.9998322129249573, 0.018317939713597298, 1.0186920007981826e-05, 1.0, 0.9998229146003723, -0.018815727904438972, 1.2081367231076001e-06, 1.0, 0.9990957379341125, -0.04251689463853836, -2.6226891350233927e-05, 1.0, 0.9986815452575684, -0.05133339390158653, 2.4425802621408366e-05, 1.0, 0.9988312721252441, -0.04833361878991127, 0.0001120075467042625, 1.0, 0.9988892674446106, -0.04711909964680672, 2.256608786410652e-05, 1.0, 0.9994332194328308, -0.033662013709545135, 4.946619355905568e-06, 1.0, 0.9995894432067871, -0.02865217998623848, 3.284221384092234e-05, 1.0, 0.999880850315094, -0.015439780429005623, 1.7084821593016386e-05, 1.0, 0.9996334910392761, -0.027075620368123055, -6.210985884536058e-05, 1.0, 0.9991135001182556, -0.04209684208035469, -0.00010209716856479645, 1.0, 0.9992916584014893, -0.037632498890161514, -1.5033172530820593e-05, 1.0, 0.9999929070472717, -0.0037798378616571426, 3.7749679904663935e-05, 1.0, 0.9999781250953674, 0.006608328316360712, 5.485750807565637e-05, 1.0, 0.9998790621757507, 0.015553569421172142, 5.015134775021579e-06, 1.0, 0.9998284578323364, 0.018523622304201126, -1.5924724721116945e-05, 1.0, 0.9999921321868896, 0.003976511303335428, 2.296160346304532e-05, 1.0, 0.9999998211860657, 0.0006889192736707628, -1.6645739151499583e-06, 1.0, 0.9999406337738037, -0.010899383574724197, -1.2028963283228222e-05, 1.0, 0.9999074339866638, -0.013600812293589115, 8.129194611683488e-06, 1.0, 0.9999998211860657, 0.0005549740744754672, -8.260601134679746e-06, 1.0, 0.9998689889907837, 0.016187433153390884, -4.79669870401267e-06, 1.0, 0.9995321035385132, 0.030589532107114792, -1.2779339613189222e-06, 1.0, 0.9994484782218933, 0.033208828419446945, 0.0001473994052503258, 1.0, 0.9997155666351318, 0.023849422112107277, 3.505503627820872e-05, 1.0, 0.9998804330825806, 0.015464205294847488, -1.0604616363707464e-05, 1.0, 0.999970555305481, 0.007671210914850235, 2.1205065422691405e-05, 1.0, 0.9999396204948425, 0.010985185392200947, 7.857965101720765e-06, 1.0, 0.9998683333396912, 0.01622859388589859, 7.809133535374713e-07, 1.0, 0.9994478821754456, 0.03322587162256241, 1.640836444494198e-06, 1.0, 0.9994882345199585, 0.0319892056286335, -8.112663635984063e-06, 1.0, 0.9995406270027161, 0.030306905508041382, 2.7371621399652213e-05, 1.0, 0.9998714923858643, 0.01602782867848873, -1.8674996681511402e-05, 1.0, 0.999934732913971, -0.01142007764428854, -8.918778621591628e-05, 1.0, 0.9993658065795898, -0.03560884669423103, 1.6357273125322536e-05, 1.0, 0.9994561672210693, -0.03297491371631622, -0.0001344332267763093, 1.0, 0.9995045065879822, -0.03147726505994797, 3.722524297700147e-06, 1.0, 0.9998378753662109, -0.01800159364938736, -4.3420595829957165e-06, 1.0, 0.9998487830162048, -0.017386937513947487, -5.392424213823688e-07, 1.0, 0.9999185800552368, -0.012754706665873528, 1.8279319192515686e-05, 1.0, 0.9999048709869385, -0.013792689889669418, -5.775710178568261e-06, 1.0, 0.9997139573097229, -0.023918921127915382, 1.277408841815486e-06, 1.0, 0.9984122514724731, -0.05633069574832916, 3.5582019336288795e-05, 1.0, 0.9991423487663269, -0.04140736907720566, -1.71144274645485e-05, 1.0, 0.99989914894104, -0.01420027855783701, -3.6208089113642927e-06, 1.0, 0.9999979734420776, -0.001966879004612565, 1.0711040886235423e-05, 1.0, 0.9999853372573853, 0.005409346893429756, 0.00011605393228819594, 1.0, 0.9999215602874756, 0.012522462755441666, 2.5741612262208946e-05, 1.0, 0.9999966025352478, 0.0026073683984577656, 1.9135786715196446e-05, 1.0, 0.9999972581863403, 0.002349613467231393, -2.3414133465848863e-05, 1.0, 0.999994158744812, -0.003419355023652315, 1.5988256336640916e-06, 1.0, 0.9999955892562866, -0.002960944315418601, -9.415693784831092e-05, 1.0, 0.9999383687973022, 0.011093919165432453, -0.00014243266195990145, 1.0, 0.9996744990348816, 0.025515392422676086, -3.912672764272429e-05, 1.0, 0.9992449879646301, 0.03885277360677719, 4.814512067241594e-06, 1.0, 0.9991922974586487, 0.04018396511673927, -1.1391127372917254e-05, 1.0, 0.9996921420097351, 0.024810736998915672, -6.25871543888934e-05, 1.0, 0.9998738765716553, 0.01588551327586174, -2.310508079972351e-06, 1.0, 0.9999693632125854, 0.007830101996660233, -2.1362775441957638e-05, 1.0, 0.9999706745147705, 0.007654387503862381, -9.277139412233737e-08, 1.0, 0.9999374747276306, 0.01118583045899868, -1.3158900401322171e-05, 1.0, 0.9997390508651733, 0.022841721773147583, -2.8383797143760603e-06, 1.0, 0.9997230172157288, 0.023533133789896965, -8.332585275638849e-05, 1.0, 0.9998037815093994, 0.01980709098279476, -8.931270713219419e-05, 1.0, 0.9998955726623535, 0.01444792840629816, -0.00012477178825065494, 1.0, 0.9999448657035828, -0.010496317408978939, 0.0002781180082820356, 1.0, 0.9996249079704285, -0.027384167537093163, 5.093546860734932e-05, 1.0, 0.9995850920677185, -0.028803491964936256, -1.667328251642175e-05, 1.0, 0.999889612197876, -0.01485524233430624, 1.5191112652246375e-05, 1.0, 0.9998909831047058, -0.014768960885703564, -3.3243816233152756e-06, 1.0, 0.9999452233314514, -0.010464449413120747, 4.249131890787794e-08, 1.0, 0.9999688863754272, -0.007881011813879013, -3.210308568668552e-05, 1.0]
            u0 (float, 194):  [0.5, 0.5, 0.6589865684509277, 0.5, 0.6593754291534424, 0.4682982563972473, 0.6500763893127441, 0.43783634901046753, 0.636768102645874, 0.40861445665359497, 0.6091881394386292, 0.39081186056137085, 0.5923570394515991, 0.3617779016494751, 0.5609616637229919, 0.3528255224227905, 0.5316910743713379, 0.340678334236145, 0.5, 0.33742642402648926, 0.46769195795059204, 0.3375764489173889, 0.4409863352775574, 0.3575283885002136, 0.41343140602111816, 0.37044090032577515, 0.3855050504207611, 0.3855050206184387, 0.3672780692577362, 0.4113180637359619, 0.3498744070529938, 0.43781596422195435, 0.3472144305706024, 0.4696090817451477, 0.3339414596557617, 0.5, 0.35323724150657654, 0.5291929244995117, 0.35033541917800903, 0.5619930922985077, 0.37032628059387207, 0.5866451859474182, 0.3940184414386749, 0.6059815585613251, 0.4104503095149994, 0.6340205669403076, 0.44246771931648254, 0.638895183801651, 0.47004902362823486, 0.6505737900733948, 0.5, 0.655095100402832, 0.5296876430511475, 0.6492497324943542, 0.5582816004753113, 0.6407042443752289, 0.5837368965148926, 0.6253211200237274, 0.6160784959793091, 0.6160785257816315, 0.6254577040672302, 0.5838281512260437, 0.6406506896018982, 0.5582594275474548, 0.6478840708732605, 0.5294159650802612, 0.844767153263092, 0.5, 0.8133316040039062, 0.43767446279525757, 0.8129345178604126, 0.3703782558441162, 0.7903106808662415, 0.3060206174850464, 0.7234095335006714, 0.2765904664993286, 0.6716535091400146, 0.2431023120880127, 0.6180769801139832, 0.2149369716644287, 0.5585080981254578, 0.20585983991622925, 0.5, 0.1771276593208313, 0.43196728825569153, 0.1579764485359192, 0.37887489795684814, 0.2075781226158142, 0.3143634498119354, 0.2221752405166626, 0.2572190463542938, 0.2572190761566162, 0.21792639791965485, 0.3115244507789612, 0.19682292640209198, 0.3744199275970459, 0.18649998307228088, 0.4376409649848938, 0.21170231699943542, 0.5, 0.1981671005487442, 0.560038298368454, 0.1850934624671936, 0.6304385662078857, 0.24036870896816254, 0.6734800934791565, 0.2674620449542999, 0.7325379550457001, 0.333572655916214, 0.7490761280059814, 0.3767533302307129, 0.7975437790155411, 0.4421083331108093, 0.7910411208868027, 0.5, 0.8361713290214539, 0.5659577250480652, 0.831591784954071, 0.6082011461257935, 0.7612207233905792, 0.6821038126945496, 0.77253757417202, 0.7036944627761841, 0.7036944329738617, 0.7889606952667236, 0.6930773556232452, 0.7713460326194763, 0.6123952269554138, 0.7848748564720154, 0.5566651225090027, 1.025373935699463, 0.5, 0.9734427332878113, 0.4058263897895813, 0.8603468537330627, 0.3507394790649414, 0.8823809623718262, 0.2445012331008911, 0.8645884990692139, 0.13541150093078613, 0.7298610806465149, 0.1559886336326599, 0.6928314566612244, 0.034463703632354736, 0.584518313407898, 0.07509768009185791, 0.5, 0.04379075765609741, 0.4123842120170593, 0.05952566862106323, 0.34822678565979004, 0.13358700275421143, 0.2509976327419281, 0.127341628074646, 0.1686965376138687, 0.16869652271270752, 0.09811250120401382, 0.2314673662185669, 0.06464868038892746, 0.3196715712547302, 0.09354133903980255, 0.41915035247802734, 0.01867186464369297, 0.5, 0.07543228566646576, 0.5844517648220062, 0.013557502999901772, 0.7014910876750946, 0.16455277800559998, 0.7241386771202087, 0.14109162986278534, 0.8589083701372147, 0.2769499123096466, 0.8338180631399155, 0.3183019757270813, 0.9386578239500523, 0.41371622681617737, 0.93377785384655, 0.5, 0.9589291550219059, 0.5963483452796936, 0.9843759136274457, 0.6954992413520813, 0.9719769731163979, 0.7160799503326416, 0.8233865201473236, 0.8705631494522095, 0.8705631643533707, 0.9060890078544617, 0.7713399827480316, 0.8734338879585266, 0.654681384563446, 0.9857578873634338, 0.5966232419013977]
            tri (int, 480):  [0, 2, 1, 0, 3, 2, 0, 4, 3, 0, 5, 4, 0, 6, 5, 0, 7, 6, 0, 8, 7, 0, 9, 8, 0, 10, 9, 0, 11, 10, 0, 12, 11, 0, 13, 12, 0, 14, 13, 0, 15, 14, 0, 16, 15, 0, 17, 16, 0, 18, 17, 0, 19, 18, 0, 20, 19, 0, 21, 20, 0, 22, 21, 0, 23, 22, 0, 24, 23, 0, 25, 24, 0, 26, 25, 0, 27, 26, 0, 28, 27, 0, 29, 28, 0, 30, 29, 0, 31, 30, 0, 32, 31, 0, 1, 32, 1, 34, 33, 1, 2, 34, 2, 35, 34, 2, 3, 35, 3, 36, 35, 3, 4, 36, 4, 37, 36, 4, 5, 37, 5, 38, 37, 5, 6, 38, 6, 39, 38, 6, 7, 39, 7, 40, 39, 7, 8, 40, 8, 41, 40, 8, 9, 41, 9, 42, 41, 9, 10, 42, 10, 43, 42, 10, 11, 43, 11, 44, 43, 11, 12, 44, 12, 45, 44, 12, 13, 45, 13, 46, 45, 13, 14, 46, 14, 47, 46, 14, 15, 47, 15, 48, 47, 15, 16, 48, 16, 49, 48, 16, 17, 49, 17, 50, 49, 17, 18, 50, 18, 51, 50, 18, 19, 51, 19, 52, 51, 19, 20, 52, 20, 53, 52, 20, 21, 53, 21, 54, 53, 21, 22, 54, 22, 55, 54, 22, 23, 55, 23, 56, 55, 23, 24, 56, 24, 57, 56, 24, 25, 57, 25, 58, 57, 25, 26, 58, 26, 59, 58, 26, 27, 59, 27, 60, 59, 27, 28, 60, 28, 61, 60, 28, 29, 61, 29, 62, 61, 29, 30, 62, 30, 63, 62, 30, 31, 63, 31, 64, 63, 31, 32, 64, 32, 33, 64, 33, 32, 1, 33, 66, 65, 33, 34, 66, 34, 67, 66, 34, 35, 67, 35, 68, 67, 35, 36, 68, 36, 69, 68, 36, 37, 69, 37, 70, 69, 37, 38, 70, 38, 71, 70, 38, 39, 71, 39, 72, 71, 39, 40, 72, 40, 73, 72, 40, 41, 73, 41, 74, 73, 41, 42, 74, 42, 75, 74, 42, 43, 75, 43, 76, 75, 43, 44, 76, 44, 77, 76, 44, 45, 77, 45, 78, 77, 45, 46, 78, 46, 79, 78, 46, 47, 79, 47, 80, 79, 47, 48, 80, 48, 81, 80, 48, 49, 81, 49, 82, 81, 49, 50, 82, 50, 83, 82, 50, 51, 83, 51, 84, 83, 51, 52, 84, 52, 85, 84, 52, 53, 85, 53, 86, 85, 53, 54, 86, 54, 87, 86, 54, 55, 87, 55, 88, 87, 55, 56, 88, 56, 89, 88, 56, 57, 89, 57, 90, 89, 57, 58, 90, 58, 91, 90, 58, 59, 91, 59, 92, 91, 59, 60, 92, 60, 93, 92, 60, 61, 93, 61, 94, 93, 61, 62, 94, 62, 95, 94, 62, 63, 95, 63, 96, 95, 63, 64, 96, 64, 65, 96, 65, 64, 33]
            boundingsphere (float, 4):  [0.40177202224731445, 0.18911102414131165, -0.19442462921142578, 11.169831455044502]
            aabb:
                min (float, 3):  [-10.040173530578613, 0.061422064900398254, -9.997518539428711]
                max (float, 3):  [10.843717575073242, 0.31679999828338623, 9.60866928100586]
            material:
                shader (str, 1):  ['PdxMeshAdvanced']
                diff (str, 1):  ['air_winter_mediterranean_phase_1_diff.dds']
                spec (str, 1):  ['air_winter_mediterranean_spec.dds']
                n (str, 1):  ['air_winter_mediterranean_n.dds']
locator:
