pdxasset (int, 2):  [1, 0]
object:
    air_winter_island_oceanic_thaw_flood:
        mesh:
            p (float, 291):  [0.0, 0.19200000166893005, 0.0, 2.497849225997925, 0.12143619358539581, 0.0, 2.5286059379577637, 0.1017141342163086, 0.5029709935188293, 2.333740472793579, 0.09260471910238266, 0.9666669964790344, 2.0912625789642334, 0.0971783846616745, 1.3973370790481567, 1.8434038162231445, 0.113893523812294, 1.8434038162231445, 1.3555326461791992, 0.13711611926555634, 2.028697967529297, 1.0132187604904175, 0.15901874005794525, 2.4461264610290527, 0.49182525277137756, 0.17221888899803162, 2.4725725650787354, 1.4726203801052946e-16, 0.17226728796958923, 2.4049715995788574, -0.5036961436271667, 0.15914763510227203, 2.5322513580322266, -0.9340628385543823, 0.13728205859661102, 2.2550270557403564, -1.4705430269241333, 0.11404058337211609, 2.2008230686187744, -1.815006971359253, 0.09725698828697205, 1.815006971359253, -2.0236563682556152, 0.09258837252855301, 1.3521640300750732, -2.442826986312866, 0.10160834342241287, 1.0118520259857178, -2.4193267822265625, 0.1212766245007515, 0.48123398423194885, -2.6414685249328613, 0.144963800907135, 3.23486620646966e-16, -2.333589553833008, 0.16468587517738342, -0.4641798138618469, -2.272831678390503, 0.17379528284072876, -0.9414376616477966, -2.1210951805114746, 0.16922160983085632, -1.417270541191101, -1.7354457378387451, 0.15250647068023682, -1.7354457378387451, -1.3724520206451416, 0.1292838752269745, -2.0540196895599365, -0.9208970665931702, 0.10738125443458557, -2.2232422828674316, -0.49655094742774963, 0.0941811203956604, -2.4963302612304688, -4.798153125597953e-16, 0.09413271397352219, -2.611992835998535, 0.4803107678890228, 0.10725235939025879, -2.4146852493286133, 0.9810751080513, 0.1291179358959198, -2.3685247898101807, 1.402822494506836, 0.15235941112041473, -2.0994722843170166, 1.8180607557296753, 0.16914300620555878, -1.8180607557296753, 2.205944061279297, 0.1738116294145584, -1.4739646911621094, 2.334155797958374, 0.16479165852069855, -0.9668390154838562, 2.430879831314087, 0.14512337744235992, -0.4835320711135864, 5.007392883300781, 0.08063619583845139, 0.0, 5.166069984436035, 0.06091413274407387, 1.0275952816009521, 5.15867280960083, 0.05180472135543823, 2.1367921829223633, 4.629179954528809, 0.056378383189439774, 3.0931191444396973, 3.4040958881378174, 0.07309352606534958, 3.4040958881378174, 2.54653000831604, 0.09631611406803131, 3.8111515045166016, 2.115387201309204, 0.11821874231100082, 5.106996536254883, 0.9180395007133484, 0.1314188838005066, 4.615296363830566, 3.204137174632254e-16, 0.1314672827720642, 5.232753276824951, -0.9053230285644531, 0.1183476448059082, 4.551365852355957, -1.9264103174209595, 0.0964820608496666, 4.650765895843506, -2.9334158897399902, 0.07324058562517166, 4.390167236328125, -3.912572145462036, 0.05645699054002762, 3.912572145462036, -4.0542168617248535, 0.05178837478160858, 2.7089412212371826, -4.572078227996826, 0.060808345675468445, 1.8938168287277222, -5.26820707321167, 0.08047662675380707, 1.047911524772644, -5.051962852478027, 0.10416380316019058, 6.186869995368483e-16, -4.510052680969238, 0.1238858699798584, -0.8971052765846252, -4.4848713874816895, 0.13299527764320374, -1.8576946258544922, -3.9439375400543213, 0.1284216195344925, -2.6352548599243164, -3.759838342666626, 0.11170648038387299, -3.759838342666626, -2.886457681655884, 0.08848388493061066, -4.319889068603516, -1.7504374980926514, 0.06658125668764114, -4.225930213928223, -0.9816476702690125, 0.053381118923425674, -4.9350762367248535, -9.799018176132805e-16, 0.05333271250128746, -5.334336757659912, 1.0548160076141357, 0.06645236164331436, -5.302918434143066, 2.020458936691284, 0.08831793814897537, -4.877819538116455, 2.846588134765625, 0.1115594133734703, -4.260220050811768, 3.5469517707824707, 0.12834301590919495, -3.5469517707824707, 4.600161552429199, 0.1330116242170334, -3.0737297534942627, 4.613683700561523, 0.12399165332317352, -1.9110503196716309, 4.670191764831543, 0.1043233722448349, -0.9289589524269104, 6.914566516876221, 0.04744806885719299, 0.0, 6.957364559173584, 0.040487341582775116, 1.3839058876037598, 6.625954627990723, 0.03727225586771965, 2.7445602416992188, 5.691300392150879, 0.03888648748397827, 3.8028054237365723, 5.018711566925049, 0.04478595033288002, 5.018711566925049, 4.600124359130859, 0.052982158958911896, 6.884572505950928, 2.507342576980591, 0.06071249768137932, 6.053260326385498, 1.2676746845245361, 0.06537137180566788, 6.373031139373779, 4.123468089703853e-16, 0.06538845598697662, 6.734134674072266, -1.2869919538497925, 0.060757990926504135, 6.470145225524902, -3.2837696075439453, 0.053040727972984314, 7.92772102355957, -4.563027858734131, 0.04483785107731819, 6.82905387878418, -5.793932914733887, 0.038914233446121216, 5.793932914733887, -5.14131498336792, 0.03726648539304733, 3.435317039489746, -7.224466323852539, 0.04045000299811363, 2.992471933364868, -7.807819366455078, 0.047391749918460846, 1.5530718564987183, -6.662604808807373, 0.05575193092226982, 8.159337620189443e-16, -6.693749904632568, 0.062712661921978, -1.3314696550369263, -6.860789775848389, 0.06592774391174316, -2.841832160949707, -5.950535297393799, 0.06431350857019424, -3.976020574569702, -5.069494724273682, 0.058414049446582794, -5.069494724273682, -4.146857738494873, 0.05021784082055092, -6.206210613250732, -3.098992109298706, 0.042487502098083496, -7.481628894805908, -1.5719804763793945, 0.037828631699085236, -7.902879238128662, -1.5270199858817383e-15, 0.03781154751777649, -8.31270980834961, 1.5923649072647095, 0.04244200885295868, -8.005358695983887, 2.540919780731201, 0.0501592718064785, -6.134322643280029, 4.278207302093506, 0.05836214870214462, -6.40278959274292, 4.7887139320373535, 0.0642857700586319, -4.7887139320373535, 6.251063346862793, 0.06593351811170578, -4.1768269538879395, 6.542109489440918, 0.06274999678134918, -2.7098305225372314, 8.266152381896973, 0.05580824986100197, -1.644239902496338]
            n (float, 291):  [-8.5493091319222e-05, 1.0, -0.0001416304730810225, 0.02236260659992695, 0.9991932511329651, 0.03335851430892944, 0.019262265413999557, 0.9994900822639465, 0.02546609193086624, 0.0227496474981308, 0.9996412396430969, 0.014135826379060745, 0.031441379338502884, 0.9995056390762329, 9.936119022313505e-05, 0.03586755320429802, 0.9993482232093811, -0.004091563634574413, 0.045349396765232086, 0.9989571571350098, -0.005304181948304176, 0.032623015344142914, 0.9994667172431946, 0.0014580844435840845, 0.011320430785417557, 0.9998835921287537, 0.010231559164822102, -0.010933248326182365, 0.9998758435249329, 0.011346167884767056, -0.031756192445755005, 0.9994516372680664, 0.009374871850013733, -0.04069269075989723, 0.9991605281829834, 0.004722948651760817, -0.035232990980148315, 0.999377965927124, 0.0014990922063589096, -0.03362978994846344, 0.9994332194328308, 0.0015105424681678414, -0.02321002632379532, 0.9995118379592896, 0.020914381369948387, -0.011745368130505085, 0.9994153380393982, 0.03211132064461708, -0.01554565504193306, 0.9990688562393188, 0.04024659842252731, -0.01654202863574028, 0.999386191368103, 0.030880508944392204, -0.0184165071696043, 0.9996318221092224, 0.019927894696593285, -0.0135264927521348, 0.9999082088470459, 0.0006680331425741315, -0.0020960895344614983, 0.9997814893722534, -0.02080189622938633, 0.012825812213122845, 0.9993252754211426, -0.03441496193408966, 0.023230161517858505, 0.9989538192749023, -0.03939243406057358, 0.016612466424703598, 0.9991908669471741, -0.03662921488285065, -0.0007548307185061276, 0.9996309876441956, -0.02715483121573925, -0.01017724722623825, 0.9996498227119446, -0.024426858872175217, -0.02244412526488304, 0.9992800354957581, -0.03058895654976368, -0.02650022879242897, 0.9991558790206909, -0.031387824565172195, -0.018387384712696075, 0.9993518590927124, -0.03094661422073841, -0.005096106324344873, 0.9997383952140808, -0.022300569340586662, 0.011327126994729042, 0.9999315142631531, -0.0029463181272149086, 0.02268356643617153, 0.999538004398346, 0.020230092108249664, 0.024867786094546318, 0.9991477131843567, 0.032946351915597916, 0.015877490863204002, 0.9996705651283264, 0.02016718126833439, 0.011751112528145313, 0.9998500347137451, 0.012723240070044994, 0.010948754847049713, 0.9999225735664368, 0.005908631719648838, 0.01430659182369709, 0.999894917011261, 0.002366726752370596, 0.022701410576701164, 0.9997414350509644, -0.0012844977900385857, 0.03222303092479706, 0.9994804859161377, -0.0006398412515409291, 0.013887006789445877, 0.9996157884597778, 0.023989109322428703, 0.009899175725877285, 0.99966961145401, 0.023718470707535744, -0.004623376298695803, 0.9995447397232056, 0.02981415204703808, -0.02108338661491871, 0.9996281862258911, 0.017294781282544136, -0.017239760607481003, 0.9998087286949158, 0.009237409569323063, -0.020118582993745804, 0.999796450138092, 0.0015201924834400415, -0.01627158373594284, 0.9998667240142822, -0.0013461519265547395, -0.011735900305211544, 0.99989914894104, 0.007998964749276638, -0.005628294311463833, 0.9997550845146179, 0.021405894309282303, -0.011430168524384499, 0.9997929334640503, 0.016832567751407623, -0.020734844729304314, 0.9996904730796814, 0.013747518882155418, -0.024503177031874657, 0.9996413588523865, 0.01080772653222084, -0.021992051973938942, 0.9997497797012329, -0.004095415584743023, -0.012154951691627502, 0.9997401237487793, -0.019286204129457474, -0.005340204574167728, 0.9996946454048157, -0.024126416072249413, 0.008173389360308647, 0.9996770024299622, -0.02406672015786171, 0.011923505924642086, 0.9997067451477051, -0.021077468991279602, 0.00044947501737624407, 0.9999367594718933, -0.011236126534640789, -0.0065537188202142715, 0.9999253153800964, -0.010312186554074287, -0.009044017642736435, 0.9998517036437988, -0.014654978178441525, -0.011241207830607891, 0.9996473789215088, -0.024056753143668175, -0.0026455086190253496, 0.9996620416641235, -0.025861943140625954, 0.007113393861800432, 0.9996674060821533, -0.02478736825287342, 0.021343113854527473, 0.9996660947799683, -0.014562804251909256, 0.024510113522410393, 0.9996780157089233, 0.00655979523435235, 0.020587339997291565, 0.9996299147605896, 0.017781391739845276, 0.015767637640237808, 0.9997569918632507, 0.015406905673444271, 0.011064666323363781, 0.9999071955680847, 0.007950983010232449, 0.009568964131176472, 0.9999396800994873, 0.005386603530496359, 0.012347918003797531, 0.9999166131019592, 0.00378531776368618, 0.018924806267023087, 0.99982088804245, 0.00013259910338092595, 0.018686804920434952, 0.9998077154159546, 0.005936868488788605, 0.0107151810079813, 0.9995807409286499, 0.026897767558693886, 0.011041074059903622, 0.9990797638893127, 0.04144715145230293, -0.00319076469168067, 0.9993444681167603, 0.036062952131032944, -0.00879307184368372, 0.9996457695960999, 0.025120366364717484, -0.011186962947249413, 0.9998987317085266, 0.008795800618827343, -0.013915450312197208, 0.9998990297317505, 0.002883392618969083, -0.01201622188091278, 0.9999278783798218, 0.00011011780588887632, -0.008321082219481468, 0.9999521374702454, 0.005147269926965237, -0.004756549838930368, 0.999880313873291, 0.014723874628543854, -0.010468022897839546, 0.9998908638954163, 0.010428755544126034, -0.023603463545441628, 0.9997153878211975, 0.0034537017345428467, -0.029893767088651657, 0.999534547328949, 0.006089482456445694, -0.024687327444553375, 0.9996703267097473, -0.007063236087560654, -0.01990865357220173, 0.9996204972267151, -0.01903989352285862, -0.012083655223250389, 0.9996824860572815, -0.022111961618065834, 0.0010662367567420006, 0.9998244047164917, -0.018705738708376884, 0.004654526244848967, 0.9999314546585083, -0.010740691795945168, 0.001104441354982555, 0.999979555606842, -0.006292795296758413, -0.0037123754154890776, 0.9999731183052063, -0.006314534228295088, -0.0032667096238583326, 0.999947190284729, -0.009744529612362385, -0.002512998878955841, 0.9997339844703674, -0.02292712964117527, 0.006028126459568739, 0.999661386013031, -0.02531285211443901, 0.016597747802734375, 0.9994458556175232, -0.028851306065917015, 0.026064973324537277, 0.9995107054710388, -0.017290370538830757, 0.026569481939077377, 0.999645471572876, -0.001709501026198268, 0.018168563023209572, 0.9998074769973755, 0.007415366359055042]
            ta (float, 388):  [1.0, 8.549299673177302e-05, 3.850335872357391e-08, 1.0, 0.9997495412826538, -0.022377287968993187, 6.668412970611826e-05, 1.0, 0.9998143911361694, -0.019268840551376343, 1.2743257684633136e-05, 1.0, 0.9997410774230957, -0.022752001881599426, 5.827649147249758e-06, 1.0, 0.9995056986808777, -0.031441379338502884, -7.74962032323856e-08, 1.0, 0.9993565678596497, -0.03586799278855324, -3.3065884053939953e-05, 1.0, 0.9989711046218872, -0.045350126922130585, -1.856999733718112e-05, 1.0, 0.9994677305221558, -0.0326230488717556, 5.189485818846151e-06, 1.0, 0.9999359250068665, -0.011321081779897213, 5.808893092762446e-06, 1.0, 0.9999402165412903, 0.010934070684015751, -1.0475983799551614e-05, 1.0, 0.9994955062866211, 0.03175821155309677, -6.661159568466246e-05, 1.0, 0.9991716742515564, 0.04069327563047409, -2.7295644031255506e-05, 1.0, 0.9993791580200195, 0.03523304685950279, -1.0683052096283063e-05, 1.0, 0.9994344115257263, 0.03362983092665672, -3.857693627651315e-06, 1.0, 0.9997305274009705, 0.023214511573314667, 2.8334843591437675e-05, 1.0, 0.9999309778213501, 0.011748873628675938, 7.952831219881773e-05, 1.0, 0.9998789429664612, 0.01555859949439764, -8.409859219682403e-06, 1.0, 0.9998630285263062, 0.016552405431866646, -8.036485087359324e-05, 1.0, 0.9998303055763245, 0.018420500680804253, -1.696932304184884e-05, 1.0, 0.9999085068702698, 0.013526496477425098, -1.30103741113885e-08, 1.0, 0.9999978542327881, 0.002095542848110199, -4.810836253454909e-05, 1.0, 0.9999176263809204, -0.012838009744882584, -0.00013342600141186267, 1.0, 0.9997294545173645, -0.023257363587617874, -0.00023245297779794782, 1.0, 0.9998617172241211, -0.016629254445433617, -0.00015370720939245075, 1.0, 0.9999996423721313, 0.0007535030599683523, -5.9126326959813014e-05, 1.0, 0.9999481439590454, 0.010180788114666939, 2.0590492567862384e-05, 1.0, 0.9997476935386658, 0.022458216175436974, 0.0001171622279798612, 1.0, 0.9996481537818909, 0.026520760729908943, 0.0002380058285780251, 1.0, 0.9998307228088379, 0.018400369212031364, 0.00013478982145898044, 1.0, 0.999987006187439, 0.005098440684378147, 4.786201679962687e-05, 1.0, 0.9999358057975769, -0.011327177286148071, -6.655075708295044e-07, 1.0, 0.9997425079345703, -0.0226882454007864, 1.936715761985397e-06, 1.0, 0.9996903538703918, -0.02488332986831665, 6.180990021675825e-05, 1.0, 0.9998738765716553, -0.015880702063441277, -8.824182486932841e-07, 1.0, 0.9999309778213501, -0.011752116493880749, 4.1718935790413525e-06, 1.0, 0.999940037727356, -0.01094894576817751, 3.85032006278152e-09, 1.0, 0.9998975992202759, -0.014306630939245224, -1.1123857746042631e-07, 1.0, 0.9997422099113464, -0.02270142361521721, 2.479770728314179e-06, 1.0, 0.999480664730072, -0.03222303465008736, -7.601809670632065e-07, 1.0, 0.9999028444290161, -0.013910308480262756, 0.000804814335424453, 1.0, 0.9999510049819946, -0.009901352226734161, -2.5717921744217165e-05, 1.0, 0.9999892711639404, 0.0046254838816821575, -1.7502784430689644e-06, 1.0, 0.999777615070343, 0.021087685599923134, -6.646493420703337e-05, 1.0, 0.999851405620575, 0.01724056713283062, -7.416500466206344e-06, 1.0, 0.9997975826263428, 0.020118605345487595, -1.1575066309887916e-06, 1.0, 0.9998675584793091, 0.016271596774458885, -6.383494337569573e-07, 1.0, 0.9999311566352844, 0.011736352927982807, -9.431504622625653e-06, 1.0, 0.999984085559845, 0.005629494320601225, 4.158989668212598e-06, 1.0, 0.9999346733093262, 0.011431756429374218, 1.955214656845783e-06, 1.0, 0.9997850060462952, 0.020737091079354286, -2.0644716641982086e-05, 1.0, 0.9996996521949768, 0.02450452744960785, 7.229418315546354e-06, 1.0, 0.9997581839561462, 0.021992230787873268, -1.083819370251149e-06, 1.0, 0.9999260902404785, 0.012157367542386055, 8.037978659558576e-06, 1.0, 0.9999857544898987, 0.005341969896107912, 8.71583051775815e-06, 1.0, 0.999966561794281, -0.008178489282727242, -0.00011356135655660182, 1.0, 0.999928891658783, -0.011926219798624516, -3.088745870627463e-06, 1.0, 0.9999999403953552, -0.0004494769382290542, 2.354254320380278e-06, 1.0, 0.9999785423278809, 0.006554097402840853, 2.8955280413356377e-06, 1.0, 0.9999590516090393, 0.00904513243585825, 9.85323731583776e-06, 1.0, 0.9999368190765381, 0.011243863962590694, -2.484399919921998e-05, 1.0, 0.999996542930603, 0.002645371248945594, -3.954898056690581e-05, 1.0, 0.9999746680259705, -0.007115046959370375, 2.1519010260817595e-05, 1.0, 0.9997721314430237, -0.02134530618786812, 4.940188318869332e-06, 1.0, 0.9996995329856873, -0.02451089397072792, 3.839349665213376e-05, 1.0, 0.9997879266738892, -0.020591070875525475, 2.6859033823711798e-05, 1.0, 0.9998756647109985, -0.015769433230161667, -4.9910854613699485e-06, 1.0, 0.9999387860298157, -0.011064921505749226, -1.1896478099515662e-05, 1.0, 0.9999541640281677, -0.00956905446946621, -8.855226951709483e-06, 1.0, 0.999923825263977, -0.012348008342087269, 2.7880150810233317e-07, 1.0, 0.99982088804245, -0.018924806267023087, -1.6302865901707264e-07, 1.0, 0.9998252987861633, -0.018686851486563683, -4.7236087993951514e-05, 1.0, 0.9999424815177917, -0.010723337531089783, 0.0001590235042385757, 1.0, 0.9999389052391052, -0.011051127687096596, 1.3487869182426948e-05, 1.0, 0.9999949336051941, 0.0031891947146505117, 0.00010106036643264815, 1.0, 0.9999613165855408, 0.008794487453997135, 5.41240515303798e-05, 1.0, 0.9999374747276306, 0.011187043972313404, 4.005281152785756e-05, 1.0, 0.99990314245224, 0.013915494084358215, 4.57059832115192e-06, 1.0, 0.9999278783798218, 0.01201622188091278, 2.9512648325180635e-07, 1.0, 0.9999653697013855, 0.008321193046867847, -2.350290913000208e-07, 1.0, 0.9999886155128479, 0.0047573852352797985, -2.176520138164051e-05, 1.0, 0.9999452829360962, 0.010468777269124985, -1.7712140106596053e-05, 1.0, 0.9997214078903198, 0.02360360510647297, 4.465647407414508e-07, 1.0, 0.9995530247688293, 0.029894327744841576, -8.571316243433102e-07, 1.0, 0.9996952414512634, 0.02468796633183956, 3.364316626175423e-06, 1.0, 0.9998018145561218, 0.01991230621933937, 2.1537307475227863e-06, 1.0, 0.9999269843101501, 0.01208681520074606, 9.33916544454405e-06, 1.0, 0.9999994039535522, -0.0010653275530785322, 5.8544806961435825e-05, 1.0, 0.9999891519546509, -0.004654387012124062, 3.792887582676485e-05, 1.0, 0.9999992847442627, -0.0011044180719181895, 7.157739673857577e-06, 1.0, 0.999993085861206, 0.003712366335093975, -1.3099285752105061e-05, 1.0, 0.9999946355819702, 0.003266639309003949, -2.3116313968785107e-05, 1.0, 0.9999969005584717, 0.002513726707547903, 2.923543206634349e-06, 1.0, 0.9999818801879883, -0.006030407268553972, -1.3758946806774475e-05, 1.0, 0.9998621940612793, -0.016604993492364883, -1.1512574928929098e-05, 1.0, 0.9996601939201355, -0.0260691586881876, -1.660789166635368e-05, 1.0, 0.9996469020843506, -0.026569515466690063, 2.660254949660157e-06, 1.0, 0.9998348951339722, -0.018168838694691658, -3.0060049539315514e-05, 1.0]
            u0 (float, 194):  [0.5, 0.5, 0.6569986939430237, 0.5, 0.6589318513870239, 0.4683864712715149, 0.6466838717460632, 0.43924152851104736, 0.6314432621002197, 0.4121723771095276, 0.6158644556999207, 0.38413554430007935, 0.5852000713348389, 0.3724890947341919, 0.5636844038963318, 0.3462522625923157, 0.5309129357337952, 0.34459006786346436, 0.5, 0.3488389849662781, 0.4683409035205841, 0.3408390283584595, 0.44129082560539246, 0.3582635521888733, 0.40757113695144653, 0.36167043447494507, 0.38592037558555603, 0.38592034578323364, 0.37280601263046265, 0.4150117039680481, 0.34645965695381165, 0.43640148639678955, 0.3479367196559906, 0.4697527289390564, 0.33397430181503296, 0.5, 0.35332560539245605, 0.529175341129303, 0.35714447498321533, 0.5591726899147034, 0.36668163537979126, 0.5890804827213287, 0.39092108607292175, 0.6090789139270782, 0.4137365221977234, 0.6291024386882782, 0.4421183466911316, 0.6397386789321899, 0.4687899947166443, 0.6569032073020935, 0.5, 0.664173036813736, 0.5301892161369324, 0.6517715454101562, 0.5616640448570251, 0.648870199918747, 0.5881723761558533, 0.6319592893123627, 0.6142715811729431, 0.6142715811729431, 0.638651430606842, 0.5926439166069031, 0.6467099785804749, 0.560769259929657, 0.6527894139289856, 0.5303917229175568, 0.8147324323654175, 0.5, 0.8247058391571045, 0.4354119896888733, 0.8242409229278564, 0.3656949996948242, 0.790960431098938, 0.30558645725250244, 0.7139595150947571, 0.2860404849052429, 0.6600584387779236, 0.2604556083679199, 0.6329596042633057, 0.17900711297988892, 0.5577020645141602, 0.2099122405052185, 0.5, 0.1711028814315796, 0.44309723377227783, 0.21393048763275146, 0.37891826033592224, 0.20768284797668457, 0.3156243860721588, 0.22406238317489624, 0.25408095121383667, 0.25408095121383667, 0.24517805874347687, 0.3297334313392639, 0.21262864768505096, 0.3809669017791748, 0.16887447237968445, 0.4341350197792053, 0.18246620893478394, 0.5, 0.21652716398239136, 0.556386262178421, 0.21810990571975708, 0.6167626976966858, 0.2521095275878906, 0.6656351089477539, 0.2636808156967163, 0.7363191843032837, 0.3185758888721466, 0.7715203762054443, 0.3899787962436676, 0.765614703297615, 0.4382999539375305, 0.8101870566606522, 0.5, 0.8352820128202438, 0.5662989616394043, 0.8333072364330292, 0.6269930005073547, 0.8065882623195648, 0.678918182849884, 0.7677699625492096, 0.7229385375976562, 0.7229385077953339, 0.7891364693641663, 0.6931948363780975, 0.7899864315986633, 0.6201162934303284, 0.7935381531715393, 0.5583883821964264, 0.934605062007904, 0.5, 0.9372950792312622, 0.4130166172981262, 0.9164648056030273, 0.32749462127685547, 0.8577184677124023, 0.26098018884658813, 0.8154438734054565, 0.18455612659454346, 0.78913414478302, 0.06728017330169678, 0.6575953960418701, 0.11953109502792358, 0.5796778798103333, 0.09943234920501709, 0.5, 0.0767357349395752, 0.41910797357559204, 0.09332835674285889, 0.29360342025756836, 0.0017145872116088867, 0.2131974846124649, 0.07076972723007202, 0.13583073019981384, 0.13583076000213623, 0.1768500804901123, 0.28407812118530273, 0.04591664671897888, 0.31191253662109375, 0.009250817820429802, 0.4023839235305786, 0.08123161643743515, 0.5, 0.07927405089139938, 0.5836876034736633, 0.0687749907374382, 0.6786192357540131, 0.1259877234697342, 0.7499070167541504, 0.1813642680644989, 0.8186357319355011, 0.23935528099536896, 0.8900823891162872, 0.30521732568740845, 0.9702469520270824, 0.4011954367160797, 0.9967240360565484, 0.5, 1.022483328357339, 0.6000857949256897, 1.0031652497127652, 0.6597058176994324, 0.8855639696121216, 0.7689005136489868, 0.9024380743503571, 0.8009876608848572, 0.8009876757860184, 0.8929015398025513, 0.7625284045934677, 0.9111948013305664, 0.6703224778175354, 1.019556999206543, 0.6033463180065155]
            tri (int, 480):  [0, 2, 1, 0, 3, 2, 0, 4, 3, 0, 5, 4, 0, 6, 5, 0, 7, 6, 0, 8, 7, 0, 9, 8, 0, 10, 9, 0, 11, 10, 0, 12, 11, 0, 13, 12, 0, 14, 13, 0, 15, 14, 0, 16, 15, 0, 17, 16, 0, 18, 17, 0, 19, 18, 0, 20, 19, 0, 21, 20, 0, 22, 21, 0, 23, 22, 0, 24, 23, 0, 25, 24, 0, 26, 25, 0, 27, 26, 0, 28, 27, 0, 29, 28, 0, 30, 29, 0, 31, 30, 0, 32, 31, 0, 1, 32, 1, 34, 33, 1, 2, 34, 2, 35, 34, 2, 3, 35, 3, 36, 35, 3, 4, 36, 4, 37, 36, 4, 5, 37, 5, 38, 37, 5, 6, 38, 6, 39, 38, 6, 7, 39, 7, 40, 39, 7, 8, 40, 8, 41, 40, 8, 9, 41, 9, 42, 41, 9, 10, 42, 10, 43, 42, 10, 11, 43, 11, 44, 43, 11, 12, 44, 12, 45, 44, 12, 13, 45, 13, 46, 45, 13, 14, 46, 14, 47, 46, 14, 15, 47, 15, 48, 47, 15, 16, 48, 16, 49, 48, 16, 17, 49, 17, 50, 49, 17, 18, 50, 18, 51, 50, 18, 19, 51, 19, 52, 51, 19, 20, 52, 20, 53, 52, 20, 21, 53, 21, 54, 53, 21, 22, 54, 22, 55, 54, 22, 23, 55, 23, 56, 55, 23, 24, 56, 24, 57, 56, 24, 25, 57, 25, 58, 57, 25, 26, 58, 26, 59, 58, 26, 27, 59, 27, 60, 59, 27, 28, 60, 28, 61, 60, 28, 29, 61, 29, 62, 61, 29, 30, 62, 30, 63, 62, 30, 31, 63, 31, 64, 63, 31, 32, 64, 32, 33, 64, 33, 32, 1, 33, 66, 65, 33, 34, 66, 34, 67, 66, 34, 35, 67, 35, 68, 67, 35, 36, 68, 36, 69, 68, 36, 37, 69, 37, 70, 69, 37, 38, 70, 38, 71, 70, 38, 39, 71, 39, 72, 71, 39, 40, 72, 40, 73, 72, 40, 41, 73, 41, 74, 73, 41, 42, 74, 42, 75, 74, 42, 43, 75, 43, 76, 75, 43, 44, 76, 44, 77, 76, 44, 45, 77, 45, 78, 77, 45, 46, 78, 46, 79, 78, 46, 47, 79, 47, 80, 79, 47, 48, 80, 48, 81, 80, 48, 49, 81, 49, 82, 81, 49, 50, 82, 50, 83, 82, 50, 51, 83, 51, 84, 83, 51, 52, 84, 52, 85, 84, 52, 53, 85, 53, 86, 85, 53, 54, 86, 54, 87, 86, 54, 55, 87, 55, 88, 87, 55, 56, 88, 56, 89, 88, 56, 57, 89, 57, 90, 89, 57, 58, 90, 58, 91, 90, 58, 59, 91, 59, 92, 91, 59, 60, 92, 60, 93, 92, 60, 61, 93, 61, 94, 93, 61, 62, 94, 62, 95, 94, 62, 63, 95, 63, 96, 95, 63, 64, 96, 64, 65, 96, 65, 64, 33]
            boundingsphere (float, 4):  [0.22916650772094727, 0.11463324725627899, -0.19249439239501953, 8.847734769060654]
            aabb:
                min (float, 3):  [-7.807819366455078, 0.03726648539304733, -8.31270980834961]
                max (float, 3):  [8.266152381896973, 0.19200000166893005, 7.92772102355957]
            material:
                shader (str, 1):  ['PdxMeshAlphaBlend']
                diff (str, 1):  ['air_winter_island_oceanic_thaw_flood_diff.dds']
                spec (str, 1):  ['air_winter_island_oceanic_thaw_flood_spec.dds']
                n (str, 1):  ['air_winter_island_oceanic_thaw_flood_n.dds']
locator:
