pdxasset (int, 2):  [1, 0]
object:
    air_winter_mountain_highland_phase_6:
        mesh:
            p (float, 291):  [0.0, 0.4607999920845032, 0.0, 3.1313419342041016, 0.273634672164917, 0.0, 3.3124310970306396, 0.3294062614440918, 0.6588835120201111, 3.1417386531829834, 0.38189950585365295, 1.301350712776184, 2.6796133518218994, 0.41342097520828247, 1.7904603481292725, 2.251270294189453, 0.4133460521697998, 2.251270294189453, 1.752718210220337, 0.38169997930526733, 2.6231281757354736, 1.1914966106414795, 0.32914939522743225, 2.8765273094177246, 0.6167998909950256, 0.27340707182884216, 3.100862503051758, 1.933111033020177e-16, 0.23326151072978973, 3.1570098400115967, -0.6615595817565918, 0.2222442477941513, 3.3258848190307617, -1.2065774202346802, 0.24406875669956207, 2.912935495376587, -1.7515654563903809, 0.29137885570526123, 2.6214029788970947, -2.416632890701294, 0.3482281565666199, 2.416632890701294, -2.838449001312256, 0.3954549729824066, 1.8965909481048584, -2.8835742473602295, 0.41714105010032654, 1.19441556930542, -3.138883352279663, 0.4059768319129944, 0.6243627071380615, -3.4394350051879883, 0.3657253086566925, 4.2120931469750707e-16, -3.162736177444458, 0.3099537491798401, -0.6291073560714722, -3.0578806400299072, 0.25746050477027893, -1.266615629196167, -2.771082878112793, 0.22593902051448822, -1.8515783548355103, -2.345341444015503, 0.2260139435529709, -2.345341444015503, -1.7246818542480469, 0.25766003131866455, -2.5811688899993896, -1.2797120809555054, 0.31021058559417725, -3.089498281478882, -0.6587414741516113, 0.3659529387950897, -3.3117167949676514, -5.961539643761934e-16, 0.40609848499298096, -3.2453107833862305, 0.6259651184082031, 0.4171157479286194, -3.146939277648926, 1.279681921005249, 0.3952912390232086, -3.0894253253936768, 1.9109715223312378, 0.34798115491867065, -2.859971046447754, 2.4203603267669678, 0.291131854057312, -2.4203603267669678, 2.6248230934143066, 0.24390500783920288, -1.7538508176803589, 3.101487159729004, 0.22221894562244415, -1.2846781015396118, 3.1977386474609375, 0.2333831787109375, -0.6360697150230408, 7.227483749389648, 0.17571468651294708, 0.0, 7.065371036529541, 0.2314862608909607, 1.405389666557312, 6.009802341461182, 0.28397950530052185, 2.4893414974212646, 5.907674789428711, 0.31550097465515137, 3.9473822116851807, 5.006648063659668, 0.3154260516166687, 5.006648063659668, 3.3168132305145264, 0.28377997875213623, 4.963961601257324, 2.4464900493621826, 0.23122939467430115, 5.9063496589660645, 1.3987066745758057, 0.17548705637454987, 7.031773567199707, 3.7639227206269e-16, 0.13534151017665863, 6.146952152252197, -1.25638747215271, 0.1243242472410202, 6.316286087036133, -2.5690677165985107, 0.14614875614643097, 6.202278137207031, -3.5091617107391357, 0.19345884025096893, 5.251831531524658, -4.905544757843018, 0.25030815601348877, 4.905544757843018, -5.0485944747924805, 0.2975350022315979, 3.3733630180358887, -6.160670757293701, 0.31922104954719543, 2.551833391189575, -6.475442409515381, 0.3080568313598633, 1.2880456447601318, -5.84881591796875, 0.2678053081035614, 7.16273347752661e-16, -6.813229084014893, 0.2120337337255478, -1.3552355766296387, -6.416208267211914, 0.15954050421714783, -2.6576805114746094, -5.848433017730713, 0.12801901996135712, -3.9077980518341064, -4.3020219802856445, 0.12809394299983978, -4.3020219802856445, -3.6516504287719727, 0.15974001586437225, -5.465081214904785, -2.3061907291412354, 0.21229059994220734, -5.567636966705322, -1.339003562927246, 0.2680329382419586, -6.731625556945801, -1.2293786433263264e-15, 0.30817848443984985, -6.692425727844238, 1.3831921815872192, 0.3191957473754883, -6.9537763595581055, 2.298255681991577, 0.2973712384700775, -5.548480033874512, 3.4294400215148926, 0.25006115436553955, -5.132519721984863, 4.181216716766357, 0.1932118535041809, -4.181216716766357, 5.937481880187988, 0.14598500728607178, -3.9672985076904297, 6.223672389984131, 0.12429894506931305, -2.5779294967651367, 5.896703243255615, 0.1354631781578064, -1.1729272603988647, 10.356379508972168, 0.10758871585130692, 0.0, 9.248340606689453, 0.1272727996110916, 1.8396092653274536, 8.582240104675293, 0.14579981565475464, 3.554880142211914, 8.725590705871582, 0.1569250524044037, 5.8302531242370605, 7.306807518005371, 0.1568986028432846, 7.306807518005371, 5.306822299957275, 0.1457294076681137, 7.942220687866211, 3.422001600265503, 0.12718214094638824, 8.261443138122559, 1.803369402885437, 0.10750837624073029, 9.066150665283203, 5.661709568070817e-16, 0.09333935379981995, 9.246273040771484, -1.6785045862197876, 0.0894509106874466, 8.4384126663208, -3.2765047550201416, 0.0971536785364151, 7.910182476043701, -5.438638210296631, 0.11385135352611542, 8.139496803283691, -7.843870162963867, 0.13391581177711487, 7.843870162963867, -8.201327323913574, 0.1505841165781021, 5.47995138168335, -8.588342666625977, 0.158238023519516, 3.557407855987549, -7.955824851989746, 0.15429769456386566, 1.5825119018554688, -10.93090534210205, 0.14009128510951996, 1.3386498110495122e-15, -8.848061561584473, 0.12040720134973526, -1.7599889039993286, -8.268224716186523, 0.10188017785549164, -3.4248106479644775, -8.55871295928955, 0.09075494855642319, -5.718749046325684, -7.6449103355407715, 0.09078139066696167, -7.6449103355407715, -4.6481804847717285, 0.10195059329271317, -6.956493377685547, -3.1534178256988525, 0.12049786001443863, -7.6130242347717285, -1.6973997354507446, 0.14017163217067719, -8.533404350280762, -2.051384837483696e-15, 0.15434063971042633, -11.167218208312988, 1.8814656734466553, 0.15822908282279968, -9.45876693725586, 3.1917853355407715, 0.15052632987499237, -7.705651760101318, 5.598236560821533, 0.13382863998413086, -8.378353118896484, 6.791245937347412, 0.11376418173313141, -6.791245937347412, 6.943271636962891, 0.09709588438272476, -4.639345645904541, 7.600518226623535, 0.08944198489189148, -3.148237705230713, 9.018561363220215, 0.09338229894638062, -1.7939033508300781]
            n (float, 291):  [0.00010031890269601718, 0.9999997615814209, 0.0006288827862590551, 0.045075785368680954, 0.9965264797210693, -0.07002212107181549, 0.04309988021850586, 0.997267484664917, -0.060000400990247726, 0.04312565550208092, 0.9984175562858582, -0.036090947687625885, 0.027565697208046913, 0.9996041655540466, -0.005627177190035582, -0.004287447314709425, 0.9994469285011292, 0.03297526016831398, -0.03384048864245415, 0.9978376030921936, 0.05634605884552002, -0.04854847118258476, 0.9970978498458862, 0.05864359065890312, -0.053124647587537766, 0.997179388999939, 0.053019147366285324, -0.028692498803138733, 0.9981508851051331, 0.053587254136800766, 0.0005714328726753592, 0.9989005923271179, 0.04687442258000374, 0.014807373285293579, 0.9980383515357971, 0.06082911416888237, 0.03909238055348396, 0.996260404586792, 0.07705117017030716, 0.026419416069984436, 0.997283935546875, 0.06875182688236237, -0.0002760758507065475, 0.9988723397254944, 0.047476910054683685, -0.016131768003106117, 0.9997739791870117, 0.01384861208498478, -0.02922920696437359, 0.9991763830184937, -0.028147179633378983, -0.031163277104496956, 0.9978234171867371, -0.058115001767873764, -0.02391388639807701, 0.9969161748886108, -0.07474137842655182, -0.02081236243247986, 0.9978509545326233, -0.062131427228450775, -0.027158349752426147, 0.9985749125480652, -0.04594063758850098, -0.04412084072828293, 0.9986952543258667, -0.025714155286550522, -0.07572678476572037, 0.9970687031745911, -0.010931579396128654, -0.0829697698354721, 0.9965329170227051, -0.006186151411384344, -0.06619836390018463, 0.9976811408996582, -0.015816515311598778, -0.0318370945751667, 0.9992545247077942, -0.021835481747984886, 0.012520280666649342, 0.9997670650482178, -0.017582077533006668, 0.05266650393605232, 0.9985854029655457, -0.007306664250791073, 0.07330050319433212, 0.9972825050354004, 0.0073909214697778225, 0.07484853267669678, 0.997037410736084, 0.017725104466080666, 0.06757040321826935, 0.9976803064346313, 0.008262270130217075, 0.04650803655385971, 0.9988756775856018, -0.009191117249429226, 0.04367315396666527, 0.9983065128326416, -0.0384274385869503, 0.024230187758803368, 0.9991135001182556, -0.03442567214369774, 0.03893932327628136, 0.9990599751472473, -0.01905149593949318, 0.046700939536094666, 0.9987526535987854, -0.017666656523942947, 0.04157865792512894, 0.9991215467453003, 0.005229058675467968, 0.010468709282577038, 0.9990962147712708, 0.04119584336876869, -0.01689508929848671, 0.9984368681907654, 0.05327674001455307, -0.01824316941201687, 0.9988631010055542, 0.04404333606362343, -0.02059062570333481, 0.9992584586143494, 0.03253599628806114, -0.0252729132771492, 0.9993073344230652, 0.02731674537062645, 0.0011461741523817182, 0.999674379825592, 0.025492146611213684, 0.012763438746333122, 0.9993497133255005, 0.03372329846024513, 0.023429038003087044, 0.9984630346298218, 0.05022548511624336, 0.00032288828515447676, 0.9992082118988037, 0.039784837514162064, -0.017281921580433846, 0.9991662502288818, 0.036988697946071625, -0.04517686739563942, 0.9988958239555359, 0.012893700040876865, -0.04989594221115112, 0.998738169670105, -0.005698328372091055, -0.033934418112039566, 0.9988278150558472, -0.034518029540777206, -0.024198833853006363, 0.9988699555397034, -0.04090505093336105, -0.01582491025328636, 0.9992624521255493, -0.03498806804418564, -0.010117137804627419, 0.9997689723968506, -0.01896623894572258, -0.023132529109716415, 0.9996436238288879, -0.013325760141015053, -0.03355840593576431, 0.9993669986724854, -0.011807329021394253, -0.061052676290273666, 0.9980067014694214, -0.015971006825566292, -0.057389359921216965, 0.9978395104408264, -0.031980857253074646, -0.023441120982170105, 0.9991418719291687, -0.03414670750498772, 0.03589630499482155, 0.998644232749939, -0.03769834339618683, 0.04557414725422859, 0.9986343383789062, -0.025543799623847008, 0.043773118406534195, 0.9989774227142334, -0.011319014243781567, 0.05047130212187767, 0.9987075328826904, 0.005988208577036858, 0.03584517166018486, 0.9993556141853333, 0.0018334891647100449, 0.027142295613884926, 0.9996277689933777, -0.0027431619819253683, 0.023122545331716537, 0.9992650747299194, -0.03057141788303852, 0.02435363084077835, 0.9994977116584778, -0.02027607336640358, 0.04003670811653137, 0.9991909861564636, -0.003804550739005208, 0.056259699165821075, 0.9984052181243896, -0.0046780831180512905, 0.04580438509583473, 0.9988417029380798, 0.014735306613147259, 0.019816959276795387, 0.9988791942596436, 0.0429852232336998, -0.002935337834060192, 0.9985384345054626, 0.05396648868918419, -0.002055434277281165, 0.9990494847297668, 0.04354209452867508, -0.011662228032946587, 0.9994617700576782, 0.03066195361316204, -0.01602945290505886, 0.9996867775917053, 0.019218726083636284, -0.002328125759959221, 0.999832034111023, 0.018180014565587044, 0.009320060722529888, 0.9995010495185852, 0.030178779736161232, 0.01265387237071991, 0.9990583658218384, 0.04150144010782242, -0.007316736038774252, 0.99946528673172, 0.03186928108334541, -0.030817197635769844, 0.9992353916168213, 0.02406253293156624, -0.0531788095831871, 0.9984457492828369, 0.016675464808940887, -0.06160425394773483, 0.9980976581573486, 0.0024814619682729244, -0.03430693596601486, 0.999313473701477, -0.013988461345434189, -0.028638413175940514, 0.9990101456642151, -0.03403818607330322, -0.019686240702867508, 0.9995739459991455, -0.021550962701439857, -0.008795293979346752, 0.9999216198921204, -0.008917342871427536, -0.008468727581202984, 0.9999377727508545, -0.007260199170559645, -0.019839990884065628, 0.9996961951255798, -0.014626345597207546, -0.04835808649659157, 0.9983250498771667, -0.03175726532936096, -0.056712277233600616, 0.9975810647010803, -0.04019521549344063, -0.012959884479641914, 0.9989871382713318, -0.0430888757109642, 0.03201146051287651, 0.9985253810882568, -0.04384434595704079, 0.044143155217170715, 0.9981542825698853, -0.04170668125152588, 0.03109510987997055, 0.99940425157547, -0.014973164536058903, 0.03836491331458092, 0.9992635250091553, -0.0006800818955525756, 0.03458838909864426, 0.9994010925292969, -0.001014356268569827, 0.023091070353984833, 0.999710738658905, -0.006720066536217928, 0.014394641853868961, 0.9995877742767334, -0.024840375408530235]
            ta (float, 388):  [0.9999999403953552, -0.0001003180441330187, 2.8862109924254753e-10, 1.0, 0.9989787340164185, -0.04518059641122818, 8.700699982000515e-05, 1.0, 0.9990670680999756, -0.043185871094465256, -0.0001365223724860698, 1.0, 0.999068021774292, -0.0431617833673954, -0.00022221109247766435, 1.0, 0.9996200203895569, -0.027566131204366684, 2.646139591888641e-07, 1.0, 0.9999907612800598, 0.0042901718989014626, -1.1881405043823179e-05, 1.0, 0.9994245767593384, 0.033919256180524826, -0.0004417698073666543, 1.0, 0.9988141655921936, 0.04867890849709511, -0.0007970317965373397, 1.0, 0.9985826015472412, 0.05322311446070671, -0.00044604294816963375, 1.0, 0.9995868802070618, 0.02874145470559597, -0.00014304018986877054, 1.0, 0.9999998807907104, -0.0005707517266273499, -2.791088081721682e-05, 1.0, 0.9998896718025208, -0.014850687235593796, 0.0002600202860776335, 1.0, 0.9992280006408691, -0.03927687555551529, 0.0008798770722933114, 1.0, 0.9996481537818909, -0.026518885046243668, 0.0005343572702258825, 1.0, 1.0, 0.00027439536643214524, 4.1918006900232285e-05, 1.0, 0.9998698234558105, 0.016133548691868782, -1.695098399068229e-05, 1.0, 0.9995723366737366, 0.029241129755973816, 1.2019474525004625e-05, 1.0, 0.9995120763778687, 0.031231841072440147, 0.00027170852990821004, 1.0, 0.9997122287750244, 0.02398976869881153, 0.00011751918646041304, 1.0, 0.9997826218605042, 0.02084825187921524, -7.068300328683108e-05, 1.0, 0.9996302723884583, 0.02719026990234852, 7.00141245033592e-05, 1.0, 0.9990254640579224, 0.04413778334856033, 9.14770716917701e-05, 1.0, 0.9971282482147217, 0.0757320448756218, 6.74217299092561e-05, 1.0, 0.9965518712997437, 0.08297208696603775, 0.00011905001156264916, 1.0, 0.9978058338165283, 0.06620810180902481, 9.278131619794294e-05, 1.0, 0.9994927644729614, 0.031846802681684494, 9.684211545391008e-05, 1.0, 0.9999216198921204, -0.012521805241703987, 2.335585668333806e-05, 1.0, 0.998612105846405, -0.05266803130507469, -1.4964281945140101e-05, 1.0, 0.9973097443580627, -0.07330278307199478, 3.806678796536289e-05, 1.0, 0.9971935749053955, -0.0748664066195488, 0.00034595205215737224, 1.0, 0.9977142810821533, -0.06757312268018723, 5.0367252697469667e-05, 1.0, 0.9989177584648132, -0.04651001840829849, -1.8956092162625282e-06, 1.0, 0.9990443587303162, -0.04370573163032532, -7.725189789198339e-06, 1.0, 0.9997060298919678, -0.02424555830657482, -2.9053620892227627e-05, 1.0, 0.9992412328720093, -0.03894825279712677, -9.785025758901611e-05, 1.0, 0.9989085793495178, -0.046707767993211746, 2.6001091100624762e-05, 1.0, 0.9991351962089539, -0.0415792316198349, 6.075139822314668e-07, 1.0, 0.9999451637268066, -0.010472999885678291, -0.00011168680794071406, 1.0, 0.9998568892478943, 0.016921358183026314, -4.194695793557912e-05, 1.0, 0.999833345413208, 0.01825474388897419, 0.00013945193495601416, 1.0, 0.9997878670692444, 0.020600922405719757, 1.888981569209136e-05, 1.0, 0.9996803998947144, 0.025283388793468475, -3.8199577829800546e-05, 1.0, 0.9999993443489075, -0.0011485036229714751, 7.674314110772684e-05, 1.0, 0.9999184012413025, -0.012770076282322407, -1.8546377759776078e-05, 1.0, 0.9997248649597168, -0.02345617488026619, -4.9091122491518036e-05, 1.0, 0.9999998807907104, -0.00032418948831036687, 2.6242745661875233e-05, 1.0, 0.9998503923416138, 0.01729372888803482, 6.981324531807331e-07, 1.0, 0.9989789128303528, 0.04518057405948639, 4.056745638081338e-06, 1.0, 0.9987543225288391, 0.049897778779268265, 0.0001809478853829205, 1.0, 0.9994232058525085, 0.03395916521549225, 0.00013081457291264087, 1.0, 0.9997065663337708, 0.02422569878399372, 0.00016113083984237164, 1.0, 0.9998745918273926, 0.015831248834729195, -9.58888849709183e-05, 1.0, 0.9999487400054932, 0.010118681937456131, -1.4521347111440264e-05, 1.0, 0.9997323155403137, 0.023134782910346985, 1.5089947737578768e-05, 1.0, 0.999436616897583, 0.03356220945715904, 0.00012411871284712106, 1.0, 0.9981340765953064, 0.06106021627783775, -1.560791497468017e-05, 1.0, 0.9983507394790649, 0.05740921199321747, -0.00029787170933559537, 1.0, 0.9997248649597168, 0.023454003036022186, -2.3316470105783083e-05, 1.0, 0.9993550777435303, -0.035907041281461716, 0.0003923604090232402, 1.0, 0.9989598989486694, -0.04559555649757385, -0.00025630282470956445, 1.0, 0.9990413188934326, -0.04377640411257744, -4.377730510896072e-05, 1.0, 0.9987255334854126, -0.05047213286161423, -1.3956275324744638e-05, 1.0, 0.9993574023246765, -0.03584522381424904, -6.409426532627549e-06, 1.0, 0.9996315836906433, -0.027142414823174477, -6.300622771959752e-06, 1.0, 0.9997323751449585, -0.023132437840104103, 3.004698191944044e-05, 1.0, 0.9997032880783081, -0.024357574060559273, 5.253111885394901e-05, 1.0, 0.9991982579231262, -0.040036965161561966, 9.709311598271597e-06, 1.0, 0.9984161257743835, -0.05626031011343002, 1.0592430044198409e-06, 1.0, 0.9989502429962158, -0.045809246599674225, -7.564750376332086e-06, 1.0, 0.9998030066490173, -0.019846007227897644, 0.00024908751947805285, 1.0, 0.9999956488609314, 0.002926224609836936, 0.0002478726673871279, 1.0, 0.9999979138374329, 0.0020557581447064877, 3.734107667696662e-05, 1.0, 0.9999319911003113, 0.011657169088721275, 0.0003437276463955641, 1.0, 0.9998714923858643, 0.01603146828711033, 4.9221267545362934e-05, 1.0, 0.9999972581863403, 0.002328769536688924, -1.4246340469981078e-05, 1.0, 0.999956488609314, -0.009320746175944805, -0.0001179496684926562, 1.0, 0.9999199509620667, -0.012659164145588875, -0.00013526804104913026, 1.0, 0.9999731183052063, 0.007326043676584959, -0.00017532790661789477, 1.0, 0.999524712562561, 0.030826592817902565, -1.962626993190497e-05, 1.0, 0.9985846281051636, 0.0531855970621109, 3.663812094600871e-05, 1.0, 0.9981006383895874, 0.06160443276166916, -8.953973633651913e-07, 1.0, 0.9994112849235535, 0.03430849313735962, -0.0001285743055632338, 1.0, 0.9995892643928528, 0.02865951880812645, 0.0001320738228969276, 1.0, 0.9998060464859009, 0.01969103515148163, 1.0219367140962277e-05, 1.0, 0.9999613165855408, 0.008795800618827343, 1.776057979441248e-05, 1.0, 0.9999641180038452, 0.008468826301395893, -1.706673538137693e-05, 1.0, 0.9998031854629517, 0.01984122395515442, -6.085989298298955e-05, 1.0, 0.9988290071487427, 0.048380643129348755, -5.825881089549512e-05, 1.0, 0.9983882904052734, 0.056752316653728485, -0.00014517383533529937, 1.0, 0.9999159574508667, 0.012962390668690205, -0.00022129110584501177, 1.0, 0.9994864463806152, -0.0320473313331604, -0.00011518676183186471, 1.0, 0.9990237355232239, -0.04417624697089195, 0.00012815250374842435, 1.0, 0.9995164275169373, -0.031096171587705612, 0.00016213787603192031, 1.0, 0.9992638230323792, -0.038364920765161514, 1.323573087574914e-06, 1.0, 0.9994016289710999, -0.03458840772509575, -2.128643245669082e-06, 1.0, 0.9997333288192749, -0.023091578856110573, 2.1524531348404707e-06, 1.0, 0.999896228313446, -0.01439942792057991, -1.3766648407909088e-05, 1.0]
            u0 (float, 194):  [0.5, 0.5, 0.6517122983932495, 0.5, 0.6604859828948975, 0.4680773615837097, 0.6522160172462463, 0.43695008754730225, 0.6298262476921082, 0.41325289011001587, 0.6090731620788574, 0.3909268379211426, 0.5849184989929199, 0.37291043996810913, 0.557727575302124, 0.36063337326049805, 0.5298837423324585, 0.3497644066810608, 0.5, 0.34704411029815674, 0.46794769167900085, 0.33886218070983887, 0.44154179096221924, 0.35886937379837036, 0.41513732075691223, 0.372994065284729, 0.38291507959365845, 0.38291507959365845, 0.36247825622558594, 0.40811091661453247, 0.3602919578552246, 0.44213104248046875, 0.34792232513427734, 0.4697498679161072, 0.3333607017993927, 0.5, 0.3467666506767273, 0.5304799973964691, 0.3518468737602234, 0.5613670349121094, 0.36574211716651917, 0.5897082686424255, 0.38636910915374756, 0.6136308908462524, 0.41643983125686646, 0.6250566244125366, 0.4379984438419342, 0.6496849954128265, 0.4680842459201813, 0.6604514122009277, 0.5, 0.6572340428829193, 0.5303277969360352, 0.6524679958820343, 0.5620000958442688, 0.6496814489364624, 0.5925858020782471, 0.6385644972324371, 0.617265522480011, 0.617265522480011, 0.6271716952323914, 0.5849733948707581, 0.6502658724784851, 0.5622421503067017, 0.6549292206764221, 0.5308173298835754, 0.850168764591217, 0.5, 0.8423144817352295, 0.431909441947937, 0.7911725640296936, 0.3793923854827881, 0.7862245440483093, 0.30875086784362793, 0.742570161819458, 0.257429838180542, 0.6606982946395874, 0.2594980001449585, 0.6185315251350403, 0.21383965015411377, 0.5677667856216431, 0.15931332111358643, 0.5, 0.20218253135681152, 0.4391285181045532, 0.19397836923599243, 0.3755296766757965, 0.19950205087661743, 0.3299824595451355, 0.24555081129074097, 0.26232826709747314, 0.26232826709747314, 0.2553975582122803, 0.3365618586540222, 0.20151787996292114, 0.37636464834213257, 0.18626731634140015, 0.4375947117805481, 0.21662713587284088, 0.5, 0.16990168392658234, 0.5656606256961823, 0.18913719058036804, 0.6287635862827301, 0.21664567291736603, 0.6893312931060791, 0.29156869649887085, 0.7084313035011292, 0.3230789601802826, 0.7647810578346252, 0.3882659375667572, 0.7697498649358749, 0.43512579798698425, 0.82614466547966, 0.5, 0.8242454379796982, 0.5670151114463806, 0.8369077742099762, 0.6113495826721191, 0.7688217163085938, 0.6661550402641296, 0.7486685812473297, 0.7025783658027649, 0.7025783360004425, 0.7876687049865723, 0.6922140717506409, 0.8015345335006714, 0.624899685382843, 0.7856929898262024, 0.5568278729915619, 1.0017626285552979, 0.5, 0.9480785131454468, 0.41087162494659424, 0.915806233882904, 0.32776743173599243, 0.9227514863014221, 0.21752649545669556, 0.8540120124816895, 0.14598798751831055, 0.7571134567260742, 0.11520248651504517, 0.6657946705818176, 0.0997362732887268, 0.5873725414276123, 0.060748517513275146, 0.5, 0.052021682262420654, 0.41867709159851074, 0.09116220474243164, 0.3412546217441559, 0.11675471067428589, 0.2365000993013382, 0.10564452409744263, 0.119967520236969, 0.119967520236969, 0.10264889150857925, 0.2344985008239746, 0.0838981494307518, 0.327644944190979, 0.1145433709025383, 0.4233279228210449, -0.02959810569882393, 0.5, 0.07131483405828476, 0.5852707922458649, 0.09940773248672485, 0.6659307479858398, 0.0853336900472641, 0.7770711779594421, 0.12960705161094666, 0.8703929483890533, 0.2747974693775177, 0.8370394110679626, 0.3472181260585785, 0.8688480705022812, 0.4177616536617279, 0.913440153002739, 0.5, 1.0410474091768265, 0.5911563038825989, 0.9582735858857632, 0.654640793800354, 0.8733358383178711, 0.7712323665618896, 0.9059279412031174, 0.8290332555770874, 0.8290332406759262, 0.8363988399505615, 0.7247745096683502, 0.8682421445846558, 0.6525309085845947, 0.9369457960128784, 0.5869139134883881]
            tri (int, 480):  [0, 2, 1, 0, 3, 2, 0, 4, 3, 0, 5, 4, 0, 6, 5, 0, 7, 6, 0, 8, 7, 0, 9, 8, 0, 10, 9, 0, 11, 10, 0, 12, 11, 0, 13, 12, 0, 14, 13, 0, 15, 14, 0, 16, 15, 0, 17, 16, 0, 18, 17, 0, 19, 18, 0, 20, 19, 0, 21, 20, 0, 22, 21, 0, 23, 22, 0, 24, 23, 0, 25, 24, 0, 26, 25, 0, 27, 26, 0, 28, 27, 0, 29, 28, 0, 30, 29, 0, 31, 30, 0, 32, 31, 0, 1, 32, 1, 34, 33, 1, 2, 34, 2, 35, 34, 2, 3, 35, 3, 36, 35, 3, 4, 36, 4, 37, 36, 4, 5, 37, 5, 38, 37, 5, 6, 38, 6, 39, 38, 6, 7, 39, 7, 40, 39, 7, 8, 40, 8, 41, 40, 8, 9, 41, 9, 42, 41, 9, 10, 42, 10, 43, 42, 10, 11, 43, 11, 44, 43, 11, 12, 44, 12, 45, 44, 12, 13, 45, 13, 46, 45, 13, 14, 46, 14, 47, 46, 14, 15, 47, 15, 48, 47, 15, 16, 48, 16, 49, 48, 16, 17, 49, 17, 50, 49, 17, 18, 50, 18, 51, 50, 18, 19, 51, 19, 52, 51, 19, 20, 52, 20, 53, 52, 20, 21, 53, 21, 54, 53, 21, 22, 54, 22, 55, 54, 22, 23, 55, 23, 56, 55, 23, 24, 56, 24, 57, 56, 24, 25, 57, 25, 58, 57, 25, 26, 58, 26, 59, 58, 26, 27, 59, 27, 60, 59, 27, 28, 60, 28, 61, 60, 28, 29, 61, 29, 62, 61, 29, 30, 62, 30, 63, 62, 30, 31, 63, 31, 64, 63, 31, 32, 64, 32, 33, 64, 33, 32, 1, 33, 66, 65, 33, 34, 66, 34, 67, 66, 34, 35, 67, 35, 68, 67, 35, 36, 68, 36, 69, 68, 36, 37, 69, 37, 70, 69, 37, 38, 70, 38, 71, 70, 38, 39, 71, 39, 72, 71, 39, 40, 72, 40, 73, 72, 40, 41, 73, 41, 74, 73, 41, 42, 74, 42, 75, 74, 42, 43, 75, 43, 76, 75, 43, 44, 76, 44, 77, 76, 44, 45, 77, 45, 78, 77, 45, 46, 78, 46, 79, 78, 46, 47, 79, 47, 80, 79, 47, 48, 80, 48, 81, 80, 48, 49, 81, 49, 82, 81, 49, 50, 82, 50, 83, 82, 50, 51, 83, 51, 84, 83, 51, 52, 84, 52, 85, 84, 52, 53, 85, 53, 86, 85, 53, 54, 86, 54, 87, 86, 54, 55, 87, 55, 88, 87, 55, 56, 88, 56, 89, 88, 56, 57, 89, 57, 90, 89, 57, 58, 90, 58, 91, 90, 58, 59, 91, 59, 92, 91, 59, 60, 92, 60, 93, 92, 60, 61, 93, 61, 94, 93, 61, 62, 94, 62, 95, 94, 62, 63, 95, 63, 96, 95, 63, 64, 96, 64, 65, 96, 65, 64, 33]
            boundingsphere (float, 4):  [-0.2872629165649414, 0.27512097358703613, -0.960472583770752, 11.603391497226905]
            aabb:
                min (float, 3):  [-10.93090534210205, 0.08944198489189148, -11.167218208312988]
                max (float, 3):  [10.356379508972168, 0.4607999920845032, 9.246273040771484]
            material:
                shader (str, 1):  ['PdxMeshAdvanced']
                diff (str, 1):  ['air_winter_mountain_highland_phase_6_diff.dds']
                spec (str, 1):  ['air_winter_mountain_highland_spec.dds']
                n (str, 1):  ['air_winter_mountain_highland_n.dds']
locator:
