pdxasset (int, 2):  [1, 0]
object:
    air_winter_island_oceanic_frozen_water:
        mesh:
            p (float, 291):  [0.0, 0.41600000858306885, 0.0, 2.4874677658081055, 0.2777997553348541, 0.0, 2.3551318645477295, 0.2308754324913025, 0.46846482157707214, 2.345935106277466, 0.20340779423713684, 0.9717181921005249, 2.0074539184570312, 0.20465512573719025, 1.34133780002594, 1.7755708694458008, 0.2341969609260559, 1.7755708694458008, 1.3720083236694336, 0.2820759415626526, 2.0533554553985596, 0.9836246371269226, 0.33215391635894775, 2.3746800422668457, 0.4723788797855377, 0.3675515949726105, 2.3748090267181396, 1.6197987074378337e-16, 0.37633776664733887, 2.645332098007202, -0.4677622318267822, 0.35555097460746765, 2.35159969329834, -0.9170640707015991, 0.31219765543937683, 2.2139885425567627, -1.4246186017990112, 0.26089048385620117, 2.1320924758911133, -1.873803973197937, 0.21892310678958893, 1.873803973197937, -2.1751866340637207, 0.20044107735157013, 1.4534132480621338, -2.4074084758758545, 0.21167396008968353, 0.9971812963485718, -2.373002052307129, 0.24883559346199036, 0.4720194637775421, -2.4324631690979004, 0.2994002401828766, 2.9789082022815795e-16, -2.41174054145813, 0.3463245630264282, -0.47972503304481506, -2.257258653640747, 0.37379220128059387, -0.9349871873855591, -2.0161397457122803, 0.37254488468170166, -1.3471415042877197, -1.7408303022384644, 0.3430030345916748, -1.7408303022384644, -1.3789564371109009, 0.2951240539550781, -2.0637543201446533, -0.9441300630569458, 0.24504607915878296, -2.279331684112549, -0.5074537992477417, 0.20964841544628143, -2.551142692565918, -4.791692911188363e-16, 0.20086224377155304, -2.608476161956787, 0.47110241651535034, 0.22164902091026306, -2.368391752243042, 0.9651352763175964, 0.2650023400783539, -2.330042600631714, 1.4331538677215576, 0.31630951166152954, -2.1448662281036377, 1.6881028413772583, 0.358276903629303, -1.6881028413772583, 2.1942296028137207, 0.3767589330673218, -1.4661372900009155, 2.341559648513794, 0.3655260503292084, -0.9699057340621948, 2.453579902648926, 0.32836440205574036, -0.48804739117622375, 4.926275730133057, 0.18939974904060364, 0.0, 5.37207555770874, 0.142475426197052, 1.0685722827911377, 4.678640842437744, 0.11500780284404755, 1.93795645236969, 4.127912998199463, 0.11625511944293976, 2.758183240890503, 3.912874937057495, 0.1457969695329666, 3.912874937057495, 2.600820541381836, 0.1936759352684021, 3.8924031257629395, 1.910643219947815, 0.24375392496585846, 4.612700462341309, 1.0738061666488647, 0.27915158867836, 5.398388385772705, 3.310802974888804e-16, 0.2879377603530884, 5.406951427459717, -1.0418609380722046, 0.26715096831321716, 5.237789154052734, -2.0749213695526123, 0.22379764914512634, 5.009303092956543, -2.5789737701416016, 0.17249047756195068, 3.8597068786621094, -3.6936328411102295, 0.13052310049533844, 3.6936328411102295, -4.189060688018799, 0.11204107105731964, 2.7990407943725586, -5.1587138175964355, 0.12327395379543304, 2.1368091106414795, -5.451181411743164, 0.16043558716773987, 1.0843074321746826, -4.915793418884277, 0.2110002487897873, 6.020110913273384e-16, -5.27002477645874, 0.25792455673217773, -1.0482730865478516, -4.508886337280273, 0.2853921949863434, -1.8676419258117676, -4.0987091064453125, 0.28414487838745117, -2.7386698722839355, -3.729645252227783, 0.2546030282974243, -3.729645252227783, -3.0310747623443604, 0.20672406256198883, -4.5363240242004395, -2.0452542304992676, 0.15664607286453247, -4.937680244445801, -0.9153455495834351, 0.12124841660261154, -4.601752758026123, -8.360665175653173e-16, 0.11246223747730255, -4.551333904266357, 1.0775021314620972, 0.13324901461601257, -5.416968822479248, 1.94140625, 0.1766023486852646, -4.68696928024292, 2.8439347743988037, 0.22790952026844025, -4.256248950958252, 3.7165093421936035, 0.2698768973350525, -3.7165093421936035, 4.5918288230896, 0.2883589267730713, -3.068161964416504, 4.881048679351807, 0.2771260440349579, -2.021796464920044, 5.06160831451416, 0.23996441066265106, -1.0068165063858032, 7.290909290313721, 0.1079881489276886, 0.0, 7.710623264312744, 0.09142662584781647, 1.5337382555007935, 7.363800525665283, 0.08173216879367828, 3.0501859188079834, 6.285078048706055, 0.08217239379882812, 4.199554920196533, 6.037547588348389, 0.09259893000125885, 6.037547588348389, 3.932136297225952, 0.10949739068746567, 5.884857654571533, 3.202579975128174, 0.12717197835445404, 7.731712341308594, 1.6806737184524536, 0.13966526091098785, 8.44931697845459, 4.886669127377211e-16, 0.14276626706123352, 7.980535984039307, -1.397827386856079, 0.1354297548532486, 7.027352809906006, -2.859734535217285, 0.1201285868883133, 6.904009819030762, -3.9380574226379395, 0.10202016681432724, 5.893719673156738, -5.753725051879883, 0.08720815181732178, 5.753725051879883, -6.6964826583862305, 0.0806850865483284, 4.474446773529053, -6.1121368408203125, 0.08464962989091873, 2.5317301750183105, -6.960925102233887, 0.09776550531387329, 1.384614109992981, -8.036502838134766, 0.11561185121536255, 9.841878043263873e-16, -6.448765754699707, 0.13217337429523468, -1.2827391624450684, -7.401092052459717, 0.14186783134937286, -3.0656328201293945, -6.273046970367432, 0.14142760634422302, -4.191515922546387, -4.655932903289795, 0.1310010701417923, -4.655932903289795, -3.9250853061676025, 0.11410260945558548, -5.874305248260498, -3.203706979751587, 0.0964280292391777, -7.734432697296143, -1.2582422494888306, 0.0839347392320633, -6.325611114501953, -1.3488011832849998e-15, 0.08083373308181763, -7.342531681060791, 1.6757214069366455, 0.08817023783922195, -8.424420356750488, 2.6353137493133545, 0.10347141325473785, -6.362210273742676, 4.5033464431762695, 0.12157982587814331, -6.739734649658203, 5.07177734375, 0.13639184832572937, -5.07177734375, 7.028486728668213, 0.14291492104530334, -4.696284770965576, 7.824030876159668, 0.13895036280155182, -3.2408196926116943, 7.848936557769775, 0.12583449482917786, -1.5612505674362183]
            n (float, 291):  [0.0005115201929584146, 0.9999998211860657, -2.5286457457696088e-05, 0.04329093173146248, 0.9956814646720886, 0.08212412148714066, 0.04353908821940422, 0.9966117739677429, 0.06978047639131546, 0.04036929830908775, 0.9982545971870422, 0.04310515522956848, 0.06790080666542053, 0.9976060390472412, 0.013099400326609612, 0.07991050183773041, 0.9967448711395264, -0.010677424259483814, 0.09349681437015533, 0.9955918192863464, -0.007440118584781885, 0.08233948051929474, 0.9966017007827759, 0.002292219316586852, 0.04437778890132904, 0.9988941550254822, 0.015528724528849125, -0.010800748132169247, 0.9996564984321594, 0.023880137130618095, -0.06274064630270004, 0.9979226589202881, 0.014627569355070591, -0.08784222602844238, 0.9961247444152832, 0.004384147468954325, -0.0859903022646904, 0.996295154094696, 0.00123061693739146, -0.06831829994916916, 0.9976406693458557, 0.006756222806870937, -0.051756542176008224, 0.9982763528823853, 0.02766861952841282, -0.034125346690416336, 0.9981066584587097, 0.05117107555270195, -0.03782202675938606, 0.9967230558395386, 0.07150307297706604, -0.03981512412428856, 0.9958005547523499, 0.0824386477470398, -0.04119599238038063, 0.9976009726524353, 0.05563444271683693, -0.031014103442430496, 0.999488115310669, 0.00784696452319622, -0.008143660612404346, 0.9993910789489746, -0.033928364515304565, 0.021396780386567116, 0.9977222084999084, -0.06397292762994766, 0.045259490609169006, 0.9960513114929199, -0.07637643814086914, 0.045150116086006165, 0.9961656928062439, -0.07493611425161362, 0.024846229702234268, 0.9976304769515991, -0.06415700167417526, -0.009323307313024998, 0.9982232451438904, -0.05885147675871849, -0.039842624217271805, 0.9968311190605164, -0.06884936988353729, -0.05703902244567871, 0.9957528114318848, -0.07226882129907608, -0.04186425730586052, 0.9966331720352173, -0.07049676030874252, -0.019397269934415817, 0.9981732964515686, -0.05721740424633026, 0.015215418301522732, 0.9996956586837769, -0.01941751316189766, 0.03994932398200035, 0.99873286485672, 0.030606932938098907, 0.04789433255791664, 0.996523916721344, 0.06816288828849792, 0.03422606736421585, 0.9982584118843079, 0.0480487085878849, 0.01988510973751545, 0.9993761777877808, 0.029186032712459564, 0.016788894310593605, 0.9995441436767578, 0.02509091980755329, 0.033417195081710815, 0.9994404911994934, -0.0013768781209364533, 0.032295167446136475, 0.999478280544281, 0.00026917693321593106, 0.060475122183561325, 0.998166561126709, 0.002521913032978773, 0.062229223549366, 0.9979872703552246, 0.012203545309603214, 0.025624936446547508, 0.9991226196289062, 0.033125754445791245, -0.01580399088561535, 0.9989606738090515, 0.04275400936603546, -0.04184652119874954, 0.9983674883842468, 0.03887467831373215, -0.05624065548181534, 0.9981937408447266, 0.021124986931681633, -0.06186257302761078, 0.9980818629264832, 0.0023807347752153873, -0.02973005920648575, 0.9995492100715637, 0.004183401353657246, -0.024317417293787003, 0.9996153712272644, 0.013334589079022408, -0.019642001017928123, 0.999337375164032, 0.03064398281276226, -0.026566706597805023, 0.9987440705299377, 0.0424794964492321, -0.036258284002542496, 0.998296320438385, 0.045713476836681366, -0.05481715500354767, 0.9982795715332031, 0.02081013098359108, -0.043900441378355026, 0.9990277290344238, -0.004044611006975174, -0.0263679176568985, 0.9988240003585815, -0.04068688303232193, -0.014376051723957062, 0.9980235695838928, -0.06117384508252144, 0.001248724409379065, 0.9985957145690918, -0.05296401306986809, 0.02883797697722912, 0.998682975769043, -0.042435985058546066, 0.023544393479824066, 0.9990434646606445, -0.036849379539489746, -0.015629760921001434, 0.9993609189987183, -0.03214646875858307, -0.01809140108525753, 0.9995009899139404, -0.02589547634124756, -0.027981000021100044, 0.9984514713287354, -0.048081133514642715, -0.0161109808832407, 0.9983164668083191, -0.05571994557976723, 0.007277569733560085, 0.9985268115997314, -0.05376938730478287, 0.026855479925870895, 0.9990565776824951, -0.03412800282239914, 0.04455467686057091, 0.9989479184150696, 0.010863125324249268, 0.044826216995716095, 0.998221755027771, 0.03929319232702255, 0.03445255756378174, 0.9990426898002625, 0.026958517730236053, 0.017210595309734344, 0.9996859431266785, 0.01821107789874077, 0.01024639792740345, 0.9998460412025452, 0.01424429751932621, 0.01964282989501953, 0.9998060464859009, -0.0014462032122537494, 0.023590337485074997, 0.9997175931930542, 0.002870414173230529, 0.03947872295975685, 0.9991356730461121, 0.013010866940021515, 0.046277329325675964, 0.9986770153045654, 0.022417018190026283, 0.0194169320166111, 0.9990414381027222, 0.039234403520822525, -0.016292832791805267, 0.9983996152877808, 0.05415470525622368, -0.03544044494628906, 0.9977244734764099, 0.057356659322977066, -0.04512494057416916, 0.9984248280525208, 0.033342394977808, -0.038310982286930084, 0.9992039203643799, 0.011125962249934673, -0.018137071281671524, 0.9998285174369812, 0.003755404846742749, -0.016292573884129524, 0.9998647570610046, 0.002217754488810897, -0.021987546235322952, 0.9995235204696655, 0.02166232094168663, -0.03126281127333641, 0.9988617897033691, 0.036024633795022964, -0.04019712284207344, 0.9989944696426392, 0.019853856414556503, -0.06209301948547363, 0.9980224370956421, 0.009784981608390808, -0.05208829045295715, 0.9985617995262146, -0.012692687101662159, -0.037158288061618805, 0.9983218312263489, -0.044416394084692, -0.036414798349142075, 0.997136116027832, -0.06628311425447464, -0.017997097223997116, 0.998891294002533, -0.04350067675113678, 0.011126790195703506, 0.9993718266487122, -0.0336485281586647, 0.017834626138210297, 0.9995351433753967, -0.02472667582333088, -0.015284489840269089, 0.9997655749320984, -0.01533419918268919, -0.009790957905352116, 0.9997680187225342, -0.019184421747922897, -0.009201670996844769, 0.999167263507843, -0.03975125774741173, 0.00275297905318439, 0.9987983107566833, -0.048932164907455444, 0.021158277988433838, 0.998124897480011, -0.057436805218458176, 0.03567413240671158, 0.9987976551055908, -0.03362448513507843, 0.04686400666832924, 0.9989008903503418, -0.0008033541380427778, 0.04614309221506119, 0.9986593127250671, 0.023458411917090416]
            ta (float, 388):  [0.9999998807907104, -0.0005115222884342074, -5.791245846591131e-13, 1.0, 0.9990556836128235, -0.04344684258103371, 0.00011161217116750777, 1.0, 0.9990468621253967, -0.043650753796100616, 7.54681313992478e-05, 1.0, 0.9991834163665771, -0.04040418192744255, -6.199323979672045e-05, 1.0, 0.9976915717124939, -0.06790677458047867, 1.1271333278273232e-05, 1.0, 0.9968016147613525, -0.07991620898246765, -0.00010865370859391987, 1.0, 0.9956192374229431, -0.09350032359361649, -0.00012397374666761607, 1.0, 0.996604323387146, -0.08233972638845444, 1.3840756764693651e-05, 1.0, 0.9990145564079285, -0.044384121894836426, 6.298862717812881e-05, 1.0, 0.9999415874481201, 0.010804617777466774, -3.3077867556130514e-05, 1.0, 0.9980292916297913, 0.06275036185979843, -0.0002054627111647278, 1.0, 0.9961344003677368, 0.08784323185682297, -3.461444430286065e-05, 1.0, 0.9962959885597229, 0.08599039912223816, -1.2470250112528447e-05, 1.0, 0.9976634383201599, 0.06832017749547958, -4.745750266010873e-05, 1.0, 0.9986586570739746, 0.05177772790193558, -4.9219204811379313e-05, 1.0, 0.9994160532951355, 0.03417133167386055, -2.3616390535607934e-05, 1.0, 0.9992805123329163, 0.03792772442102432, -0.00012058558058924973, 1.0, 0.999201238155365, 0.039960965514183044, -0.00011922279372811317, 1.0, 0.9991481900215149, 0.04126683995127678, -0.00012467837950680405, 1.0, 0.9995189309120178, 0.03101532533764839, -3.378662950126454e-05, 1.0, 0.9999668002128601, 0.008145005442202091, -9.856186807155609e-05, 1.0, 0.9997693300247192, -0.021473895758390427, -0.0005180097068659961, 1.0, 0.9989659190177917, -0.045457541942596436, -0.0008556006941944361, 1.0, 0.9989717602729797, -0.04533189535140991, -0.0007257865509018302, 1.0, 0.9996899962425232, -0.024898668751120567, -1.785314452718012e-05, 1.0, 0.999956488609314, 0.009314246475696564, -0.0004282690060790628, 1.0, 0.9992013573646545, 0.0399555005133152, 0.0002626249042805284, 1.0, 0.9983556270599365, 0.057301610708236694, 0.0015638363547623158, 1.0, 0.999116837978363, 0.04201314598321915, 0.0006299798842519522, 1.0, 0.9998108744621277, 0.019444694742560387, 0.00027219270123168826, 1.0, 0.999884307384491, -0.015217062085866928, 6.31656585028395e-05, 1.0, 0.9992009401321411, -0.03996843472123146, 1.2601437447301578e-05, 1.0, 0.9988473057746887, -0.04800143465399742, -6.673490861430764e-05, 1.0, 0.9994128346443176, -0.034264251589775085, -2.896836849686224e-05, 1.0, 0.9998020529747009, -0.01989281177520752, -2.6442869057063945e-05, 1.0, 0.9998589754104614, -0.01679319515824318, -3.9244481740752235e-05, 1.0, 0.9994415044784546, -0.0334172286093235, -6.308740694294102e-07, 1.0, 0.9994783997535706, -0.03229517489671707, 2.7509014444149216e-07, 1.0, 0.9981697201728821, -0.06047530472278595, -3.892278982675634e-06, 1.0, 0.9980615377426147, -0.06223415583372116, 2.4667673642397858e-05, 1.0, 0.9996711611747742, -0.025642581284046173, 0.00010788663348648697, 1.0, 0.999875009059906, 0.01581026241183281, 0.0001914366876007989, 1.0, 0.9991227388381958, 0.041877590119838715, 1.5170229744398966e-05, 1.0, 0.998416543006897, 0.05625315010547638, 2.727685568970628e-06, 1.0, 0.9980846047401428, 0.0618627555668354, -3.787375817410066e-06, 1.0, 0.9995579719543457, 0.029730334877967834, -4.0703066588321235e-06, 1.0, 0.9997043013572693, 0.02431962639093399, -3.6537567211780697e-06, 1.0, 0.9998069405555725, 0.019651053473353386, 5.787630470877048e-06, 1.0, 0.9996464252471924, 0.026591874659061432, -2.7426574888522737e-05, 1.0, 0.999340832233429, 0.036304134875535965, -0.00017281583859585226, 1.0, 0.9984948039054871, 0.05484228581190109, -0.0006390138296410441, 1.0, 0.9990358948707581, 0.04390082135796547, 3.861446657538181e-06, 1.0, 0.9996513724327087, 0.02639995515346527, 0.00025030170218087733, 1.0, 0.999894917011261, 0.014463200233876705, 0.0009820060804486275, 1.0, 0.9999992251396179, -0.0012531676329672337, -5.069344479124993e-05, 1.0, 0.9995833039283752, -0.028864240273833275, -6.215902885742253e-06, 1.0, 0.9997221827507019, -0.02356647327542305, -0.00016497893375344574, 1.0, 0.9998777508735657, 0.01563935913145542, 4.712864028988406e-05, 1.0, 0.999836266040802, 0.018098391592502594, 3.560319237294607e-05, 1.0, 0.9996076822280884, 0.028009645640850067, -7.798598380759358e-05, 1.0, 0.9998700022697449, 0.016126535832881927, -0.00017050172027666122, 1.0, 0.999973475933075, -0.007287672255188227, 8.197052920877468e-06, 1.0, 0.9996388554573059, -0.026874560862779617, -0.00010035526793217286, 1.0, 0.9990068674087524, -0.044557273387908936, -3.4467682326067006e-06, 1.0, 0.9989932775497437, -0.04485917463898659, -4.281563815311529e-05, 1.0, 0.9994058012962341, -0.03446502238512039, -2.2139718112157425e-06, 1.0, 0.9998517632484436, -0.017214424908161163, 5.3299052524380386e-05, 1.0, 0.9999474883079529, -0.010247739031910896, 2.1173294953769073e-05, 1.0, 0.9998070597648621, -0.019642846658825874, 4.227324552630307e-07, 1.0, 0.9997217059135437, -0.023590387776494026, -1.580852404003963e-05, 1.0, 0.9992203116416931, -0.03948162868618965, -3.391810605535284e-05, 1.0, 0.9989282488822937, -0.04628643020987511, -0.00011286477820249274, 1.0, 0.9998114109039307, -0.019416790455579758, -0.0003846691397484392, 1.0, 0.9998666644096375, 0.01632711850106716, -0.00019073628936894238, 1.0, 0.9993698000907898, 0.035495027899742126, 6.712754839099944e-05, 1.0, 0.9989807605743408, 0.0451347753405571, 0.00045779248466715217, 1.0, 0.9992657899856567, 0.03831282630562782, 4.676635580835864e-05, 1.0, 0.9998355507850647, 0.018137125298380852, 2.010303614952136e-05, 1.0, 0.9998672604560852, 0.01629260927438736, 2.0840134311583824e-06, 1.0, 0.999758243560791, 0.0219926368445158, 3.348239943079534e-06, 1.0, 0.9995104670524597, 0.03128468990325928, -4.375622665975243e-05, 1.0, 0.9991916418075562, 0.040201250463724136, 0.00019173948385287076, 1.0, 0.9980701804161072, 0.06209596246480942, 2.378582848905353e-06, 1.0, 0.9986423254013062, 0.052091602236032486, -7.012116111582145e-05, 1.0, 0.9993085265159607, 0.03718123957514763, -0.0003096330619882792, 1.0, 0.9993339776992798, 0.036490652710199356, -6.626790127484128e-05, 1.0, 0.9998376369476318, 0.01801716722548008, 6.934702832950279e-05, 1.0, 0.9999380707740784, -0.011125580407679081, 0.00022315385285764933, 1.0, 0.9998408555984497, -0.017839491367340088, 2.3807602701708674e-05, 1.0, 0.999883234500885, 0.015286319889128208, 2.154831008738256e-06, 1.0, 0.9999521374702454, 0.009790628217160702, -0.00011117247049696743, 1.0, 0.9999576210975647, 0.00920755323022604, -3.506853317958303e-05, 1.0, 0.9999961853027344, -0.0027697209734469652, -0.0002743024961091578, 1.0, 0.9997754096984863, -0.02119470201432705, -2.4993760234792717e-05, 1.0, 0.9993628263473511, -0.03569148853421211, 8.404979598708451e-05, 1.0, 0.9989012479782104, -0.04686402156949043, -3.7760963778055157e-07, 1.0, 0.998934268951416, -0.046156901866197586, 4.715198519988917e-05, 1.0]
            u0 (float, 194):  [0.5, 0.5, 0.6563462018966675, 0.5, 0.6480283737182617, 0.47055530548095703, 0.6474503874778748, 0.43892407417297363, 0.626175582408905, 0.41569215059280396, 0.611600935459137, 0.38839906454086304, 0.5862355828285217, 0.37093931436538696, 0.5618243217468262, 0.3507429361343384, 0.529690682888031, 0.3507348299026489, 0.5, 0.333731472492218, 0.4705994725227356, 0.35219359397888184, 0.4423592686653137, 0.3608429431915283, 0.41045767068862915, 0.36599040031433105, 0.38222476840019226, 0.3822247385978699, 0.363281786441803, 0.4086478352546692, 0.3486858308315277, 0.4373236298561096, 0.35084840655326843, 0.47033190727233887, 0.3471110463142395, 0.5, 0.34841352701187134, 0.5301524102687836, 0.3581232726573944, 0.5587672591209412, 0.3732784688472748, 0.5846726298332214, 0.3905826210975647, 0.6094173789024353, 0.413327693939209, 0.6297142803668976, 0.4406580626964569, 0.6432640850543976, 0.4681047201156616, 0.6603483855724335, 0.5, 0.6639519929885864, 0.5296104550361633, 0.648861825466156, 0.5606621503829956, 0.6464514434337616, 0.5900788307189941, 0.6348124742507935, 0.606103241443634, 0.6061032712459564, 0.6379151344299316, 0.592151939868927, 0.6471753120422363, 0.5609620213508606, 0.6542162299156189, 0.5306755006313324, 0.8096339106559753, 0.5, 0.8376539945602417, 0.4328364133834839, 0.7940691709518433, 0.3781925439834595, 0.7594539523124695, 0.326638400554657, 0.7459380626678467, 0.2540619373321533, 0.6634708046913147, 0.2553486227989197, 0.6200907230377197, 0.21007537841796875, 0.5674925446510315, 0.16069209575653076, 0.5, 0.16015386581420898, 0.4345153272151947, 0.17078638076782227, 0.3695838153362274, 0.18514752388000488, 0.33790233731269836, 0.25740373134613037, 0.26784205436706543, 0.26784205436706543, 0.23670266568660736, 0.3240703344345093, 0.1757565289735794, 0.36569398641586304, 0.15737389028072357, 0.4318474531173706, 0.19102492928504944, 0.5, 0.16876021027565002, 0.5658876895904541, 0.2166004776954651, 0.6173879206180573, 0.24238157272338867, 0.6721351444721222, 0.2655785381793976, 0.7344214618206024, 0.30948618054389954, 0.7851240634918213, 0.3714485168457031, 0.8103507310152054, 0.44246727228164673, 0.7892365157604218, 0.5, 0.7860675007104874, 0.5677248239517212, 0.8404757380485535, 0.6220242977142334, 0.7945926785469055, 0.6787514090538025, 0.7675203680992126, 0.7335957884788513, 0.7335958182811737, 0.7886127233505249, 0.6928448677062988, 0.8067912459373474, 0.6270771026611328, 0.8181400895118713, 0.5632819831371307, 0.9582595229148865, 0.5, 0.9846400618553162, 0.4035990834236145, 0.9628410339355469, 0.3082849979400635, 0.8950394988059998, 0.2360430359840393, 0.879481315612793, 0.12051868438720703, 0.7471487522125244, 0.130115807056427, 0.7012935280799866, 0.014034450054168701, 0.6056362986564636, -0.031069636344909668, 0.5, -0.0016050338745117188, 0.4121415913105011, 0.05830591917037964, 0.3202555179595947, 0.0660584568977356, 0.25247910618782043, 0.12955880165100098, 0.1383579522371292, 0.13835793733596802, 0.0791022926568985, 0.21876513957977295, 0.11583048105239868, 0.34087175130844116, 0.062481142580509186, 0.412972092628479, -0.005122750997543335, 0.5, 0.09467218816280365, 0.5806247293949127, 0.03481507673859596, 0.6926859021186829, 0.10571672022342682, 0.7634516656398773, 0.20735807716846466, 0.7926419228315353, 0.253294438123703, 0.869220957159996, 0.2986356317996979, 0.9861365547403693, 0.42091500759124756, 0.8975871205329895, 0.5, 0.9615041762590408, 0.6053250432014465, 1.0295047424733639, 0.66563880443573, 0.8998875096440315, 0.7830513119697571, 0.9236162528395653, 0.8187792301177979, 0.8187792152166367, 0.9417653679847717, 0.7951781749725342, 0.9917681217193604, 0.7036970257759094, 0.9933335185050964, 0.5981301367282867]
            tri (int, 480):  [0, 2, 1, 0, 3, 2, 0, 4, 3, 0, 5, 4, 0, 6, 5, 0, 7, 6, 0, 8, 7, 0, 9, 8, 0, 10, 9, 0, 11, 10, 0, 12, 11, 0, 13, 12, 0, 14, 13, 0, 15, 14, 0, 16, 15, 0, 17, 16, 0, 18, 17, 0, 19, 18, 0, 20, 19, 0, 21, 20, 0, 22, 21, 0, 23, 22, 0, 24, 23, 0, 25, 24, 0, 26, 25, 0, 27, 26, 0, 28, 27, 0, 29, 28, 0, 30, 29, 0, 31, 30, 0, 32, 31, 0, 1, 32, 1, 34, 33, 1, 2, 34, 2, 35, 34, 2, 3, 35, 3, 36, 35, 3, 4, 36, 4, 37, 36, 4, 5, 37, 5, 38, 37, 5, 6, 38, 6, 39, 38, 6, 7, 39, 7, 40, 39, 7, 8, 40, 8, 41, 40, 8, 9, 41, 9, 42, 41, 9, 10, 42, 10, 43, 42, 10, 11, 43, 11, 44, 43, 11, 12, 44, 12, 45, 44, 12, 13, 45, 13, 46, 45, 13, 14, 46, 14, 47, 46, 14, 15, 47, 15, 48, 47, 15, 16, 48, 16, 49, 48, 16, 17, 49, 17, 50, 49, 17, 18, 50, 18, 51, 50, 18, 19, 51, 19, 52, 51, 19, 20, 52, 20, 53, 52, 20, 21, 53, 21, 54, 53, 21, 22, 54, 22, 55, 54, 22, 23, 55, 23, 56, 55, 23, 24, 56, 24, 57, 56, 24, 25, 57, 25, 58, 57, 25, 26, 58, 26, 59, 58, 26, 27, 59, 27, 60, 59, 27, 28, 60, 28, 61, 60, 28, 29, 61, 29, 62, 61, 29, 30, 62, 30, 63, 62, 30, 31, 63, 31, 64, 63, 31, 32, 64, 32, 33, 64, 33, 32, 1, 33, 66, 65, 33, 34, 66, 34, 67, 66, 34, 35, 67, 35, 68, 67, 35, 36, 68, 36, 69, 68, 36, 37, 69, 37, 70, 69, 37, 38, 70, 38, 71, 70, 38, 39, 71, 39, 72, 71, 39, 40, 72, 40, 73, 72, 40, 41, 73, 41, 74, 73, 41, 42, 74, 42, 75, 74, 42, 43, 75, 43, 76, 75, 43, 44, 76, 44, 77, 76, 44, 45, 77, 45, 78, 77, 45, 46, 78, 46, 79, 78, 46, 47, 79, 47, 80, 79, 47, 48, 80, 48, 81, 80, 48, 49, 81, 49, 82, 81, 49, 50, 82, 50, 83, 82, 50, 51, 83, 51, 84, 83, 51, 52, 84, 52, 85, 84, 52, 53, 85, 53, 86, 85, 53, 54, 86, 54, 87, 86, 54, 55, 87, 55, 88, 87, 55, 56, 88, 56, 89, 88, 56, 57, 89, 57, 90, 89, 57, 58, 90, 58, 91, 90, 58, 59, 91, 59, 92, 91, 59, 60, 92, 60, 93, 92, 60, 61, 93, 61, 94, 93, 61, 62, 94, 62, 95, 94, 62, 63, 95, 63, 96, 95, 63, 64, 96, 64, 65, 96, 65, 64, 33]
            boundingsphere (float, 4):  [-0.09378314018249512, 0.24834254384040833, 0.012448310852050781, 8.622137989193797]
            aabb:
                min (float, 3):  [-8.036502838134766, 0.0806850865483284, -8.424420356750488]
                max (float, 3):  [7.848936557769775, 0.41600000858306885, 8.44931697845459]
            material:
                shader (str, 1):  ['PdxMeshAlphaBlend']
                diff (str, 1):  ['air_winter_island_oceanic_frozen_water_diff.dds']
                spec (str, 1):  ['air_winter_island_oceanic_frozen_water_spec.dds']
                n (str, 1):  ['air_winter_island_oceanic_frozen_water_n.dds']
locator:
