pdxasset (int, 2):  [1, 0]
object:
    air_winter_equatorial_rainforest_phase_1:
        mesh:
            p (float, 291):  [0.0, 0.31679999828338623, 0.0, 3.3686695098876953, 0.2794041931629181, 0.0, 3.0361409187316895, 0.25199079513549805, 0.6039259433746338, 3.127575159072876, 0.2137203961610794, 1.2954840660095215, 2.659428834915161, 0.17749245464801788, 1.7769736051559448, 2.184107780456543, 0.15551799535751343, 2.184107780456543, 1.7275445461273193, 0.15520372986793518, 2.5854530334472656, 1.2493855953216553, 0.1766555905342102, 3.0162835121154785, 0.6459921598434448, 0.21264301240444183, 3.247622013092041, 2.0692780643873082e-16, 0.25103601813316345, 3.379387617111206, -0.6589863300323486, 0.2788938581943512, 3.3129477500915527, -1.1944794654846191, 0.2868267297744751, 2.883728504180908, -1.885945200920105, 0.27216076850891113, 2.822516441345215, -2.205378293991089, 0.2398393303155899, 2.205378293991089, -2.809340476989746, 0.20075665414333344, 1.8771413564682007, -3.0024192333221436, 0.16808602213859558, 1.2436426877975464, -3.229764699935913, 0.15283939242362976, 0.642440140247345, -3.3571665287017822, 0.16015581786632538, 4.1113433424595e-16, -3.0986175537109375, 0.18756921589374542, -0.6163533329963684, -2.8703222274780273, 0.22583959996700287, -1.188926339149475, -2.828908920288086, 0.2620675563812256, -1.8902164697647095, -2.224803924560547, 0.28404200077056885, -2.224803924560547, -1.7704710960388184, 0.2843562662601471, -2.6496973037719727, -1.191957950592041, 0.26290440559387207, -2.877640962600708, -0.6293805837631226, 0.22691699862480164, -3.164109945297241, -5.859956570584501e-16, 0.18852397799491882, -3.190011739730835, 0.6353440284729004, 0.16066615283489227, -3.194089889526367, 1.3100203275680542, 0.15273326635360718, -3.1626689434051514, 1.8122117519378662, 0.16739922761917114, -2.7121665477752686, 2.2896697521209717, 0.19972068071365356, -2.2896697521209717, 2.7920098304748535, 0.23880334198474884, -1.8655613660812378, 3.078070640563965, 0.2714739739894867, -1.274978518486023, 3.0968825817108154, 0.2867206037044525, -0.6160082221031189, 7.022398471832275, 0.21208418905735016, 0.0, 6.815470218658447, 0.18467079102993011, 1.355681300163269, 5.7089314460754395, 0.14640039205551147, 2.3647167682647705, 5.456043243408203, 0.11017245799303055, 3.645611524581909, 4.766602993011475, 0.0881979912519455, 4.766602993011475, 3.5198757648468018, 0.08788372576236725, 5.267866134643555, 2.5945205688476562, 0.10933559387922287, 6.263726711273193, 1.3052561283111572, 0.1453230082988739, 6.561965465545654, 3.9403538601884584e-16, 0.18371601402759552, 6.435086250305176, -1.3512884378433228, 0.21157385408878326, 6.7933855056762695, -2.3138785362243652, 0.21950672566890717, 5.5861968994140625, -3.7895703315734863, 0.2048407793045044, 5.671492576599121, -4.901026248931885, 0.17251932621002197, 4.901026248931885, -5.628885269165039, 0.1334366649389267, 3.761101007461548, -6.563990116119385, 0.10076601803302765, 2.7188937664031982, -6.827994346618652, 0.08551938831806183, 1.3581724166870117, -6.458333969116211, 0.09283581376075745, 7.909177556525318e-16, -5.77610969543457, 0.12024921178817749, -1.1489397287368774, -5.5027031898498535, 0.15851961076259613, -2.27929425239563, -4.847569465637207, 0.19474753737449646, -3.239042282104492, -4.290594577789307, 0.2167220115661621, -4.290594577789307, -3.851919174194336, 0.21703627705574036, -5.764804363250732, -2.7267870903015137, 0.19558440148830414, -6.583045959472656, -1.3638793230056763, 0.1595969945192337, -6.856684684753418, -1.3082472574737136e-15, 0.12120398133993149, -7.121766090393066, 1.2843459844589233, 0.09334614872932434, -6.45684289932251, 2.6717445850372314, 0.08541326969861984, -6.450161933898926, 3.7439703941345215, 0.10007922351360321, -5.60324764251709, 5.095004558563232, 0.13240067660808563, -5.095004558563232, 4.895235061645508, 0.1714833378791809, -3.2708914279937744, 6.434883117675781, 0.20415398478507996, -2.6654157638549805, 6.164192199707031, 0.21940061450004578, -1.2261340618133545, 8.777290344238281, 0.10618383437395096, 0.0, 10.36520004272461, 0.09650851041078568, 2.0617663860321045, 8.90785026550293, 0.08300131559371948, 3.6897525787353516, 8.698535919189453, 0.07021498680114746, 5.812175750732422, 6.405688762664795, 0.06245929002761841, 6.405688762664795, 5.119731426239014, 0.062348373234272, 7.662219047546387, 3.938908100128174, 0.06991962343454361, 9.50936508178711, 1.9798940420150757, 0.08262106031179428, 9.953598976135254, 5.920397665327016e-16, 0.096171535551548, 9.668743133544922, -1.8919435739517212, 0.10600370913743973, 9.511443138122559, -3.9430503845214844, 0.10880354791879654, 9.519365310668945, -5.711369514465332, 0.10362733155488968, 8.54766845703125, -7.242434978485107, 0.0922197625041008, 7.242434978485107, -8.702969551086426, 0.07842587679624557, 5.815138339996338, -7.51971960067749, 0.06689506769180298, 3.11476993560791, -10.762720108032227, 0.06151390075683594, 2.140838146209717, -8.970670700073242, 0.06409616768360138, 1.0985902976440396e-15, -10.442193984985352, 0.07377148419618607, -2.0770814418792725, -8.352795600891113, 0.08727868646383286, -3.459841251373291, -8.68705940246582, 0.10006501525640488, -5.804507732391357, -6.240347862243652, 0.10782071202993393, -6.240347862243652, -5.0940752029418945, 0.10793162882328033, -7.623822212219238, -3.3353097438812256, 0.10036037862300873, -8.052149772644043, -1.7429695129394531, 0.08765894174575806, -8.762499809265137, -1.65138898649414e-15, 0.07410846650600433, -8.989742279052734, 1.8324024677276611, 0.06427628546953201, -9.212109565734863, 3.474222183227539, 0.0614764504134655, -8.387514114379883, 5.203661918640137, 0.06665266305208206, -7.787830352783203, 7.657400608062744, 0.07806023955345154, -7.657400608062744, 7.169136047363281, 0.09185411781072617, -4.790263652801514, 7.622641563415527, 0.10338493436574936, -3.1574015617370605, 10.86743450164795, 0.1087661013007164, -2.1616671085357666]
            n (float, 291):  [0.00010576268687145784, 1.0, 0.00013692898210138083, 0.015046510845422745, 0.9997003674507141, 0.019307103008031845, 0.010904478840529919, 0.9987965822219849, 0.04781759902834892, 0.005015356000512838, 0.9985891580581665, 0.0528627410531044, 0.0029342726338654757, 0.9986175298690796, 0.05248221382498741, 0.013147272169589996, 0.9991886019706726, 0.038069166243076324, 0.035413600504398346, 0.9991637468338013, 0.02043606899678707, 0.04957941547036171, 0.9986987113952637, 0.011946359649300575, 0.051709890365600586, 0.9985408186912537, 0.015567225404083729, 0.042610254138708115, 0.9988926649093628, 0.01994415558874607, 0.0153067447245121, 0.9996983408927917, 0.01920653134584427, -0.009672004729509354, 0.9998881220817566, 0.011408811435103416, -0.030355876311659813, 0.9995390772819519, -0.0003823563165497035, -0.04880472645163536, 0.9986543655395508, -0.017535347491502762, -0.04404076188802719, 0.9988062381744385, -0.021131817251443863, -0.04215102270245552, 0.998969554901123, -0.016827907413244247, -0.034180231392383575, 0.9994129538536072, 0.002327744383364916, -0.03221087530255318, 0.9993512034416199, 0.01611025631427765, -0.03980288654565811, 0.998735249042511, 0.03071889467537403, -0.045658547431230545, 0.9981587529182434, 0.0399288572371006, -0.03913494199514389, 0.9990364909172058, 0.019865652546286583, -0.02273528091609478, 0.9997413754463196, 0.00042068585753440857, 0.0009216014877893031, 0.9998440742492676, -0.017635991796851158, 0.02765669859945774, 0.9991725087165833, -0.029825393110513687, 0.040976718068122864, 0.998694121837616, -0.03051164373755455, 0.042976491153240204, 0.9986512660980225, -0.029129577800631523, 0.024795755743980408, 0.9992468357086182, -0.02985048107802868, 0.0074892351403832436, 0.9995118975639343, -0.03032907098531723, -0.0038237597327679396, 0.999101996421814, -0.04219561815261841, -0.012545245699584484, 0.9986040592193604, -0.051309335976839066, -0.00654152175411582, 0.99870765209198, -0.05039997771382332, 0.004111609421670437, 0.9994053840637207, -0.03423355519771576, 0.012607456184923649, 0.9998874664306641, -0.008125106804072857, 0.02896682359278202, 0.9995197057723999, 0.011014924384653568, 0.018701020628213882, 0.9995049238204956, 0.02530130185186863, 0.006834462750703096, 0.9993035793304443, 0.0366840586066246, 0.0029808878898620605, 0.9996975660324097, 0.024409262463450432, 0.0035998851526528597, 0.9998466968536377, 0.017136115580797195, 0.017467066645622253, 0.9998101592063904, 0.008632218465209007, 0.025602292269468307, 0.9996529221534729, 0.006207900587469339, 0.026185354217886925, 0.9995535612106323, 0.014383945614099503, 0.025465894490480423, 0.9993991255760193, 0.02351551689207554, 0.005568374413996935, 0.9995788335800171, 0.02848171815276146, -0.011282495222985744, 0.999713659286499, 0.021099744364619255, -0.022642435505986214, 0.9996644258499146, 0.012588540092110634, -0.03130888193845749, 0.9995083212852478, -0.0017116029048338532, -0.03128059208393097, 0.9994323253631592, -0.01251460611820221, -0.022939426824450493, 0.9997038245201111, -0.008130800910294056, -0.01423498336225748, 0.999898374080658, -0.0007917704642750323, -0.015726542100310326, 0.9998381733894348, 0.008738189935684204, -0.023073051124811172, 0.9995754361152649, 0.017797265201807022, -0.030825966969132423, 0.9993636608123779, 0.01794634573161602, -0.03238866105675697, 0.9994606375694275, 0.005421350244432688, -0.026797059923410416, 0.9995642900466919, -0.01237761415541172, -0.018429597839713097, 0.9994086623191833, -0.029028519988059998, 0.004724559839814901, 0.9991613030433655, -0.040673524141311646, 0.019068080931901932, 0.9992857575416565, -0.03262578323483467, 0.0216151662170887, 0.9995388388633728, -0.021328376606106758, 0.016647055745124817, 0.9997518658638, -0.014798314310610294, 0.003357678884640336, 0.9998819231987, -0.01499200239777565, -0.00636133411899209, 0.9996666312217712, -0.02502135932445526, 0.0025941254571080208, 0.9997637867927551, -0.021576356142759323, 0.0055713108740746975, 0.9992547035217285, -0.03819757327437401, 0.02148902788758278, 0.9990262985229492, -0.03853149712085724, 0.02304297499358654, 0.9996857643127441, -0.009871597401797771, 0.036447685211896896, 0.9993166923522949, 0.006141620222479105, 0.022749483585357666, 0.9995923638343811, 0.017249025404453278, 0.010263273492455482, 0.9996628761291504, 0.023847641423344612, 0.004299229476600885, 0.9998586177825928, 0.016253244131803513, 0.002351477975025773, 0.9999068975448608, 0.013442506082355976, 0.01241160836070776, 0.9999110698699951, 0.004885585512965918, 0.017259130254387856, 0.9998263120651245, 0.007033160421997309, 0.015451174229383469, 0.9997667074203491, 0.015095035545527935, 0.013396752066910267, 0.9995438456535339, 0.027066711336374283, 0.0016352948732674122, 0.9995009899139404, 0.031546078622341156, -0.010788949206471443, 0.9995818734169006, 0.02682524174451828, -0.019681308418512344, 0.9996304512023926, 0.01875285990536213, -0.025646310299634933, 0.9996499419212341, 0.006495561450719833, -0.026352277025580406, 0.9996455311775208, -0.0037790678907185793, -0.020182514563202858, 0.999790370464325, -0.0034587231930345297, -0.009217892773449421, 0.9999566674232483, 0.0013505220413208008, -0.010378466919064522, 0.9999287128448486, 0.0059027718380093575, -0.014693139120936394, 0.9998468160629272, 0.00951075553894043, -0.02407466433942318, 0.9996768236160278, 0.008164308033883572, -0.02582005225121975, 0.9996612668037415, -0.003278423333540559, -0.02899504080414772, 0.9993577599525452, -0.02105301432311535, -0.027551621198654175, 0.9989002346992493, -0.0379365012049675, -0.006889413110911846, 0.9986346960067749, -0.05178150162100792, 0.0060757724568247795, 0.9991565346717834, -0.04061349853873253, 0.012967046350240707, 0.9996508955955505, -0.02302047610282898, 0.010097669437527657, 0.9998757243156433, -0.012106642127037048, 0.0031312278006225824, 0.9999268054962158, -0.011688069440424442, -0.00448903813958168, 0.9997789263725281, -0.020540112629532814, 0.004563428461551666, 0.9998325109481812, -0.017723262310028076, 0.022852642461657524, 0.9995269775390625, -0.020580671727657318, 0.026350663974881172, 0.9987855553627014, -0.0416308268904686, 0.03145083412528038, 0.9994617700576782, -0.009335667826235294]
            ta (float, 388):  [1.0, -0.00010576301428955048, 2.9729486428209384e-08, 1.0, 0.9998867511749268, -0.015048914588987827, -2.0764720829902217e-05, 1.0, 0.9999405145645142, -0.010912797413766384, -8.711335976840928e-05, 1.0, 0.9999874234199524, -0.00501392874866724, -0.00015960956807248294, 1.0, 0.9999956488609314, -0.0029302015900611877, -0.00015450574574060738, 1.0, 0.9999134540557861, -0.013156215660274029, -1.5581930711050518e-05, 1.0, 0.9993724226951599, -0.035422176122665405, 5.7696957810549065e-05, 1.0, 0.9987699389457703, -0.04958369955420494, 6.252602179301903e-05, 1.0, 0.9986616373062134, -0.051718570291996, 0.00015558804443571717, 1.0, 0.9990912079811096, -0.042622409760951996, 0.00018448865739628673, 1.0, 0.999882698059082, -0.015310646966099739, 5.609547588392161e-05, 1.0, 0.9999532103538513, 0.009672713465988636, -6.959789971006103e-06, 1.0, 0.9995391964912415, 0.03035588189959526, 1.6026915545808151e-06, 1.0, 0.9988078474998474, 0.04881375655531883, 8.718543540453538e-05, 1.0, 0.9990291595458984, 0.04405415803194046, 0.0001682312140474096, 1.0, 0.999110996723175, 0.04215776175260544, 4.545423507806845e-05, 1.0, 0.9994156956672668, 0.03418032452464104, -1.055819893736043e-06, 1.0, 0.9994809031486511, 0.032215554267168045, -3.116964944638312e-05, 1.0, 0.9992067813873291, 0.039822936058044434, -4.085377076989971e-05, 1.0, 0.9989554286003113, 0.045695990324020386, -2.5056468075490557e-05, 1.0, 0.9992335438728333, 0.039142951369285583, -1.468224490963621e-05, 1.0, 0.9997414946556091, 0.02273528277873993, 7.706999554102367e-07, 1.0, 0.9999996423721313, -0.000923134561162442, -7.881294732214883e-05, 1.0, 0.9996169209480286, -0.027673758566379547, -0.0001594040950294584, 1.0, 0.9991587400436401, -0.04100751504302025, -0.00038390871486626565, 1.0, 0.9990751147270203, -0.042999643832445145, -0.0001684988383203745, 1.0, 0.9996922016143799, -0.024810098111629486, -0.00011016204371117055, 1.0, 0.9999719262123108, -0.007492659613490105, 7.429928814417508e-07, 1.0, 0.9999926686286926, 0.0038354811258614063, 0.00019682644051499665, 1.0, 0.9999209642410278, 0.01257339958101511, 0.00022594589972868562, 1.0, 0.9999783635139465, 0.0065619004890322685, 0.00023888754367362708, 1.0, 0.9999915957450867, -0.004113703966140747, 9.249488357454538e-06, 1.0, 0.9999205470085144, -0.01260791439563036, -5.071464784123236e-06, 1.0, 0.9995802640914917, -0.028970452025532722, 0.00017020550149027258, 1.0, 0.9998250603675842, -0.01870756223797798, 2.183453761972487e-05, 1.0, 0.999976634979248, -0.006837544962763786, -4.144039485254325e-05, 1.0, 0.9999954700469971, -0.0029822231736034155, 1.8277542039868422e-05, 1.0, 0.9999935626983643, -0.0036002383567392826, -1.0250575542158913e-05, 1.0, 0.9998474717140198, -0.017467651516199112, -7.75701118982397e-06, 1.0, 0.9996721148490906, -0.02560275048017502, -4.916637408314273e-06, 1.0, 0.9996570348739624, -0.026188356801867485, 2.019693965849001e-05, 1.0, 0.999675452709198, -0.025474879890680313, 8.278238965431228e-05, 1.0, 0.9999845027923584, -0.005569925997406244, -2.4867988031473942e-05, 1.0, 0.9999363422393799, 0.011285245418548584, -1.1268381058471277e-05, 1.0, 0.9997435808181763, 0.02264411188662052, 9.191584467771463e-06, 1.0, 0.9995097517967224, 0.031308937817811966, 7.197607828857144e-06, 1.0, 0.9995105862617493, 0.03128290921449661, -1.0794653462653514e-05, 1.0, 0.9997369050979614, 0.022940680384635925, 6.092930198065005e-05, 1.0, 0.9998986721038818, 0.014234987087547779, 1.2237254622959881e-06, 1.0, 0.9998763203620911, 0.01572711206972599, 3.48694015883666e-06, 1.0, 0.9997337460517883, 0.023077288642525673, -3.2882711821002886e-05, 1.0, 0.9995246529579163, 0.03083251230418682, -8.81147789186798e-05, 1.0, 0.999475359916687, 0.03238922730088234, -1.5794748833286576e-05, 1.0, 0.9996408224105835, 0.02680061385035515, 0.00012109297676943243, 1.0, 0.9998300671577454, 0.018438857048749924, 5.125163806951605e-05, 1.0, 0.9999889135360718, -0.004725317470729351, 7.75064982008189e-05, 1.0, 0.9998180866241455, -0.019077545031905174, 2.1244921299512498e-05, 1.0, 0.9997662305831909, -0.021619269624352455, 3.822975850198418e-05, 1.0, 0.9998612999916077, -0.016649076715111732, -1.3346902960620355e-05, 1.0, 0.9999943971633911, -0.0033578623551875353, 1.2953793884662446e-05, 1.0, 0.9999797344207764, 0.006363490596413612, 6.552876129717333e-06, 1.0, 0.9999966025352478, -0.002595119411125779, -1.8054248357657343e-05, 1.0, 0.9999845027923584, -0.005571459885686636, 0.00010256243695039302, 1.0, 0.9997677206993103, -0.021535599604249, -0.000793983694165945, 1.0, 0.9997343420982361, -0.02304450049996376, -4.09697531722486e-05, 1.0, 0.9993355870246887, -0.03644835948944092, -2.5507108603051165e-06, 1.0, 0.9997410178184509, -0.02275298908352852, 7.222229669423541e-06, 1.0, 0.999947190284729, -0.010267050005495548, 3.59018704330083e-05, 1.0, 0.999990701675415, -0.0042999316938221455, 8.224869816331193e-06, 1.0, 0.9999971389770508, -0.0023518912494182587, 1.4960561202315148e-05, 1.0, 0.9999229907989502, -0.0124117536470294, -4.098129409157991e-07, 1.0, 0.9998510479927063, -0.0172592606395483, -4.21505537815392e-05, 1.0, 0.9998806118965149, -0.015451579354703426, -8.973193325800821e-05, 1.0, 0.9999102354049683, -0.013398830778896809, -0.00010454850416863337, 1.0, 0.9999986886978149, -0.0016361860325559974, 2.438885985611705e-06, 1.0, 0.9999417662620544, 0.010792260989546776, 2.12954000744503e-05, 1.0, 0.9998062252998352, 0.0196849275380373, -8.515984518453479e-06, 1.0, 0.9996709823608398, 0.025646621361374855, 3.5730139643419534e-05, 1.0, 0.9996527433395386, 0.026352358981966972, -2.8382124583004043e-05, 1.0, 0.9997963905334473, 0.020182667300105095, 9.314603630627971e-06, 1.0, 0.9999575614929199, 0.009217895567417145, 4.363028438092442e-06, 1.0, 0.999946117401123, 0.010378644801676273, 5.871824555470084e-07, 1.0, 0.9998920559883118, 0.014693458564579487, 3.6103068850934505e-05, 1.0, 0.9997101426124573, 0.02407534047961235, 1.5566120055154897e-05, 1.0, 0.9996666312217712, 0.025820128619670868, -1.8913620806415565e-05, 1.0, 0.9995793700218201, 0.029000062495470047, -6.68854991090484e-05, 1.0, 0.9996199011802673, 0.02756674401462078, -0.00012457487173378468, 1.0, 0.9999762177467346, 0.006898579187691212, -1.7122572444350226e-06, 1.0, 0.9999815225601196, -0.006073888391256332, 0.0001697684929240495, 1.0, 0.9999158978462219, -0.012965366244316101, 0.00022229402384255081, 1.0, 0.9999489188194275, -0.01009823102504015, 1.4626424672314897e-05, 1.0, 0.9999951720237732, -0.0031314902007579803, -4.140975761401933e-06, 1.0, 0.999989926815033, 0.004489411134272814, -2.798711102514062e-05, 1.0, 0.9999896287918091, -0.004564736038446426, -3.32871604769025e-05, 1.0, 0.9997386336326599, -0.02285868115723133, -5.815604527015239e-05, 1.0, 0.999650776386261, -0.02641000598669052, -0.0008761334465816617, 1.0, 0.9995052814483643, -0.03145141154527664, 8.543805597582832e-05, 1.0]
            u0 (float, 194):  [0.5, 0.5, 0.6632107496261597, 0.5, 0.6470998525619507, 0.47074002027511597, 0.6515297889709473, 0.4372342824935913, 0.6288483142852783, 0.4139063358306885, 0.6058191657066345, 0.3941808342933655, 0.5836988687515259, 0.37473583221435547, 0.56053227186203, 0.3538622260093689, 0.531298041343689, 0.3426539897918701, 0.5, 0.33626997470855713, 0.4680723547935486, 0.3394889831542969, 0.44212794303894043, 0.3602844476699829, 0.4086266756057739, 0.363250195980072, 0.393150269985199, 0.393150269985199, 0.36388853192329407, 0.4090532064437866, 0.35453394055366516, 0.4397459626197815, 0.3435191512107849, 0.4688740372657776, 0.3373465836048126, 0.5, 0.3498731851577759, 0.5298620760440826, 0.36093398928642273, 0.5576030313968658, 0.3629404604434967, 0.5915802419185638, 0.39220911264419556, 0.6077908873558044, 0.4142213463783264, 0.6283768117427826, 0.4422501027584076, 0.6394205987453461, 0.46950674057006836, 0.6532998979091644, 0.5, 0.6545548439025879, 0.530782163143158, 0.6547524333000183, 0.5634700059890747, 0.6532300710678101, 0.5878009796142578, 0.6314034163951874, 0.6109336018562317, 0.6109336018562317, 0.6352717876434326, 0.5903857350349426, 0.6491312980651855, 0.5617722272872925, 0.6500427722930908, 0.5298453569412231, 0.8402324914932251, 0.5, 0.8302068710327148, 0.43431776762008667, 0.7765955328941345, 0.38543039560317993, 0.7643432021141052, 0.3233715295791626, 0.7309401035308838, 0.2690598964691162, 0.6705366373062134, 0.24477392435073853, 0.6257035136222839, 0.19652485847473145, 0.5632391571998596, 0.18207532167434692, 0.5, 0.18822258710861206, 0.4345306158065796, 0.1708630919456482, 0.3878934681415558, 0.22935092449188232, 0.3163967728614807, 0.22521835565567017, 0.26254716515541077, 0.26254719495773315, 0.22728268802165985, 0.3177761435508728, 0.18197722733020782, 0.3682706356048584, 0.16918633878231049, 0.4341970682144165, 0.1870962381362915, 0.5, 0.2201497107744217, 0.5556656718254089, 0.23339615762233734, 0.6104309260845184, 0.2651371359825134, 0.6569303572177887, 0.29212236404418945, 0.7078776359558105, 0.3133760094642639, 0.7793025374412537, 0.3678882420063019, 0.8189460337162018, 0.43392056226730347, 0.8322037160396576, 0.5, 0.8450468182563782, 0.5622260570526123, 0.8128315508365631, 0.62944495677948, 0.812507838010788, 0.6813939213752747, 0.7714751809835434, 0.7468509674072266, 0.746850997209549, 0.7371722459793091, 0.6584734320640564, 0.811767578125, 0.6291383504867554, 0.798652708530426, 0.5594057142734528, 0.9252563118934631, 0.5, 1.0021898746490479, 0.4001082181930542, 0.9315819144248962, 0.3212329149246216, 0.9214406609535217, 0.21840232610702515, 0.8103531002998352, 0.1896468997001648, 0.7480490207672119, 0.1287684440612793, 0.6908385753631592, 0.03927493095397949, 0.5959250926971436, 0.017751991748809814, 0.5, 0.03155314922332764, 0.4083360731601715, 0.03917431831359863, 0.3089607357978821, 0.03879040479660034, 0.22328636050224304, 0.08586877584457397, 0.14910683035850525, 0.14910680055618286, 0.07834450155496597, 0.218258798122406, 0.13567249476909637, 0.3490906357765198, -0.0214496161788702, 0.3962772488594055, 0.06537449359893799, 0.5, -0.0059202308766543865, 0.6006338000297546, 0.0953102707862854, 0.6676279604434967, 0.07911533117294312, 0.7812261432409286, 0.19765757024288177, 0.8023424297571182, 0.25319403409957886, 0.8693712204694748, 0.3384055495262146, 0.8901235461235046, 0.4155538082122803, 0.924539715051651, 0.5, 0.9355495497584343, 0.5887792110443115, 0.9463231228291988, 0.6683247089385986, 0.9063718169927597, 0.7521154284477234, 0.8773173615336418, 0.8709980845451355, 0.8709980994462967, 0.8473418354988098, 0.7320864200592041, 0.8693140149116516, 0.6529748737812042, 1.0265229940414429, 0.604731947183609]
            tri (int, 480):  [0, 2, 1, 0, 3, 2, 0, 4, 3, 0, 5, 4, 0, 6, 5, 0, 7, 6, 0, 8, 7, 0, 9, 8, 0, 10, 9, 0, 11, 10, 0, 12, 11, 0, 13, 12, 0, 14, 13, 0, 15, 14, 0, 16, 15, 0, 17, 16, 0, 18, 17, 0, 19, 18, 0, 20, 19, 0, 21, 20, 0, 22, 21, 0, 23, 22, 0, 24, 23, 0, 25, 24, 0, 26, 25, 0, 27, 26, 0, 28, 27, 0, 29, 28, 0, 30, 29, 0, 31, 30, 0, 32, 31, 0, 1, 32, 1, 34, 33, 1, 2, 34, 2, 35, 34, 2, 3, 35, 3, 36, 35, 3, 4, 36, 4, 37, 36, 4, 5, 37, 5, 38, 37, 5, 6, 38, 6, 39, 38, 6, 7, 39, 7, 40, 39, 7, 8, 40, 8, 41, 40, 8, 9, 41, 9, 42, 41, 9, 10, 42, 10, 43, 42, 10, 11, 43, 11, 44, 43, 11, 12, 44, 12, 45, 44, 12, 13, 45, 13, 46, 45, 13, 14, 46, 14, 47, 46, 14, 15, 47, 15, 48, 47, 15, 16, 48, 16, 49, 48, 16, 17, 49, 17, 50, 49, 17, 18, 50, 18, 51, 50, 18, 19, 51, 19, 52, 51, 19, 20, 52, 20, 53, 52, 20, 21, 53, 21, 54, 53, 21, 22, 54, 22, 55, 54, 22, 23, 55, 23, 56, 55, 23, 24, 56, 24, 57, 56, 24, 25, 57, 25, 58, 57, 25, 26, 58, 26, 59, 58, 26, 27, 59, 27, 60, 59, 27, 28, 60, 28, 61, 60, 28, 29, 61, 29, 62, 61, 29, 30, 62, 30, 63, 62, 30, 31, 63, 31, 64, 63, 31, 32, 64, 32, 33, 64, 33, 32, 1, 33, 66, 65, 33, 34, 66, 34, 67, 66, 34, 35, 67, 35, 68, 67, 35, 36, 68, 36, 69, 68, 36, 37, 69, 37, 70, 69, 37, 38, 70, 38, 71, 70, 38, 39, 71, 39, 72, 71, 39, 40, 72, 40, 73, 72, 40, 41, 73, 41, 74, 73, 41, 42, 74, 42, 75, 74, 42, 43, 75, 43, 76, 75, 43, 44, 76, 44, 77, 76, 44, 45, 77, 45, 78, 77, 45, 46, 78, 46, 79, 78, 46, 47, 79, 47, 80, 79, 47, 48, 80, 48, 81, 80, 48, 49, 81, 49, 82, 81, 49, 50, 82, 50, 83, 82, 50, 51, 83, 51, 84, 83, 51, 52, 84, 52, 85, 84, 52, 53, 85, 53, 86, 85, 53, 54, 86, 54, 87, 86, 54, 55, 87, 55, 88, 87, 55, 56, 88, 56, 89, 88, 56, 57, 89, 57, 90, 89, 57, 58, 90, 58, 91, 90, 58, 59, 91, 59, 92, 91, 59, 60, 92, 60, 93, 92, 60, 61, 93, 61, 94, 93, 61, 62, 94, 62, 95, 94, 62, 63, 95, 63, 96, 95, 63, 64, 96, 64, 65, 96, 65, 64, 33]
            boundingsphere (float, 4):  [0.05235719680786133, 0.18913821876049042, 0.3707447052001953, 11.107900721267496]
            aabb:
                min (float, 3):  [-10.762720108032227, 0.0614764504134655, -9.212109565734863]
                max (float, 3):  [10.86743450164795, 0.31679999828338623, 9.953598976135254]
            material:
                shader (str, 1):  ['PdxMeshAdvanced']
                diff (str, 1):  ['air_winter_equatorial_rainforest_phase_1_diff.dds']
                spec (str, 1):  ['air_winter_equatorial_rainforest_spec.dds']
                n (str, 1):  ['air_winter_equatorial_rainforest_n.dds']
locator:
