pdxasset (int, 2):  [1, 0]
object:
    air_winter_temperate_maritime_dead_vegetation:
        mesh:
            p (float, 36):  [-5.910035133361816, 0.10000000149011612, -5.687836647033691, 5.687836647033691, 0.10000000149011612, -5.910035133361816, 5.910035133361816, 0.10000000149011612, 5.687836647033691, -5.687836647033691, 0.10000000149011612, 5.910035133361816, 1.6305339336395264, -1.203147292137146, -7.915335655212402, 7.86258602142334, -1.203147292137146, 1.8684022426605225, -1.6305339336395264, 1.6031473875045776, 7.915335655212402, -7.86258602142334, 1.6031473875045776, -1.8684022426605225, 7.635258674621582, 1.995755910873413, -2.471285581588745, 2.127915620803833, 1.995755910873413, 7.737983703613281, -7.635258674621582, -1.3957557678222656, 2.471285581588745, -2.127915620803833, -1.3957557678222656, -7.737983703613281]
            n (float, 36):  [3.4606215115751127e-10, 1.0, 0.0, 3.4606215115751127e-10, 1.0, 0.0, 3.4606215115751127e-10, 1.0, 0.0, 3.4606215115751127e-10, 1.0, 0.0, 0.2040432095527649, 0.9702957272529602, -0.12997156381607056, 0.2040432095527649, 0.9702957272529602, -0.12997156381607056, 0.2040432095527649, 0.9702957272529602, -0.12997156381607056, 0.2040432095527649, 0.9702957272529602, -0.12997156381607056, -0.25731906294822693, 0.9563047885894775, -0.13880957663059235, -0.25731906294822693, 0.9563047885894775, -0.13880957663059235, -0.25731906294822693, 0.9563047885894775, -0.13880957663059235, -0.25731906294822693, 0.9563047885894775, -0.13880957663059235]
            ta (float, 48):  [0.9998164772987366, -3.459986186449271e-10, -0.01915503852069378, 1.0, 0.9998164772987366, -3.459986464005027e-10, -0.019155040383338928, 1.0, 0.9998164772987366, -3.459986186449271e-10, -0.01915503852069378, 1.0, 0.9998164772987366, -3.459986464005027e-10, -0.019155040383338928, 1.0, 0.5372458696365356, -1.8073166074827895e-08, 0.8434256911277771, 1.0, 0.5372458696365356, -1.4458533037498e-08, 0.8434257507324219, 1.0, 0.5372458696365356, -1.8073166074827895e-08, 0.8434256911277771, 1.0, 0.5372458696365356, -2.168780000033621e-08, 0.8434256315231323, 1.0, -0.4747709333896637, 0.0, 0.8801093697547913, 1.0, -0.4747709333896637, 3.5625127292604475e-09, 0.880109429359436, 1.0, -0.4747709631919861, 7.1250267907885245e-09, 0.8801094889640808, 1.0, -0.4747709333896637, 3.562513617438867e-09, 0.880109429359436, 1.0]
            u0 (float, 24):  [0.0, 1.0, 1.0, 1.0, 1.0, 0.0, 0.0, 0.0, 0.0, 1.0, 1.0, 1.0, 1.0, 0.0, 0.0, 0.0, 0.0, 1.0, 1.0, 1.0, 1.0, 0.0, 0.0, 0.0]
            tri (int, 18):  [0, 2, 1, 0, 3, 2, 4, 6, 5, 4, 7, 6, 8, 10, 9, 8, 11, 10]
            boundingsphere (float, 4):  [0.0, 0.30000007152557373, 0.0, 8.220136141194928]
            aabb:
                min (float, 3):  [-7.86258602142334, -1.3957557678222656, -7.915335655212402]
                max (float, 3):  [7.86258602142334, 1.995755910873413, 7.915335655212402]
            material:
                shader (str, 1):  ['PdxMeshAlphaBlend']
                diff (str, 1):  ['air_winter_temperate_maritime_dead_vegetation_diff.dds']
                spec (str, 1):  ['air_winter_temperate_maritime_dead_vegetation_spec.dds']
                n (str, 1):  ['air_winter_temperate_maritime_dead_vegetation_n.dds']
locator:
