pdxasset (int, 2):  [1, 0]
object:
    air_winter_tropical_coast_monsoon_thaw_flood:
        mesh:
            p (float, 291):  [0.0, 0.19200000166893005, 0.0, 2.5743913650512695, 0.17137952148914337, 0.0, 2.381483316421509, 0.17293767631053925, 0.4737064838409424, 2.221951961517334, 0.1611018180847168, 0.9203627109527588, 2.06028413772583, 0.1398613601922989, 1.3766378164291382, 1.8315390348434448, 0.11637560278177261, 1.8315390348434448, 1.3676408529281616, 0.09856069833040237, 2.0468192100524902, 1.0036925077438354, 0.09242134541273117, 2.423128128051758, 0.4966683089733124, 0.10002687573432922, 2.496920347213745, 1.541931630341236e-16, 0.11881376057863235, 2.5181655883789062, -0.4966883361339569, 0.14244969189167023, 2.497020959854126, -0.970171332359314, 0.16296790540218353, 2.342200756072998, -1.4004079103469849, 0.17345252633094788, 2.095858573913574, -1.8403534889221191, 0.17036961019039154, 1.8403534889221191, -2.1346259117126465, 0.1547582596540451, 1.4263113737106323, -2.3280537128448486, 0.1318804770708084, 0.964311420917511, -2.3334829807281494, 0.10944744944572449, 0.4641585946083069, -2.4355220794677734, 0.09502047300338745, 2.9826544701886076e-16, -2.367784023284912, 0.09346231818199158, -0.47098153829574585, -2.421229362487793, 0.10529817640781403, -1.002906084060669, -2.1975579261779785, 0.12653864920139313, -1.468361258506775, -1.7550419569015503, 0.1500243991613388, -1.7550419569015503, -1.4370266199111938, 0.16783930361270905, -2.150662422180176, -0.9167011976242065, 0.17397865653038025, -2.2131125926971436, -0.5096442699432373, 0.1663731336593628, -2.562154769897461, -4.3991262273604967e-16, 0.14758624136447906, -2.39477276802063, 0.5082396864891052, 0.12395031005144119, -2.55509352684021, 0.9779379963874817, 0.10343209654092789, -2.3609511852264404, 1.455690860748291, 0.09294746816158295, -2.1785953044891357, 1.830853819847107, 0.09603039175271988, -1.830853819847107, 2.0816192626953125, 0.11164173483848572, -1.3908934593200684, 2.2186546325683594, 0.1345195174217224, -0.9189968109130859, 2.3835833072662354, 0.15695254504680634, -0.4741241931915283, 5.427110195159912, 0.13057953119277954, 0.0, 5.118560314178467, 0.13213768601417542, 1.018144965171814, 4.138643741607666, 0.12030182033777237, 1.7142823934555054, 4.433309555053711, 0.09906135499477386, 2.962242603302002, 3.2286040782928467, 0.07557560503482819, 3.2286040782928467, 2.4925479888916016, 0.05776070058345795, 3.7303617000579834, 2.0956363677978516, 0.051621343940496445, 5.059313774108887, 1.0712577104568481, 0.0592268705368042, 5.385576248168945, 2.986962162120988e-16, 0.07801376283168793, 4.878079414367676, -1.0455957651138306, 0.1016496866941452, 5.256564617156982, -1.806349277496338, 0.1221679076552391, 4.360912799835205, -2.5984482765197754, 0.13265253603458405, 3.888852834701538, -3.7782654762268066, 0.12956960499286652, 3.7782654762268066, -3.9784810543060303, 0.11395826935768127, 2.6583359241485596, -4.220703125, 0.09108047932386398, 1.7482725381851196, -5.334866046905518, 0.06864745169878006, 1.0611708164215088, -5.048681735992432, 0.054220475256443024, 6.182851882824945e-16, -5.228114128112793, 0.05266232043504715, -1.0399365425109863, -5.021576404571533, 0.0644981786608696, -2.080005168914795, -4.321212291717529, 0.0857386440038681, -2.8873414993286133, -3.261849880218506, 0.10922439396381378, -3.261849880218506, -2.597667694091797, 0.12703929841518402, -3.8876845836639404, -2.0790274143218994, 0.13317865133285522, -5.019216060638428, -0.9854281544685364, 0.12557312846183777, -4.954082012176514, -8.631929065198139e-16, 0.10678623616695404, -4.699003219604492, 1.0364928245544434, 0.08315031230449677, -5.210801124572754, 2.0827462673187256, 0.06263209134340286, -5.028194427490234, 2.586052894592285, 0.05214746668934822, -3.8703017234802246, 3.6177616119384766, 0.05523039400577545, -3.6177616119384766, 4.604013919830322, 0.07084173709154129, -3.076303720474243, 4.269750595092773, 0.09371951967477798, -1.768588662147522, 5.214967727661133, 0.11615254729986191, -1.0373215675354004, 7.189558506011963, 0.06507512927055359, 0.0, 7.846918106079102, 0.06562506407499313, 1.5608490705490112, 5.931384563446045, 0.06144770234823227, 2.456859827041626, 6.218693733215332, 0.053951065987348557, 4.155198097229004, 4.7501139640808105, 0.04566197842359543, 4.7501139640808105, 3.5956873893737793, 0.03937436267733574, 5.381326198577881, 3.1381866931915283, 0.03720753267407417, 7.5762529373168945, 1.2336065769195557, 0.039891839027404785, 6.201758861541748, 3.9499033625753626e-16, 0.04652250558137894, 6.450681686401367, -1.618874192237854, 0.05486459657549858, 8.138630867004395, -2.5169312953948975, 0.06210631877183914, 6.076409339904785, -4.745135307312012, 0.06580677628517151, 7.101596355438232, -5.13893985748291, 0.06471868604421616, 5.13893985748291, -6.471330165863037, 0.05920879915356636, 4.324004650115967, -7.118810176849365, 0.05113428831100464, 2.9487078189849854, -6.775479316711426, 0.04321674630045891, 1.3477267026901245, -7.040101051330566, 0.038124874234199524, 8.621637085493407e-16, -6.858337879180908, 0.03757493570446968, -1.3642082214355469, -6.126862049102783, 0.041752297431230545, -2.5378293991088867, -5.925218105316162, 0.04924893379211426, -3.959104061126709, -5.576004505157471, 0.057538021355867386, -5.576004505157471, -3.50357985496521, 0.06382563710212708, -5.243477821350098, -2.371284008026123, 0.06599246710538864, -5.724785804748535, -1.342414140701294, 0.06330816447734833, -6.748772144317627, -1.3433208801162644e-15, 0.05667749419808388, -7.3126983642578125, 1.2766942977905273, 0.04833540320396423, -6.418375492095947, 2.4166715145111084, 0.04109368100762367, -5.8343610763549805, 3.4450995922088623, 0.037393223494291306, -5.155955791473389, 5.7011494636535645, 0.03848131373524666, -5.7011494636535645, 6.438479423522949, 0.043991200625896454, -4.302054405212402, 5.782571792602539, 0.052065711468458176, -2.395219564437866, 6.360780715942383, 0.059983253479003906, -1.2652379274368286]
            n (float, 291):  [-0.0001447076938347891, 1.0, 7.635005022166297e-05, 0.01126310508698225, 0.9998589754104614, -0.012456215918064117, 0.008430526591837406, 0.9998533129692078, 0.014913389459252357, 0.003038892289623618, 0.9994898438453674, 0.03179292380809784, -0.003939169459044933, 0.9992244243621826, 0.039179880172014236, -0.010254506953060627, 0.9990138411521912, 0.04319920018315315, 0.0020245849154889584, 0.9993890523910522, 0.03489089757204056, 0.015016129240393639, 0.9996815919876099, 0.020278839394450188, 0.02243388071656227, 0.9995203614234924, 0.021346865221858025, 0.03487253189086914, 0.9991359114646912, 0.022613098844885826, 0.03211865574121475, 0.9991986155509949, 0.023884141817688942, 0.0163029283285141, 0.999615490436554, 0.022429201751947403, 0.00020496135402936488, 0.9998880624771118, 0.014960218220949173, -0.018834711983799934, 0.9998214244842529, -0.0015505162300541997, -0.03301927074790001, 0.9992455840110779, -0.020443612709641457, -0.03341278061270714, 0.999058723449707, -0.02766420505940914, -0.03129776939749718, 0.9991445541381836, -0.02703041210770607, -0.026421096175909042, 0.9995653629302979, -0.013078227639198303, -0.031216682866215706, 0.9994785785675049, 0.008251499384641647, -0.03178470581769943, 0.999322235584259, 0.01856846548616886, -0.03380640223622322, 0.9993160367012024, 0.014985992573201656, -0.03591722622513771, 0.9992948174476624, 0.010944862850010395, -0.026508690789341927, 0.9996483325958252, 0.0006519087473861873, -0.0038500912487506866, 0.9999470710754395, -0.009539593011140823, 0.021171273663640022, 0.9996173977851868, -0.01780223846435547, 0.03613702207803726, 0.9991852045059204, -0.01797444000840187, 0.034128934144973755, 0.9993305802345276, -0.013173475861549377, 0.034520260989665985, 0.9993177056312561, -0.013130850158631802, 0.020437117666006088, 0.9996082186698914, -0.019125722348690033, 0.007431883364915848, 0.9995372891426086, -0.029494276270270348, 0.00421220064163208, 0.9993763566017151, -0.035059597343206406, 0.0044797491282224655, 0.9990757703781128, -0.042750269174575806, 0.007116962689906359, 0.9992654919624329, -0.03765347599983215, 0.025659698992967606, 0.9995834827423096, -0.013210035860538483, 0.018068205565214157, 0.9996713995933533, 0.01818559691309929, 0.011590070091187954, 0.9996022582054138, 0.02570895291864872, 0.008495201356709003, 0.9997377991676331, 0.02126588299870491, -0.007018256466835737, 0.999480664730072, 0.03144999220967293, 0.0024841425474733114, 0.9998362064361572, 0.017930906265974045, 0.007163163740187883, 0.9999403357505798, 0.008247205056250095, 0.00893393438309431, 0.9998547434806824, 0.014514431357383728, 0.024194853380322456, 0.9995425939559937, 0.018146103248000145, 0.01160021498799324, 0.9997310638427734, 0.02008124627172947, 0.005670716054737568, 0.9996911883354187, 0.024197427555918694, -0.002313179662451148, 0.9997708201408386, 0.021283317357301712, -0.021421540528535843, 0.9997361302375793, 0.008293154649436474, -0.02701740898191929, 0.9996037483215332, -0.007907766848802567, -0.024096332490444183, 0.9996034502983093, -0.014573387801647186, -0.016362132504582405, 0.9998030662536621, -0.011228921823203564, -0.013556276448071003, 0.9998737573623657, -0.008285616524517536, -0.01374304573982954, 0.9999005794525146, 0.003151125740259886, -0.020284458994865417, 0.9997681975364685, 0.007217766717076302, -0.024357089772820473, 0.9996861219406128, 0.0058731622993946075, -0.024150831624865532, 0.9997049570083618, -0.002602901542559266, -0.02440524846315384, 0.9996018409729004, -0.014163683168590069, -0.02250966802239418, 0.9991819262504578, -0.03359851986169815, 0.0064100706949830055, 0.9996106624603271, -0.027154458686709404, 0.021536555141210556, 0.9995753765106201, -0.01962677761912346, 0.022030038759112358, 0.9996193647384644, -0.016607197001576424, 0.022167552262544632, 0.9996941685676575, -0.010964264161884785, 0.013072267174720764, 0.9998540282249451, -0.011005524545907974, -0.0008446600986644626, 0.9998436570167542, -0.017659859731793404, 0.007227777037769556, 0.9998873472213745, -0.013149399310350418, 0.009701712988317013, 0.9995111227035522, -0.02972329594194889, 0.022631527855992317, 0.9992536306381226, -0.031304650008678436, 0.03323839232325554, 0.9993743300437927, -0.012089240364730358, 0.024624047800898552, 0.9996155500411987, 0.012742963619530201, 0.02129315957427025, 0.9995113611221313, 0.02288343571126461, 0.010953543707728386, 0.9997685551643372, 0.018517348915338516, -0.002251926576718688, 0.9996824264526367, 0.025099050253629684, 0.003260707948356867, 0.999949038028717, 0.009550291113555431, 0.0037216737400740385, 0.999968409538269, 0.0070275720208883286, 0.0033775276970118284, 0.999891459941864, 0.014341011643409729, 0.02122696116566658, 0.9995536208152771, 0.021024852991104126, 0.005244558211416006, 0.9997884631156921, 0.019887804985046387, -0.0028211085591465235, 0.9996755719184875, 0.025314945727586746, -0.007543838582932949, 0.9997522830963135, 0.020939750596880913, -0.022110719233751297, 0.9996941089630127, 0.011082017794251442, -0.022247251123189926, 0.9997522234916687, 0.0006593544385395944, -0.019375525414943695, 0.999792754650116, -0.006247380748391151, -0.01545979268848896, 0.9998506307601929, -0.007727202959358692, -0.010611077770590782, 0.999933660030365, -0.004470692947506905, -0.011045976541936398, 0.9999390244483948, 5.4435007768915966e-05, -0.019064489752054214, 0.9998156428337097, 0.002283702604472637, -0.022956985980272293, 0.9997357130050659, 0.0012190563138574362, -0.01812313124537468, 0.9998013377189636, -0.008293911814689636, -0.022869769483804703, 0.9993502497673035, -0.02785785309970379, -0.028099482879042625, 0.998661458492279, -0.043424516916275024, -0.0011270248796790838, 0.9994312524795532, -0.03370317071676254, 0.011891329661011696, 0.9996446371078491, -0.023854192346334457, 0.018552906811237335, 0.999596118927002, -0.021526893600821495, 0.019269797950983047, 0.9996968507766724, -0.015322278253734112, 0.005672953557223082, 0.9999369978904724, -0.009691763669252396, 8.556712418794632e-05, 0.9999315142631531, -0.011706958524882793, 0.005900470539927483, 0.9999359250068665, -0.009667503647506237, 0.021055681630969048, 0.9996216893196106, -0.0176960751414299, 0.03383622691035271, 0.9989610910415649, -0.030527308583259583]
            ta (float, 388):  [0.9999999403953552, 0.00014470763562712818, 1.854728104433434e-08, 1.0, 0.999936580657959, -0.011263829655945301, 1.1983127478742972e-05, 1.0, 0.9999644160270691, -0.008431462571024895, -3.843576834583473e-08, 1.0, 0.9999954104423523, -0.003039523959159851, -2.8469632525229827e-05, 1.0, 0.9999921917915344, 0.003943988587707281, -4.573750265990384e-05, 1.0, 0.9999473094940186, 0.010270032100379467, -0.00013744884927291423, 1.0, 0.9999979734420776, -0.0020207399502396584, -0.00014546469901688397, 1.0, 0.9998872876167297, -0.015018886886537075, -1.630089718673844e-05, 1.0, 0.999748170375824, -0.022440988570451736, 9.317338844994083e-05, 1.0, 0.9993913769721985, -0.034885454922914505, 0.0001770031958585605, 1.0, 0.9994837045669556, -0.03213076665997505, 0.00012319671805016696, 1.0, 0.9998670816421509, -0.0163097120821476, 0.00011946429003728554, 1.0, 1.0, -0.00020486944413278252, -7.677500434510875e-06, 1.0, 0.9998226165771484, 0.018834738060832024, 2.4962675979622873e-06, 1.0, 0.9994544982910156, 0.03302648290991783, 1.527835956949275e-05, 1.0, 0.9994410276412964, 0.03343028947710991, 0.0001706201583147049, 1.0, 0.9995096921920776, 0.031310878694057465, 6.169112748466432e-05, 1.0, 0.9996508359909058, 0.026423336938023567, -1.3881140148441773e-06, 1.0, 0.9995126724243164, 0.03121775947511196, -1.4092505580265424e-06, 1.0, 0.9994945526123047, 0.031790923327207565, -3.9458449464291334e-05, 1.0, 0.9994282722473145, 0.033811647444963455, -9.665039397077635e-05, 1.0, 0.9993546605110168, 0.035919927060604095, -5.0697741244221106e-05, 1.0, 0.9996485710144043, 0.026508696377277374, 6.239216645553824e-07, 1.0, 0.9999926686286926, 0.0038502237293869257, -4.6140526137605775e-06, 1.0, 0.999775767326355, -0.02117512747645378, -2.7998810764984228e-05, 1.0, 0.9993465542793274, -0.0361446738243103, -0.00010097229824168608, 1.0, 0.999417245388031, -0.03413339704275131, -0.00011407917190808803, 1.0, 0.9994038939476013, -0.03452366217970848, -3.210219074389897e-05, 1.0, 0.9997910857200623, -0.020441027358174324, -8.793400411377661e-06, 1.0, 0.999972403049469, -0.007434539031237364, 1.963333306775894e-05, 1.0, 0.9999911189079285, -0.0042128898203372955, 5.419375156634487e-05, 1.0, 0.9999898672103882, -0.004479669034481049, 9.765676077222452e-05, 1.0, 0.9999746084213257, -0.007119241636246443, 7.353756518568844e-05, 1.0, 0.999670684337616, -0.025662429630756378, -3.741300679394044e-05, 1.0, 0.9998366832733154, -0.018071385100483894, 1.0419415957585443e-05, 1.0, 0.9999327659606934, -0.011594299226999283, 1.542240715934895e-05, 1.0, 0.9999639391899109, -0.008496727794408798, -1.8605955119710416e-05, 1.0, 0.9999753832817078, 0.0070226602256298065, -2.9528408049372956e-05, 1.0, 0.9999968409538269, -0.0024843106511980295, -1.2868206795246806e-05, 1.0, 0.9999743700027466, -0.007163446396589279, 4.6020445552130695e-06, 1.0, 0.9999601244926453, -0.008935380727052689, 3.476393612800166e-05, 1.0, 0.9997072219848633, -0.02419801615178585, -4.530116348178126e-05, 1.0, 0.9999326467514038, -0.011602281592786312, -1.3575572666013613e-05, 1.0, 0.9999839067459106, -0.0056692082434892654, -0.00013091684377286583, 1.0, 0.9999973773956299, 0.002314129611477256, -1.9994300600956194e-05, 1.0, 0.99977046251297, 0.02142256312072277, -3.434894097154029e-05, 1.0, 0.999634861946106, 0.02701834961771965, 1.2590094229381066e-05, 1.0, 0.9997095465660095, 0.024098621681332588, -1.8441121937939897e-05, 1.0, 0.9998661875724792, 0.01636306568980217, -8.974017873697449e-06, 1.0, 0.9999080896377563, 0.013556670397520065, -8.725506631890312e-06, 1.0, 0.999905526638031, 0.013743115589022636, -8.601418812759221e-07, 1.0, 0.9997942447662354, 0.020285053178668022, -9.3214412117959e-06, 1.0, 0.9997032880783081, 0.02435743622481823, 1.2293956388020888e-05, 1.0, 0.9997082948684692, 0.024150922894477844, 4.341643489169655e-06, 1.0, 0.9997020363807678, 0.024409545585513115, 0.0001306718186242506, 1.0, 0.9997465014457703, 0.022511379793286324, -0.00032728517544455826, 1.0, 0.9999794363975525, -0.006417573895305395, -0.00018913298845291138, 1.0, 0.9997679591178894, -0.02154015190899372, 2.8102122087148018e-05, 1.0, 0.9997572898864746, -0.022031646221876144, 8.609162614447996e-05, 1.0, 0.9997543096542358, -0.02216876670718193, 1.0727422704803757e-05, 1.0, 0.9999145269393921, -0.013073106296360493, -4.357907073426759e-06, 1.0, 0.9999996423721313, 0.000845232279971242, 2.492843850632198e-05, 1.0, 0.9999738335609436, -0.007228343281894922, 4.416890078573488e-06, 1.0, 0.9999529123306274, -0.009705044329166412, 3.2168085454031825e-05, 1.0, 0.9997435212135315, -0.022644054144620895, -4.566138522932306e-05, 1.0, 0.9994473457336426, -0.033240608870983124, 1.7607773770578206e-05, 1.0, 0.9996967911720276, -0.024625729769468307, -2.5035638827830553e-05, 1.0, 0.9997732043266296, -0.021298661828041077, -3.2783880214992678e-06, 1.0, 0.9999399781227112, -0.010956712998449802, 6.9784713559784e-05, 1.0, 0.9999974966049194, 0.0022502420470118523, 9.537724690744653e-05, 1.0, 0.9999946355819702, -0.0032609382178634405, 8.555638487450778e-06, 1.0, 0.999993085861206, -0.003721684217453003, -1.1592009286687244e-05, 1.0, 0.9999942779541016, -0.003378279972821474, 2.820912777679041e-05, 1.0, 0.9997746348381042, -0.02123165875673294, 2.496542208518804e-07, 1.0, 0.9999861717224121, -0.0052447509951889515, -4.237836765241809e-05, 1.0, 0.9999960660934448, 0.0028216370847076178, 1.4825602193013765e-05, 1.0, 0.9999715089797974, 0.007545600179582834, -5.102891464048298e-06, 1.0, 0.9997555017471313, 0.022111956030130386, 1.0936355465673842e-05, 1.0, 0.9997525215148926, 0.022247252985835075, 3.7127510950085707e-06, 1.0, 0.9998122453689575, 0.019375890493392944, -2.1995506358507555e-06, 1.0, 0.9998804330825806, 0.015460380353033543, 1.6440881154267117e-05, 1.0, 0.999943733215332, 0.010611196048557758, 2.417274117760826e-06, 1.0, 0.9999390244483948, 0.011045975610613823, 1.1044084402556109e-07, 1.0, 0.9998183250427246, 0.019064540043473244, -1.5473995063075563e-07, 1.0, 0.9997363686561584, 0.022956999018788338, -2.2967657287153997e-07, 1.0, 0.999835729598999, 0.01812344416975975, -3.74108822143171e-05, 1.0, 0.9997382760047913, 0.022877097129821777, -5.5759974202373996e-05, 1.0, 0.9996046423912048, 0.028116853907704353, -0.00021079658472444862, 1.0, 0.9999992847442627, 0.001134302350692451, 0.0001968288270290941, 1.0, 0.9999293684959412, -0.011892082169651985, 0.00011037317017326131, 1.0, 0.9998278021812439, -0.018557056784629822, 6.904519523232011e-06, 1.0, 0.9998142123222351, -0.01927197352051735, 5.69885378354229e-06, 1.0, 0.9999838471412659, -0.0056732166558504105, 3.678128450701479e-07, 1.0, 1.0, -8.580245776101947e-05, -1.957210224645678e-05, 1.0, 0.9999825358390808, -0.005901191383600235, -4.612761767930351e-05, 1.0, 0.9997782111167908, -0.02105928771197796, -1.7425241821911186e-05, 1.0, 0.9994266033172607, -0.033858850598335266, -0.00022444014030043036, 1.0]
            u0 (float, 194):  [0.5, 0.5, 0.6618096232414246, 0.5, 0.6496846675872803, 0.47022587060928345, 0.6396575570106506, 0.4421519637107849, 0.629496157169342, 0.4134734272956848, 0.6151187419891357, 0.38488125801086426, 0.585961103439331, 0.37135016918182373, 0.5630856156349182, 0.34769779443740845, 0.5312173962593079, 0.3430597186088562, 0.5, 0.34172433614730835, 0.46878138184547424, 0.34305334091186523, 0.4390212893486023, 0.35278433561325073, 0.4119793772697449, 0.36826783418655396, 0.384327232837677, 0.384327232837677, 0.365831196308136, 0.4103512763977051, 0.3536735475063324, 0.43938958644866943, 0.3533323109149933, 0.4708259701728821, 0.3469187915325165, 0.5, 0.35117635130882263, 0.5296028554439545, 0.3478171229362488, 0.5630362033843994, 0.3618756830692291, 0.5922917127609253, 0.3896893858909607, 0.6103106141090393, 0.40967777371406555, 0.6351767778396606, 0.4423820674419403, 0.6391019821166992, 0.46796703338623047, 0.6610405147075653, 0.5, 0.6505199670791626, 0.5319446921348572, 0.6605966985225677, 0.5614668726921082, 0.6483941674232483, 0.5914953351020813, 0.6369324624538422, 0.6150756478309631, 0.6150756776332855, 0.6308371424674988, 0.5874226093292236, 0.6394503116607666, 0.5577622056007385, 0.6498166918754578, 0.5298003852367401, 0.8411131501197815, 0.5, 0.8217197060585022, 0.43600594997406006, 0.7601284384727478, 0.39225125312805176, 0.7786492705345154, 0.3138125538825989, 0.7029291987419128, 0.29707080125808716, 0.6566655039787292, 0.2655335068702698, 0.6317182183265686, 0.1820041537284851, 0.5673323273658752, 0.16149741411209106, 0.5, 0.19339537620544434, 0.4342806041240692, 0.1696062684059143, 0.38646453619003296, 0.22590112686157227, 0.33667829632759094, 0.25557178258895874, 0.2625226080417633, 0.2625225782394409, 0.24993833899497986, 0.3329141139984131, 0.2347138226032257, 0.39011484384536743, 0.1646847128868103, 0.4333016276359558, 0.1826724112033844, 0.5, 0.1713944673538208, 0.5653637051582336, 0.1843760907649994, 0.6307356953620911, 0.228396475315094, 0.6814796626567841, 0.2949811518192291, 0.7050188481807709, 0.3367273509502411, 0.744354784488678, 0.36932575702667236, 0.8154755681753159, 0.4380623400211334, 0.8113816380500793, 0.5, 0.795349046587944, 0.5651472806930542, 0.8275173753499985, 0.6309080123901367, 0.8160398900508881, 0.6625426411628723, 0.7432622015476227, 0.7273891568183899, 0.7273891568183899, 0.7893786430358887, 0.6933566033840179, 0.7683690190315247, 0.6111620664596558, 0.827779233455658, 0.5651993453502655, 0.9518892765045166, 0.5, 0.9932066798210144, 0.40189510583877563, 0.872808575630188, 0.3455776572227478, 0.8908669948577881, 0.2388310432434082, 0.7985615134239197, 0.20143848657608032, 0.7260017395019531, 0.1617645025253296, 0.6972461938858032, 0.023805618286132812, 0.5775365829467773, 0.11019742488861084, 0.5, 0.09455174207687378, 0.39824801683425903, -0.01154184341430664, 0.3418019413948059, 0.11807608604431152, 0.20175141096115112, 0.05363941192626953, 0.17699936032295227, 0.17699939012527466, 0.09325393289327621, 0.22822093963623047, 0.05255748704075813, 0.31466323137283325, 0.07413704693317413, 0.41529059410095215, 0.05750465393066406, 0.5, 0.06892910599708557, 0.5857453346252441, 0.11490494757890701, 0.6595115959644318, 0.127579003572464, 0.7488437592983246, 0.14952832460403442, 0.8504716753959656, 0.2797875702381134, 0.8295712023973465, 0.35095638036727905, 0.8598231226205826, 0.4156244993209839, 0.9241842776536942, 0.5, 0.95962905138731, 0.580244779586792, 0.9034176841378212, 0.6518963575363159, 0.8667103052139282, 0.7165367603302002, 0.8240701258182526, 0.8583374619483948, 0.858337476849556, 0.9046812653541565, 0.7703993916511536, 0.8634551763534546, 0.6505480706691742, 0.8997976779937744, 0.5795246958732605]
            tri (int, 480):  [0, 2, 1, 0, 3, 2, 0, 4, 3, 0, 5, 4, 0, 6, 5, 0, 7, 6, 0, 8, 7, 0, 9, 8, 0, 10, 9, 0, 11, 10, 0, 12, 11, 0, 13, 12, 0, 14, 13, 0, 15, 14, 0, 16, 15, 0, 17, 16, 0, 18, 17, 0, 19, 18, 0, 20, 19, 0, 21, 20, 0, 22, 21, 0, 23, 22, 0, 24, 23, 0, 25, 24, 0, 26, 25, 0, 27, 26, 0, 28, 27, 0, 29, 28, 0, 30, 29, 0, 31, 30, 0, 32, 31, 0, 1, 32, 1, 34, 33, 1, 2, 34, 2, 35, 34, 2, 3, 35, 3, 36, 35, 3, 4, 36, 4, 37, 36, 4, 5, 37, 5, 38, 37, 5, 6, 38, 6, 39, 38, 6, 7, 39, 7, 40, 39, 7, 8, 40, 8, 41, 40, 8, 9, 41, 9, 42, 41, 9, 10, 42, 10, 43, 42, 10, 11, 43, 11, 44, 43, 11, 12, 44, 12, 45, 44, 12, 13, 45, 13, 46, 45, 13, 14, 46, 14, 47, 46, 14, 15, 47, 15, 48, 47, 15, 16, 48, 16, 49, 48, 16, 17, 49, 17, 50, 49, 17, 18, 50, 18, 51, 50, 18, 19, 51, 19, 52, 51, 19, 20, 52, 20, 53, 52, 20, 21, 53, 21, 54, 53, 21, 22, 54, 22, 55, 54, 22, 23, 55, 23, 56, 55, 23, 24, 56, 24, 57, 56, 24, 25, 57, 25, 58, 57, 25, 26, 58, 26, 59, 58, 26, 27, 59, 27, 60, 59, 27, 28, 60, 28, 61, 60, 28, 29, 61, 29, 62, 61, 29, 30, 62, 30, 63, 62, 30, 31, 63, 31, 64, 63, 31, 32, 64, 32, 33, 64, 33, 32, 1, 33, 66, 65, 33, 34, 66, 34, 67, 66, 34, 35, 67, 35, 68, 67, 35, 36, 68, 36, 69, 68, 36, 37, 69, 37, 70, 69, 37, 38, 70, 38, 71, 70, 38, 39, 71, 39, 72, 71, 39, 40, 72, 40, 73, 72, 40, 41, 73, 41, 74, 73, 41, 42, 74, 42, 75, 74, 42, 43, 75, 43, 76, 75, 43, 44, 76, 44, 77, 76, 44, 45, 77, 45, 78, 77, 45, 46, 78, 46, 79, 78, 46, 47, 79, 47, 80, 79, 47, 48, 80, 48, 81, 80, 48, 49, 81, 49, 82, 81, 49, 50, 82, 50, 83, 82, 50, 51, 83, 51, 84, 83, 51, 52, 84, 52, 85, 84, 52, 53, 85, 53, 86, 85, 53, 54, 86, 54, 87, 86, 54, 55, 87, 55, 88, 87, 55, 56, 88, 56, 89, 88, 56, 57, 89, 57, 90, 89, 57, 58, 90, 58, 91, 90, 58, 59, 91, 59, 92, 91, 59, 60, 92, 60, 93, 92, 60, 61, 93, 61, 94, 93, 61, 62, 94, 62, 95, 94, 62, 63, 95, 63, 96, 95, 63, 64, 96, 64, 65, 96, 65, 64, 33]
            boundingsphere (float, 4):  [0.36405396461486816, 0.11460376530885696, 0.412966251373291, 8.435361615892095]
            aabb:
                min (float, 3):  [-7.118810176849365, 0.03720753267407417, -7.3126983642578125]
                max (float, 3):  [7.846918106079102, 0.19200000166893005, 8.138630867004395]
            material:
                shader (str, 1):  ['PdxMeshAlphaBlend']
                diff (str, 1):  ['air_winter_tropical_coast_monsoon_thaw_flood_diff.dds']
                spec (str, 1):  ['air_winter_tropical_coast_monsoon_thaw_flood_spec.dds']
                n (str, 1):  ['air_winter_tropical_coast_monsoon_thaw_flood_n.dds']
locator:
