pdxasset (int, 2):  [1, 0]
object:
    air_winter_temperate_maritime_phase_3:
        mesh:
            p (float, 291):  [0.0, 0.37439998984336853, 0.0, 3.4096407890319824, 0.23940914869308472, 0.0, 3.2668709754943848, 0.20010191202163696, 0.6498210430145264, 3.1039464473724365, 0.1808963268995285, 1.2856967449188232, 2.834707260131836, 0.188265860080719, 1.8940907716751099, 2.2470216751098633, 0.21972651779651642, 2.2470216751098633, 1.8404546976089478, 0.2646741569042206, 2.7544350624084473, 1.3047176599502563, 0.3079586923122406, 3.149867296218872, 0.6628407835960388, 0.33499059081077576, 3.3323254585266113, 2.0146595270637788e-16, 0.3366584777832031, 3.2901885509490967, -0.6136163473129272, 0.3124001622200012, 3.08485746383667, -1.2369221448898315, 0.27039217948913574, 2.986194133758545, -1.9118881225585938, 0.22479374706745148, 2.861342668533325, -2.2072691917419434, 0.19097435474395752, 2.2072691917419434, -2.659924268722534, 0.18033315241336823, 1.7773045301437378, -3.164825201034546, 0.1964568793773651, 1.3109134435653687, -3.183465003967285, 0.23391087353229523, 0.6332305669784546, -3.1593945026397705, 0.28007084131240845, 3.8691424768238093e-16, -3.136807441711426, 0.3193781077861786, -0.6239498257637024, -3.1510913372039795, 0.33858367800712585, -1.3052247762680054, -2.6648290157318115, 0.33121415972709656, -1.7805818319320679, -2.289557695388794, 0.29975348711013794, -2.289557695388794, -1.8388506174087524, 0.25480586290359497, -2.7520344257354736, -1.2910656929016113, 0.21152132749557495, -3.116908311843872, -0.6362224221229553, 0.1844894140958786, -3.1985061168670654, -5.719828204351078e-16, 0.18282154202461243, -3.113729476928711, 0.6419028043746948, 0.20707984268665314, -3.2270634174346924, 1.185201644897461, 0.2490878403186798, -2.861330032348633, 1.7325003147125244, 0.2946862578392029, -2.592869997024536, 2.229379653930664, 0.32850563526153564, -2.229379653930664, 2.7716641426086426, 0.33914685249328613, -1.8519667387008667, 2.943718433380127, 0.32302311062812805, -1.2193281650543213, 3.268277883529663, 0.28556913137435913, -0.6501008868217468, 6.044516086578369, 0.159849151968956, 0.0, 5.864067554473877, 0.12054190784692764, 1.1664355993270874, 5.3986406326293945, 0.10133632272481918, 2.2361903190612793, 5.673564910888672, 0.10870585590600967, 3.790954828262329, 4.980678558349609, 0.1401665210723877, 4.980678558349609, 3.4030871391296387, 0.18511414527893066, 5.093079566955566, 2.35392689704895, 0.22839868068695068, 5.682882308959961, 1.1370959281921387, 0.25543057918548584, 5.716567516326904, 4.124634877588696e-16, 0.2570984661579132, 6.736040115356445, -1.2177225351333618, 0.2328401505947113, 6.121904373168945, -2.298584461212158, 0.19083216786384583, 5.549273490905762, -3.7439510822296143, 0.14523375034332275, 5.6032185554504395, -4.717274188995361, 0.1114143505692482, 4.717274188995361, -5.36500883102417, 0.1007731482386589, 3.584784507751465, -5.570690155029297, 0.11689688265323639, 2.30745530128479, -6.597892761230469, 0.1543508768081665, 1.3124024868011475, -6.607978820800781, 0.20051084458827972, 8.092440016806482e-16, -6.308053016662598, 0.23981809616088867, -1.2547497749328613, -5.586158752441406, 0.25902366638183594, -2.3138628005981445, -5.939914703369141, 0.25165414810180664, -3.968924045562744, -4.984799385070801, 0.22019349038600922, -4.984799385070801, -3.7782039642333984, 0.17524585127830505, -5.654481887817383, -2.7707576751708984, 0.13196131587028503, -6.6892008781433105, -1.296065330505371, 0.10492941737174988, -6.51576042175293, -1.1582236405922289e-15, 0.1032615378499031, -6.305075645446777, 1.166057825088501, 0.12751984596252441, -5.862168312072754, 2.5573408603668213, 0.1695278286933899, -6.173967361450195, 3.6423118114471436, 0.21512624621391296, -5.451105117797852, 4.551443576812744, 0.24894565343856812, -4.551443576812744, 6.0161004066467285, 0.2595868408679962, -4.019829750061035, 6.4815239906311035, 0.24346311390399933, -2.6847352981567383, 5.860031604766846, 0.2060091197490692, -1.165632724761963, 10.81718921661377, 0.09344440698623657, 0.0, 7.868188381195068, 0.07957126200199127, 1.5650800466537476, 9.312562942504883, 0.07279282063245773, 3.8573896884918213, 7.49566125869751, 0.07539383322000504, 5.0084404945373535, 7.302969455718994, 0.08649758994579315, 7.302969455718994, 6.129958629608154, 0.10236146301031113, 9.174131393432617, 3.7105536460876465, 0.11763835698366165, 8.95806884765625, 2.035362720489502, 0.12717902660369873, 10.23245906829834, 5.013833124957315e-16, 0.12776769697666168, 8.188210487365723, -1.976293921470642, 0.11920593678951263, 9.935500144958496, -3.2100961208343506, 0.10437958687543869, 7.749857425689697, -5.254665851593018, 0.08828602731227875, 7.864162921905518, -6.415306568145752, 0.07634977251291275, 6.415306568145752, -6.857618808746338, 0.072594054043293, 4.582114219665527, -9.592874526977539, 0.07828478515148163, 3.973498582839966, -8.151753425598145, 0.09150383621454239, 1.621484637260437, -8.831162452697754, 0.1077955961227417, 1.081505537218802e-15, -8.128933906555176, 0.121668741106987, -1.6169453859329224, -9.344209671020508, 0.12844717502593994, -3.8704981803894043, -7.45794677734375, 0.12584616243839264, -4.983240604400635, -5.767452239990234, 0.11474240571260452, -5.767452239990234, -4.501226425170898, 0.09887853264808655, -6.7365617752075195, -3.333864212036133, 0.08360164612531662, -8.048660278320312, -1.8769710063934326, 0.07406096905469894, -9.43617057800293, -1.4795880466596288e-15, 0.07347230613231659, -8.0545015335083, 1.57854425907135, 0.08203406631946564, -7.935878276824951, 3.8757033348083496, 0.09686040878295898, -9.356775283813477, 5.381520748138428, 0.11295396834611893, -8.054015159606934, 5.970876216888428, 0.12489023059606552, -5.970876216888428, 7.4871439933776855, 0.12864594161510468, -5.002749919891357, 7.774704456329346, 0.12295521795749664, -3.2203879356384277, 8.716561317443848, 0.10973615944385529, -1.7338318824768066]
            n (float, 291):  [-0.00029851283761672676, 0.9999998211860657, -0.00039444188587367535, 0.03421691805124283, 0.9979246258735657, 0.05455024540424347, 0.033176831901073456, 0.9983277320861816, 0.04733894765377045, 0.03937607258558273, 0.9990360736846924, 0.019402192905545235, 0.044769708067178726, 0.9989972114562988, -0.0005287679377943277, 0.05829108878970146, 0.9982839822769165, -0.005595064256340265, 0.06310629099607468, 0.9979808330535889, -0.007196391932666302, 0.050223469734191895, 0.9987226724624634, 0.005534281488507986, 0.02355268783867359, 0.9995838403701782, 0.016655217856168747, -0.015148873440921307, 0.9997254014015198, 0.017878305166959763, -0.05064256861805916, 0.9986371397972107, 0.012618174776434898, -0.058840978890657425, 0.9982346296310425, 0.008096517994999886, -0.05645526945590973, 0.998404860496521, -0.0007070949650369585, -0.05689464509487152, 0.9983692765235901, 0.004672185983508825, -0.03073417767882347, 0.9990063905715942, 0.03227462247014046, -0.020772431045770645, 0.9986820220947266, 0.04693282023072243, -0.023476848378777504, 0.9981549978256226, 0.055994823575019836, -0.02645428664982319, 0.9981674551963806, 0.05442262813448906, -0.02759529836475849, 0.9990314841270447, 0.03427153080701828, -0.022037789225578308, 0.9997550249099731, 0.002085357205942273, -0.0008716458105482161, 0.9995827674865723, -0.028868773952126503, 0.01866372674703598, 0.9986003637313843, -0.04948773607611656, 0.027681361883878708, 0.9982047080993652, -0.053113341331481934, 0.02860923670232296, 0.9984548091888428, -0.04763947054743767, 0.01880630850791931, 0.9988376498222351, -0.04438142850995064, -0.014046236872673035, 0.9988466501235962, -0.04591307044029236, -0.036115795373916626, 0.9983612895011902, -0.04438917338848114, -0.03990824148058891, 0.9978551268577576, -0.0518902949988842, -0.03042619489133358, 0.9983349442481995, -0.049005307257175446, -0.010234097018837929, 0.9992958903312683, -0.036096829921007156, 0.013762042857706547, 0.9998717904090881, -0.008186629973351955, 0.03189980983734131, 0.9990859031677246, 0.028456050902605057, 0.037598058581352234, 0.9981309175491333, 0.04817813262343407, 0.023347167298197746, 0.9992247819900513, 0.03169655427336693, 0.017654383555054665, 0.9994312524795532, 0.028732826933264732, 0.02178061753511429, 0.999738335609436, 0.006989240180701017, 0.02391832321882248, 0.9997053146362305, -0.004155716393142939, 0.029848912730813026, 0.9995478987693787, -0.003613472683355212, 0.03669368475675583, 0.9993208646774292, 0.0033652163110673428, 0.0312763936817646, 0.9993735551834106, 0.01655898243188858, 0.017060935497283936, 0.9994698762893677, 0.027727976441383362, -0.00719595979899168, 0.999213457107544, 0.03899652138352394, -0.03450094908475876, 0.999108612537384, 0.02432594820857048, -0.04241165146231651, 0.998999834060669, 0.014164157211780548, -0.02924555540084839, 0.9995374083518982, 0.008352503180503845, -0.028103744611144066, 0.9996048212051392, 0.0007083785603754222, -0.015549350529909134, 0.9998083710670471, 0.011896789073944092, -0.012049326673150063, 0.9994773864746094, 0.029997147619724274, -0.021422598510980606, 0.9992703795433044, 0.031621553003787994, -0.03514445200562477, 0.9990077614784241, 0.02735641412436962, -0.041177231818437576, 0.9990218877792358, 0.016116075217723846, -0.03330950066447258, 0.9994449019432068, -0.0006170411361381412, -0.026338528841733932, 0.9988335967063904, -0.04046935588121414, -0.011765592731535435, 0.9980345368385315, -0.06155150383710861, 0.002229812555015087, 0.9987592101097107, -0.04975081607699394, 0.004505563993006945, 0.9994881749153137, -0.031673677265644073, 0.012315751984715462, 0.9996720552444458, -0.022452685981988907, -0.0032582927960902452, 0.9997535347938538, -0.021955562755465508, -0.02667362242937088, 0.9991521835327148, -0.031358055770397186, -0.023789726197719574, 0.9990996718406677, -0.03512681648135185, -0.0013108672574162483, 0.9993624687194824, -0.035677533596754074, 0.01157209649682045, 0.9991166591644287, -0.0403994582593441, 0.04110622778534889, 0.9986642003059387, -0.031305089592933655, 0.052780117839574814, 0.9985735416412354, 0.008074958808720112, 0.036165717989206314, 0.9989555478096008, 0.02792711742222309, 0.018384046852588654, 0.9996827840805054, 0.017214175313711166, 0.01198712456971407, 0.9997197985649109, 0.020410798490047455, 0.009942770935595036, 0.9999459981918335, 0.0030404215212911367, 0.01799459382891655, 0.9998362064361572, -0.001948773511685431, 0.02451012283563614, 0.9996995329856873, -0.00018101086607202888, 0.021572798490524292, 0.999732255935669, 0.008372473530471325, 0.020879391580820084, 0.9995879530906677, 0.01969684474170208, 0.010575516149401665, 0.9994561672210693, 0.031233102083206177, -0.003875396680086851, 0.998929500579834, 0.046097781509160995, -0.022094253450632095, 0.9992161989212036, 0.03284512460231781, -0.033165425062179565, 0.9992204308509827, 0.021413592621684074, -0.021335365250706673, 0.9997053742408752, 0.011575382202863693, -0.022344406694173813, 0.9997468590736389, 0.002633048454299569, -0.01028662919998169, 0.9998934268951416, 0.010359803214669228, -0.008635072037577629, 0.9998441934585571, 0.015396883711218834, -0.024354010820388794, 0.9994871616363525, 0.02078736573457718, -0.045342836529016495, 0.9988524913787842, 0.015418628230690956, -0.05079677700996399, 0.9986714720726013, 0.008657080121338367, -0.04234762489795685, 0.9990760684013367, -0.007326517254114151, -0.03726761043071747, 0.9983924031257629, -0.04270479083061218, -0.0328807532787323, 0.9964050650596619, -0.07807481288909912, -0.0215932484716177, 0.9981271028518677, -0.05723636597394943, -0.0038308314979076385, 0.9996092915534973, -0.027687514200806618, 0.005761813838034868, 0.9998347163200378, -0.01724177598953247, 0.0014592482475563884, 0.9998610615730286, -0.01660446636378765, -0.021873388439416885, 0.9993704557418823, -0.027933582663536072, -0.010314016602933407, 0.9994649291038513, -0.031039295718073845, 0.010636869817972183, 0.9994747042655945, -0.030613325536251068, 0.03101685270667076, 0.9983187913894653, -0.04896491393446922, 0.05665099248290062, 0.9975279569625854, -0.04157610610127449, 0.06948882341384888, 0.9975818395614624, -0.0013080667704343796, 0.03327832743525505, 0.9994235038757324, 0.006729036569595337]
            ta (float, 388):  [0.9999998807907104, 0.0002985128085128963, 6.481014391823692e-09, 1.0, 0.9994126558303833, -0.034268077462911606, 2.4505075089109596e-06, 1.0, 0.9994484782218933, -0.03320865333080292, -0.00011436574277468026, 1.0, 0.9992241263389587, -0.03938303887844086, -2.3100112230167724e-05, 1.0, 0.9989973306655884, -0.044769711792469025, -3.8447490169346565e-07, 1.0, 0.9982995390892029, -0.058292191475629807, -3.530563844833523e-05, 1.0, 0.9980066418647766, -0.06310871988534927, -0.00011142172297695652, 1.0, 0.9987379908561707, -0.05022440478205681, 2.9844875825801864e-05, 1.0, 0.9997225403785706, -0.02355596050620079, 2.145180530988e-07, 1.0, 0.9998851418495178, 0.015152625739574432, -7.448157703038305e-05, 1.0, 0.9987165927886963, 0.050647273659706116, -5.2991381380707026e-05, 1.0, 0.9982671737670898, 0.058843500912189484, -7.523736712755635e-05, 1.0, 0.9984051585197449, 0.05645528808236122, 5.6878784562286455e-06, 1.0, 0.998380184173584, 0.05689532309770584, -1.1588491361180786e-05, 1.0, 0.999527096748352, 0.030749838799238205, 1.1006317436113022e-05, 1.0, 0.9997838735580444, 0.02079092338681221, 9.4129383796826e-05, 1.0, 0.9997234344482422, 0.023515699431300163, -3.4966211387654766e-05, 1.0, 0.9996488094329834, 0.02650170400738716, -0.00014962271961849183, 1.0, 0.9996185302734375, 0.027616631239652634, -0.00014921117690391839, 1.0, 0.9997571110725403, 0.022037846967577934, -5.784927907370729e-06, 1.0, 0.9999995827674866, 0.0008693728013895452, -9.125847282120958e-05, 1.0, 0.9998250007629395, -0.018704427406191826, -0.0003593855653889477, 1.0, 0.9996147155761719, -0.027750251814723015, -0.000559851760044694, 1.0, 0.9995892643928528, -0.028655072674155235, -0.0002794069005176425, 1.0, 0.999822735786438, -0.01883000135421753, -0.00011580887803575024, 1.0, 0.9999010562896729, 0.014067258685827255, 0.0001347646611975506, 1.0, 0.9993455410003662, 0.03617040440440178, 0.0004274536040611565, 1.0, 0.999200701713562, 0.039975281804800034, 0.0002542964939493686, 1.0, 0.9995352625846863, 0.030482441186904907, 0.0004006068338640034, 1.0, 0.9999476075172424, 0.01024570968002081, 0.00013674651563633233, 1.0, 0.9999052882194519, -0.013762522488832474, -2.165702881029574e-06, 1.0, 0.9994906187057495, -0.0319131463766098, 1.4506808838632423e-05, 1.0, 0.9992911219596863, -0.03764638677239418, 9.576629963703454e-05, 1.0, 0.9997271299362183, -0.02336154691874981, 8.336223982041702e-05, 1.0, 0.999843955039978, -0.017663653939962387, 6.887019844725728e-05, 1.0, 0.9997627139091492, -0.021781230345368385, 1.115927443606779e-05, 1.0, 0.9997138977050781, -0.02391861565411091, -2.1264235328999348e-05, 1.0, 0.9995543956756592, -0.029849087819457054, 5.431550562207121e-06, 1.0, 0.9993265271186829, -0.03669389709830284, 2.6214834178972524e-06, 1.0, 0.999510645866394, -0.03128186613321304, 7.142097456380725e-05, 1.0, 0.9998542666435242, -0.017070462927222252, 0.00010687398753361776, 1.0, 0.9999740719795227, 0.00718103488907218, 0.0005228237714618444, 1.0, 0.99940425157547, 0.03451237827539444, -5.0292313972022384e-05, 1.0, 0.9991000294685364, 0.04241577163338661, 9.551665243634488e-06, 1.0, 0.9995722770690918, 0.029246484860777855, 1.1161918337165844e-05, 1.0, 0.9996049404144287, 0.028103746473789215, 2.915782886248053e-07, 1.0, 0.9998791813850403, 0.015550747513771057, -2.4960425434983335e-05, 1.0, 0.9999273419380188, 0.012056246399879456, -4.9817321269074455e-05, 1.0, 0.9997701644897461, 0.02143629640340805, -9.419827983947471e-05, 1.0, 0.9993818402290344, 0.03515726700425148, 1.2596368833328597e-05, 1.0, 0.9991516470909119, 0.041183944791555405, -8.492853521602228e-05, 1.0, 0.9994450807571411, 0.03330950811505318, 1.4074443015488214e-06, 1.0, 0.9996510744094849, 0.02639784850180149, 0.0009320966200903058, 1.0, 0.9999300837516785, 0.011817765422165394, 0.0004836327861994505, 1.0, 0.9999974966049194, -0.0022395120467990637, -0.0001392248086631298, 1.0, 0.9999897480010986, -0.004511827137321234, -0.00012628435797523707, 1.0, 0.9999241828918457, -0.012318580411374569, 1.2258636161277536e-05, 1.0, 0.9999946355819702, 0.0032586767338216305, -1.8294122128281742e-05, 1.0, 0.999643862247467, 0.026686374098062515, -1.1935573638766073e-05, 1.0, 0.9997167587280273, 0.023803835734725, -1.6648149539832957e-05, 1.0, 0.9999991059303284, 0.001312290783971548, 1.6469310139655136e-05, 1.0, 0.9999330043792725, -0.011576792225241661, 0.00011773786536650732, 1.0, 0.9991539716720581, -0.041125841438770294, 1.7474394553573802e-05, 1.0, 0.9986060857772827, -0.05278182402253151, -1.6917584844122757e-06, 1.0, 0.9993453025817871, -0.03618145361542702, 5.8238172641722485e-05, 1.0, 0.9998310208320618, -0.018385445699095726, -7.702555012656376e-05, 1.0, 0.9999280571937561, -0.01198953203856945, -4.390187768876785e-06, 1.0, 0.9999505877494812, -0.009942781180143356, -1.1461925168987364e-05, 1.0, 0.9998380541801453, -0.017994623631238937, 1.5422436945300433e-06, 1.0, 0.9996995329856873, -0.02451012283563614, 5.916189138588379e-07, 1.0, 0.9997672438621521, -0.021573055535554886, -5.951245111646131e-05, 1.0, 0.9997820258140564, -0.02088201604783535, -7.243908476084471e-05, 1.0, 0.9999440908432007, -0.010573654435575008, -0.00022470940893981606, 1.0, 0.9999924302101135, 0.0038805862423032522, -2.3111659174901433e-05, 1.0, 0.9997557997703552, 0.022095520049333572, 0.0003243336104787886, 1.0, 0.999449610710144, 0.03317250683903694, 2.477581801940687e-05, 1.0, 0.9997724294662476, 0.021336080506443977, 6.190687417984009e-05, 1.0, 0.9997503757476807, 0.02234448306262493, 6.624478601224837e-07, 1.0, 0.9999471306800842, 0.010287167504429817, 1.2202086736579076e-06, 1.0, 0.9999627470970154, 0.008635452017188072, 4.1774641431402415e-05, 1.0, 0.9997032284736633, 0.02435925044119358, 1.281383674722747e-06, 1.0, 0.9989712238311768, 0.04534734785556793, 5.6797511206241325e-05, 1.0, 0.998708963394165, 0.05079860985279083, 8.315718332596589e-06, 1.0, 0.9991029500961304, 0.04234816133975983, -8.259288006229326e-05, 1.0, 0.9993044137954712, 0.03729226812720299, -0.00021942134480923414, 1.0, 0.9994530081748962, 0.03305622190237045, 0.0009556817822158337, 1.0, 0.9997661709785461, 0.021623922511935234, -8.343967056134716e-05, 1.0, 0.9999926686286926, 0.003832395188510418, 3.4093034173565684e-06, 1.0, 0.9999833106994629, -0.005761642009019852, 5.963216244708747e-05, 1.0, 0.9999988675117493, -0.0014598618727177382, -2.4825929358485155e-05, 1.0, 0.999760627746582, 0.021881580352783203, -1.2424349733919371e-05, 1.0, 0.9999468922615051, 0.010313636623322964, -0.0001723787427181378, 1.0, 0.9999433755874634, -0.010644630528986454, -9.05392225831747e-05, 1.0, 0.9995176792144775, -0.031056031584739685, -3.935569111490622e-05, 1.0, 0.9983907341957092, -0.05670914426445961, -0.0002196769492002204, 1.0, 0.997582733631134, -0.06948890537023544, -1.3968523489893414e-05, 1.0, 0.9994460940361023, -0.03327905014157295, -4.471510237635812e-06, 1.0]
            u0 (float, 194):  [0.5, 0.5, 0.6651957631111145, 0.5, 0.6582786440849304, 0.46851640939712524, 0.6503850221633911, 0.4377084970474243, 0.6373404860496521, 0.40823203325271606, 0.608867347240448, 0.391132652759552, 0.5891693234443665, 0.36654865741729736, 0.563213050365448, 0.34739017486572266, 0.5321143865585327, 0.3385500907897949, 0.5, 0.3405916094779968, 0.4702705144882202, 0.3505398631095886, 0.44007161259651184, 0.3553200364112854, 0.4073697626590729, 0.3613690733909607, 0.3930586576461792, 0.3930586576461792, 0.3711276948451996, 0.4138903021812439, 0.3466654419898987, 0.43648672103881836, 0.34576234221458435, 0.46932023763656616, 0.34692856669425964, 0.5, 0.3480228781700134, 0.5302301347255707, 0.34733083844184875, 0.5632376372814178, 0.3708900809288025, 0.5862685143947601, 0.38907182216644287, 0.6109281778335571, 0.41090840101242065, 0.6333349943161011, 0.4374483525753021, 0.6510129868984222, 0.4691752791404724, 0.6549663841724396, 0.5, 0.650858998298645, 0.5310999155044556, 0.6563499569892883, 0.5574225783348083, 0.6386303305625916, 0.5839389562606812, 0.6256235539913177, 0.6080125570297241, 0.6080125868320465, 0.6342860460281372, 0.5897270739078522, 0.6426219940185547, 0.5590759813785553, 0.6583467721939087, 0.5314971506595612, 0.7928544282913208, 0.5, 0.7841117978096008, 0.44348663091659546, 0.7615620493888855, 0.3916574716567993, 0.7748820185661316, 0.3163297176361084, 0.7413119673728943, 0.2586880326271057, 0.664878249168396, 0.25324225425720215, 0.6140468716621399, 0.2246665358543396, 0.5550918579101562, 0.22303450107574463, 0.5, 0.17364150285720825, 0.441001832485199, 0.20339608192443848, 0.38863447308540344, 0.23113983869552612, 0.31860703229904175, 0.22852623462677002, 0.27144989371299744, 0.27144986391067505, 0.24006739258766174, 0.32631856203079224, 0.23010222613811493, 0.3882046937942505, 0.1803346425294876, 0.43641459941864014, 0.17984598875045776, 0.5, 0.19437727332115173, 0.5607921481132507, 0.22935277223587036, 0.6121057569980621, 0.2122134417295456, 0.6922928392887115, 0.25848838686943054, 0.7415116131305695, 0.31694748997688293, 0.7739574462175369, 0.36575785279273987, 0.8240891844034195, 0.4372061491012573, 0.8156860768795013, 0.5, 0.8054784685373306, 0.5564950704574585, 0.7840197831392288, 0.6239022016525269, 0.7991263121366501, 0.6764686107635498, 0.7641039192676544, 0.7205156683921814, 0.7205156981945038, 0.7914777398109436, 0.69475919008255, 0.8140273094177246, 0.6300743818283081, 0.7839162349700928, 0.5564744472503662, 1.0240886211395264, 0.5, 0.8812106847763062, 0.42417246103286743, 0.9511900544166565, 0.31311094760894775, 0.8631618618965149, 0.25734299421310425, 0.8538260459899902, 0.14617395401000977, 0.796994149684906, 0.05551689863204956, 0.6797748804092407, 0.06598502397537231, 0.5986125469207764, 0.004241287708282471, 0.5, 0.10328435897827148, 0.4042493402957916, 0.018628835678100586, 0.34447208046913147, 0.1245223879814148, 0.24541348218917847, 0.11898434162139893, 0.1891808956861496, 0.1891809105873108, 0.1677510291337967, 0.27799832820892334, 0.03522896021604538, 0.30748552083969116, 0.1050506979227066, 0.4214397072792053, 0.07213358581066132, 0.5, 0.10615631937980652, 0.5783403813838959, 0.047276683151721954, 0.687524139881134, 0.1386653631925583, 0.741436094045639, 0.2205691784620285, 0.7794308215379715, 0.2819173336029053, 0.8263837993144989, 0.3384755849838257, 0.8899544551968575, 0.4090614914894104, 0.9571788124740124, 0.5, 0.890237495303154, 0.5764798521995544, 0.8844902217388153, 0.6877763271331787, 0.9533321373164654, 0.7607325911521912, 0.8902139067649841, 0.7892866730690002, 0.7892866432666779, 0.8627492189407349, 0.7423812747001648, 0.876681387424469, 0.6560265421867371, 0.9223140478134155, 0.5840034782886505]
            tri (int, 480):  [0, 2, 1, 0, 3, 2, 0, 4, 3, 0, 5, 4, 0, 6, 5, 0, 7, 6, 0, 8, 7, 0, 9, 8, 0, 10, 9, 0, 11, 10, 0, 12, 11, 0, 13, 12, 0, 14, 13, 0, 15, 14, 0, 16, 15, 0, 17, 16, 0, 18, 17, 0, 19, 18, 0, 20, 19, 0, 21, 20, 0, 22, 21, 0, 23, 22, 0, 24, 23, 0, 25, 24, 0, 26, 25, 0, 27, 26, 0, 28, 27, 0, 29, 28, 0, 30, 29, 0, 31, 30, 0, 32, 31, 0, 1, 32, 1, 34, 33, 1, 2, 34, 2, 35, 34, 2, 3, 35, 3, 36, 35, 3, 4, 36, 4, 37, 36, 4, 5, 37, 5, 38, 37, 5, 6, 38, 6, 39, 38, 6, 7, 39, 7, 40, 39, 7, 8, 40, 8, 41, 40, 8, 9, 41, 9, 42, 41, 9, 10, 42, 10, 43, 42, 10, 11, 43, 11, 44, 43, 11, 12, 44, 12, 45, 44, 12, 13, 45, 13, 46, 45, 13, 14, 46, 14, 47, 46, 14, 15, 47, 15, 48, 47, 15, 16, 48, 16, 49, 48, 16, 17, 49, 17, 50, 49, 17, 18, 50, 18, 51, 50, 18, 19, 51, 19, 52, 51, 19, 20, 52, 20, 53, 52, 20, 21, 53, 21, 54, 53, 21, 22, 54, 22, 55, 54, 22, 23, 55, 23, 56, 55, 23, 24, 56, 24, 57, 56, 24, 25, 57, 25, 58, 57, 25, 26, 58, 26, 59, 58, 26, 27, 59, 27, 60, 59, 27, 28, 60, 28, 61, 60, 28, 29, 61, 29, 62, 61, 29, 30, 62, 30, 63, 62, 30, 31, 63, 31, 64, 63, 31, 32, 64, 32, 33, 64, 33, 32, 1, 33, 66, 65, 33, 34, 66, 34, 67, 66, 34, 35, 67, 35, 68, 67, 35, 36, 68, 36, 69, 68, 36, 37, 69, 37, 70, 69, 37, 38, 70, 38, 71, 70, 38, 39, 71, 39, 72, 71, 39, 40, 72, 40, 73, 72, 40, 41, 73, 41, 74, 73, 41, 42, 74, 42, 75, 74, 42, 43, 75, 43, 76, 75, 43, 44, 76, 44, 77, 76, 44, 45, 77, 45, 78, 77, 45, 46, 78, 46, 79, 78, 46, 47, 79, 47, 80, 79, 47, 48, 80, 48, 81, 80, 48, 49, 81, 49, 82, 81, 49, 50, 82, 50, 83, 82, 50, 51, 83, 51, 84, 83, 51, 52, 84, 52, 85, 84, 52, 53, 85, 53, 86, 85, 53, 54, 86, 54, 87, 86, 54, 55, 87, 55, 88, 87, 55, 56, 88, 56, 89, 88, 56, 57, 89, 57, 90, 89, 57, 58, 90, 58, 91, 90, 58, 59, 91, 59, 92, 91, 59, 60, 92, 60, 93, 92, 60, 61, 93, 61, 94, 93, 61, 62, 94, 62, 95, 94, 62, 63, 95, 63, 96, 95, 63, 64, 96, 64, 65, 96, 65, 64, 33]
            boundingsphere (float, 4):  [0.6121573448181152, 0.22349701821804047, 0.3981442451477051, 10.833263563173505]
            aabb:
                min (float, 3):  [-9.592874526977539, 0.072594054043293, -9.43617057800293]
                max (float, 3):  [10.81718921661377, 0.37439998984336853, 10.23245906829834]
            material:
                shader (str, 1):  ['PdxMeshAdvanced']
                diff (str, 1):  ['air_winter_temperate_maritime_phase_3_diff.dds']
                spec (str, 1):  ['air_winter_temperate_maritime_spec.dds']
                n (str, 1):  ['air_winter_temperate_maritime_n.dds']
locator:
