pdxasset (int, 2):  [1, 0]
object:
    air_winter_boreal_continental_frozen_water:
        mesh:
            p (float, 291):  [0.0, 0.41600000858306885, 0.0, 2.414806604385376, 0.3035557270050049, 0.0, 2.5619640350341797, 0.34943968057632446, 0.5096063017845154, 2.3919262886047363, 0.3748169541358948, 0.9907682538032532, 2.0356147289276123, 0.3711338937282562, 1.3601542711257935, 1.7781872749328613, 0.3396318852901459, 1.7781872749328613, 1.3900485038757324, 0.29092901945114136, 2.0803544521331787, 0.9788869619369507, 0.24144116044044495, 2.3632421493530273, 0.5064363479614258, 0.2078486829996109, 2.546027421951294, 1.4717783764161646e-16, 0.20147430896759033, 2.4035966396331787, -0.4653812348842621, 0.22446659207344055, 2.3396294116973877, -0.9983928799629211, 0.2690757215023041, 2.4103336334228516, -1.3874770402908325, 0.3202657401561737, 2.0765061378479004, -1.8304085731506348, 0.3607824742794037, 1.8304085731506348, -1.9774034023284912, 0.3769693076610565, 1.3212586641311646, -2.310516834259033, 0.3633703291416168, 0.9570474028587341, -2.5277910232543945, 0.3245692253112793, 0.5028089284896851, -2.440932273864746, 0.27364426851272583, 2.9892798560229123e-16, -2.5885210037231445, 0.22776032984256744, -0.5148888230323792, -2.4271230697631836, 0.20238305628299713, -1.0053472518920898, -1.983958125114441, 0.20606611669063568, -1.3256384134292603, -1.6862109899520874, 0.23756812512874603, -1.6862109899520874, -1.4041823148727417, 0.28627097606658936, -2.1015071868896484, -1.0093424320220947, 0.33575883507728577, -2.4367682933807373, -0.4844330847263336, 0.369351327419281, -2.4354095458984375, -4.477736443519412e-16, 0.3757256865501404, -2.437566041946411, 0.486642062664032, 0.35273340344429016, -2.446514844894409, 0.9129515290260315, 0.30812427401542664, -2.2040600776672363, 1.3550220727920532, 0.2569342851638794, -2.0279338359832764, 1.76692533493042, 0.21641753613948822, -1.76692533493042, 2.0910139083862305, 0.2002306878566742, -1.3971707820892334, 2.256232500076294, 0.2138296663761139, -0.934562087059021, 2.394601583480835, 0.2526307702064514, -0.4763158857822418, 4.72067928314209, 0.2151557207107544, 0.0, 4.89145040512085, 0.261039674282074, 0.9729699492454529, 4.433956623077393, 0.2864169478416443, 1.8366048336029053, 3.7435007095336914, 0.28273388743400574, 2.5013272762298584, 3.822415828704834, 0.2512318789958954, 3.822415828704834, 2.830350875854492, 0.20252902805805206, 4.23591947555542, 1.985945463180542, 0.15304115414619446, 4.794496536254883, 0.9138587713241577, 0.11944868415594101, 4.594278335571289, 3.4150899360525495e-16, 0.11307431012392044, 5.57726526260376, -1.059433102607727, 0.13606658577919006, 5.326129913330078, -1.7650545835494995, 0.18067573010921478, 4.261219024658203, -2.69273042678833, 0.23186573386192322, 4.029955863952637, -3.7315382957458496, 0.2723824679851532, 3.7315382957458496, -4.378350734710693, 0.28856930136680603, 2.925520420074463, -5.095340728759766, 0.2749703526496887, 2.1105592250823975, -4.850737571716309, 0.2361692190170288, 0.9648717045783997, -5.39736270904541, 0.18524427711963654, 6.609862896755111e-16, -5.1202239990234375, 0.13936033844947815, -1.018475890159607, -4.447852611541748, 0.11398304998874664, -1.8423609733581543, -4.264570236206055, 0.11766611784696579, -2.8494949340820312, -3.8575642108917236, 0.14916811883449554, -3.8575642108917236, -3.008554220199585, 0.19787096977233887, -4.50261926651001, -1.9279015064239502, 0.24735884368419647, -4.6543660163879395, -1.000916600227356, 0.2809513211250305, -5.031947612762451, -8.297046119171679e-16, 0.2873256802558899, -4.516701698303223, 0.9261333346366882, 0.26433342695236206, -4.655986785888672, 2.051657199859619, 0.21972428262233734, -4.95313835144043, 2.742929220199585, 0.1685342639684677, -4.105083465576172, 3.3021929264068604, 0.12801754474639893, -3.3021929264068604, 4.228872776031494, 0.1118306890130043, -2.8256425857543945, 4.856626033782959, 0.1254296600818634, -2.0116803646087646, 5.124762535095215, 0.16423077881336212, -1.019378662109375, 7.094024658203125, 0.11707849055528641, 0.0, 7.111619472503662, 0.13327282667160034, 1.4145890474319458, 6.855719566345215, 0.14222951233386993, 2.8397321701049805, 6.718238830566406, 0.14092960953712463, 4.488983631134033, 5.2687458992004395, 0.12981125712394714, 5.2687458992004395, 3.9663987159729004, 0.11262200772762299, 5.936135292053223, 2.82222580909729, 0.09515570104122162, 6.813456058502197, 1.2195528745651245, 0.08329953253269196, 6.131106376647949, 3.8485725463975346e-16, 0.08104975521564484, 6.285195827484131, -1.5405617952346802, 0.08916467428207397, 7.744926929473877, -3.283402681350708, 0.10490907728672028, 7.926835060119629, -4.237642288208008, 0.1229761391878128, 6.342080116271973, -5.048862934112549, 0.13727615773677826, 5.048862934112549, -5.483536243438721, 0.1429891735315323, 3.6639816761016846, -6.841759204864502, 0.13818952441215515, 2.833949327468872, -8.412422180175781, 0.1244950145483017, 1.6733348369598389, -8.060617446899414, 0.10652150958776474, 9.871409846969894e-16, -7.352697849273682, 0.0903271734714508, -1.4625425338745117, -7.649563312530518, 0.08137048780918121, -3.168552875518799, -5.609072685241699, 0.08267039805650711, -3.7478623390197754, -5.256370544433594, 0.0937887504696846, -5.256370544433594, -4.725083351135254, 0.11097799241542816, -7.071587085723877, -2.904557704925537, 0.12844429910182953, -7.0122222900390625, -1.4241982698440552, 0.1403004676103592, -7.159928321838379, -1.2558594343563376e-15, 0.1425502449274063, -6.836580276489258, 1.4665343761444092, 0.13443532586097717, -7.372766017913818, 3.2590384483337402, 0.11869092285633087, -7.868014812469482, 3.4406139850616455, 0.10062386095523834, -5.149242877960205, 5.722393035888672, 0.08632383495569229, -5.722393035888672, 6.803605556488037, 0.08061083406209946, -4.546023845672607, 7.707973480224609, 0.0854104682803154, -3.192747116088867, 7.833835601806641, 0.09910498559474945, -1.5582467317581177]
            n (float, 291):  [0.00038215002859942615, 0.9999998211860657, -0.00032846181420609355, 0.041486453264951706, 0.9953568577766418, -0.08685462176799774, 0.04289119318127632, 0.9975681900978088, -0.0549369715154171, 0.030463336035609245, 0.9995356798171997, 0.0005629346705973148, 0.007398017216473818, 0.9992309808731079, 0.03850545361638069, -0.02096828818321228, 0.9976736307144165, 0.06486707925796509, -0.04437871649861336, 0.9958359003067017, 0.07963261753320694, -0.042826276272535324, 0.9964219927787781, 0.07286322861909866, -0.02348584122955799, 0.9978727698326111, 0.06081397831439972, 0.006059178151190281, 0.9980819225311279, 0.061609864234924316, 0.05095982551574707, 0.9963238835334778, 0.06886064261198044, 0.05333762615919113, 0.9960734248161316, 0.07066022604703903, 0.04585929587483406, 0.9960231781005859, 0.07638534158468246, 0.013911191374063492, 0.9985058903694153, 0.05284341797232628, -0.01716090738773346, 0.9997562766075134, 0.01388634741306305, -0.039623528718948364, 0.9988009929656982, -0.028748836368322372, -0.04765643924474716, 0.9966694712638855, -0.0661725178360939, -0.04714454337954521, 0.9958921670913696, -0.07730529457330704, -0.038429949432611465, 0.997248113155365, -0.06339748203754425, -0.04131123796105385, 0.9980951547622681, -0.04581907391548157, -0.0639212504029274, 0.997778058052063, -0.01878814771771431, -0.0911707729101181, 0.9957028031349182, 0.01624085009098053, -0.09217774868011475, 0.9956417679786682, 0.01416891347616911, -0.07095002382993698, 0.9974649548530579, -0.005462205037474632, -0.03088391199707985, 0.9993060231208801, -0.020826034247875214, 0.016773518174886703, 0.9994852542877197, -0.027348866686224937, 0.05656861141324043, 0.9981858730316162, -0.020612265914678574, 0.09163295477628708, 0.9957860112190247, -0.003684426425024867, 0.09275888651609421, 0.9956865310668945, 0.002017234219238162, 0.07221396267414093, 0.9973386526107788, -0.010039460845291615, 0.048651378601789474, 0.998312771320343, -0.03169500455260277, 0.03750376030802727, 0.9974750876426697, -0.06030662730336189, 0.033696968108415604, 0.9962624907493591, -0.079534150660038, 0.038767263293266296, 0.9981048107147217, -0.0477895624935627, 0.05098889395594597, 0.998375415802002, -0.02543020062148571, 0.044378746300935745, 0.9989790916442871, 0.008447450585663319, 0.026907170191407204, 0.9990924000740051, 0.033021342009305954, 0.007160699926316738, 0.9985682964324951, 0.05300920456647873, -0.01969365030527115, 0.9980502724647522, 0.05922763794660568, -0.026338515803217888, 0.9986266493797302, 0.04528891667723656, -0.013711420819163322, 0.9991380572319031, 0.039180938154459, 0.017946036532521248, 0.9993926882743835, 0.02986999973654747, 0.022458260878920555, 0.9992890954017639, 0.03028142638504505, 0.02821914292871952, 0.9984952211380005, 0.047021280974149704, 0.015823157504200935, 0.9983126521110535, 0.05586982145905495, -0.02409222349524498, 0.9984592199325562, 0.049987081438302994, -0.04625212773680687, 0.9982309341430664, 0.037358757108449936, -0.04896806925535202, 0.9986811280250549, 0.015430120751261711, -0.04244197905063629, 0.9984229207038879, -0.036748018115758896, -0.029709188267588615, 0.9987455606460571, -0.040306005626916885, -0.01969687081873417, 0.9990668892860413, -0.03843821585178375, -0.02096053957939148, 0.9994866847991943, -0.024229681119322777, -0.03312567248940468, 0.9994508028030396, 0.0009263672400265932, -0.05028349533677101, 0.9986904263496399, 0.009430959820747375, -0.048354364931583405, 0.9988182783126831, -0.00489606149494648, -0.04487628862261772, 0.9987066388130188, -0.023899409919977188, -0.012101372703909874, 0.9988081455230713, -0.047285132110118866, 0.01211766991764307, 0.9988301992416382, -0.0468110665678978, 0.0249695535749197, 0.999021053314209, -0.03651668131351471, 0.05434725433588028, 0.998406708240509, -0.015180832706391811, 0.06226744130253792, 0.9980594515800476, -0.00039842541445977986, 0.03800862655043602, 0.999264121055603, -0.005161900073289871, 0.0169124323874712, 0.9997431635856628, -0.015087276697158813, 0.012754969298839569, 0.9994721412658691, -0.02987796440720558, 0.02189827896654606, 0.9991953372955322, -0.03360328823328018, 0.040064796805381775, 0.9989855885505676, -0.020555322989821434, 0.054988160729408264, 0.9984114766120911, -0.012280963361263275, 0.04921366274356842, 0.9987224340438843, 0.011468512937426567, 0.03604632243514061, 0.9989438652992249, 0.02849232591688633, 0.01815861463546753, 0.9985970854759216, 0.049739547073841095, -0.0007040663622319698, 0.9985606074333191, 0.053631022572517395, -0.012954424135386944, 0.9991397261619568, 0.039392996579408646, -0.012363064102828503, 0.9993834495544434, 0.032859865576028824, 0.020071154460310936, 0.9993772506713867, 0.029021011665463448, 0.018002493306994438, 0.9994940757751465, 0.026220768690109253, 0.010481075383722782, 0.9995249509811401, 0.02898465096950531, -0.0031270368490368128, 0.9991635680198669, 0.04077240824699402, -0.03893424943089485, 0.9979204535484314, 0.051369499415159225, -0.06913284957408905, 0.9958977699279785, 0.05838098004460335, -0.05123017728328705, 0.9984051585197449, 0.023719971999526024, -0.038475073873996735, 0.9991838335990906, -0.012304128147661686, -0.029279861599206924, 0.9991875886917114, -0.02769300900399685, -0.016350790858268738, 0.9995707869529724, -0.024308428168296814, -0.009960470721125603, 0.9998627305030823, -0.013244114816188812, -0.022518258541822433, 0.9997415542602539, -0.0031234831549227238, -0.04355546459555626, 0.9990483522415161, 0.0022885631769895554, -0.03477265313267708, 0.9992888569831848, -0.014583474025130272, -0.02611185982823372, 0.998995304107666, -0.03642207011580467, -0.009569047018885612, 0.998404324054718, -0.05565252900123596, 0.008007572032511234, 0.9981604218482971, -0.060097433626651764, 0.006107150111347437, 0.9990381002426147, -0.04342436417937279, 0.0356212854385376, 0.9990382194519043, -0.02556697279214859, 0.0533439926803112, 0.9985494017601013, -0.007313883397728205, 0.014732069335877895, 0.9998783469200134, -0.005119776353240013, 0.00932069681584835, 0.9999258518218994, -0.007839559577405453, 0.00906152743846178, 0.9998119473457336, -0.01714610494673252, 0.018747996538877487, 0.9996492266654968, -0.018707962706685066]
            ta (float, 388):  [0.9999999403953552, -0.00038214921369217336, -4.2430677638094494e-08, 1.0, 0.9991322159767151, -0.04165196418762207, -9.347852028440684e-05, 1.0, 0.9990769028663635, -0.0429573729634285, -2.383208993705921e-05, 1.0, 0.9995359182357788, -0.030463343486189842, 1.3791466244583717e-06, 1.0, 0.9999727010726929, -0.007398136891424656, -0.00013938763004262, 1.0, 0.9997783899307251, 0.021044915542006493, -0.0004981423262506723, 1.0, 0.9990043044090271, 0.04460323229432106, -0.0010419515892863274, 1.0, 0.999076247215271, 0.04297022894024849, -0.0004084867250639945, 1.0, 0.9997215867042542, 0.023580189794301987, -0.0008341546053998172, 1.0, 0.9999815821647644, -0.006068464368581772, -3.6406036088010296e-05, 1.0, 0.998691201210022, -0.05113872140645981, 0.0008364032255485654, 1.0, 0.9985607862472534, -0.05360092595219612, 0.0018340247916057706, 1.0, 0.9989396929740906, -0.046035971492528915, 0.0005527947214432061, 1.0, 0.9999027848243713, -0.013942137360572815, 0.00021700248180422932, 1.0, 0.9998526573181152, 0.01716281846165657, -1.8492608433007263e-05, 1.0, 0.9992139339447021, 0.039641182869672775, 4.4195723603479564e-05, 1.0, 0.998857319355011, 0.047790415585041046, 0.0004422017082106322, 1.0, 0.9988802671432495, 0.047308292239904404, 0.0002871258184313774, 1.0, 0.9992582201957703, 0.038508202880620956, 1.250260083907051e-05, 1.0, 0.9991446733474731, 0.04134977608919144, -0.0001067465782398358, 1.0, 0.9979541897773743, 0.0639331266283989, 3.139195905532688e-05, 1.0, 0.9958340525627136, 0.09118463844060898, -0.00011323991202516481, 1.0, 0.9957414269447327, 0.09218957275152206, -0.00018202789942733943, 1.0, 0.9974797964096069, 0.07095159590244293, 9.543835767544806e-05, 1.0, 0.9995226263999939, 0.030893191695213318, 0.000124198297271505, 1.0, 0.9998592138290405, -0.01677972637116909, 2.4811508865241194e-06, 1.0, 0.9983974099159241, -0.05658930167555809, -0.00042133915121667087, 1.0, 0.9957927465438843, -0.09163373708724976, -4.333865217631683e-05, 1.0, 0.9956885576248169, -0.09275910258293152, 1.4821725017100107e-05, 1.0, 0.9973888397216797, -0.07221835851669312, -7.519411883549765e-05, 1.0, 0.9988145232200623, -0.04867838695645332, -8.033301855903119e-05, 1.0, 0.9992940425872803, -0.03757037967443466, 2.918851896538399e-05, 1.0, 0.9994282126426697, -0.03381405398249626, -0.00012539247109089047, 1.0, 0.9992465972900391, -0.03881027176976204, 2.8031958208885044e-05, 1.0, 0.9986984729766846, -0.05100422352552414, 4.590190656017512e-05, 1.0, 0.9990147352218628, -0.04438021779060364, -1.3185828720452264e-05, 1.0, 0.9996374249458313, -0.026923540979623795, 5.1191185775678605e-05, 1.0, 0.999974250793457, -0.007173837162554264, 5.754547964897938e-05, 1.0, 0.9998050332069397, 0.019742997363209724, -0.00024810017202980816, 1.0, 0.9996523857116699, 0.026363948360085487, 3.573753565433435e-05, 1.0, 0.9999059438705444, 0.01371842436492443, 9.013197995955124e-05, 1.0, 0.9998388886451721, -0.017949456349015236, -0.00015365380386356264, 1.0, 0.999747633934021, -0.022465117275714874, -0.00011378784984117374, 1.0, 0.9996009469032288, -0.028247175738215446, -6.833612133050337e-05, 1.0, 0.9998739361763, -0.015873033553361893, 0.00044901613728143275, 1.0, 0.9997093081474304, 0.02410675399005413, 0.0003122543857898563, 1.0, 0.998927891254425, 0.046292636543512344, -0.00021951126109343022, 1.0, 0.9987998008728027, 0.048978712409734726, -0.00031218986259773374, 1.0, 0.9990977048873901, 0.04247286915779114, 5.9996764321113005e-05, 1.0, 0.9995580911636353, 0.029726415872573853, -0.00017206229676958174, 1.0, 0.9998056888580322, 0.019709059968590736, -6.176458555273712e-05, 1.0, 0.9997801184654236, 0.02096797712147236, 5.297879397403449e-05, 1.0, 0.999451220035553, 0.03312568739056587, -4.172128683421761e-06, 1.0, 0.9987348914146423, 0.05028558149933815, 1.569086998642888e-05, 1.0, 0.998830258846283, 0.048354893922805786, -1.0488204679859336e-05, 1.0, 0.998991847038269, 0.044890668243169785, 6.544541975017637e-05, 1.0, 0.9999263882637024, 0.012126194313168526, 0.0002381208905717358, 1.0, 0.9999262690544128, -0.012142503634095192, -0.0002461358089931309, 1.0, 0.9996877312660217, -0.02498561143875122, 1.6564950783504173e-05, 1.0, 0.9985217452049255, -0.05435320734977722, 2.0286162907723337e-05, 1.0, 0.9980595707893372, -0.062267452478408813, -6.935224519111216e-06, 1.0, 0.9992774128913879, -0.03800923004746437, -1.8649790945346467e-05, 1.0, 0.9998568892478943, -0.01691397652029991, 2.5225615900126286e-05, 1.0, 0.9999185800552368, -0.012760537676513195, 4.3333561734471004e-06, 1.0, 0.9997599124908447, -0.02191292680799961, -6.768738239770755e-05, 1.0, 0.9991967082023621, -0.0400732047855854, 2.728840854615555e-06, 1.0, 0.9984867572784424, -0.054992787539958954, -3.8980480894679204e-05, 1.0, 0.9987881779670715, -0.04921694099903107, 3.262086920585716e-06, 1.0, 0.9993495345115662, -0.03606081008911133, -5.29420685779769e-06, 1.0, 0.9998345375061035, -0.018191801384091377, 0.00021445960737764835, 1.0, 0.9999997615814209, 0.0006940154125913978, 0.00020605052122846246, 1.0, 0.9999160766601562, 0.012953142635524273, 0.00028778990963473916, 1.0, 0.9999235272407532, 0.012369534000754356, 6.394916454155464e-06, 1.0, 0.9997984170913696, -0.02007569931447506, -0.00013478027540259063, 1.0, 0.9998378753662109, -0.01800711080431938, -6.001757719786838e-05, 1.0, 0.9999450445175171, -0.01047928910702467, -0.00021346312132664025, 1.0, 0.9999950528144836, 0.0031440118327736855, -0.00035221941652707756, 1.0, 0.9992395639419556, 0.038990866392850876, -0.00010014043073169887, 1.0, 0.9975993037223816, 0.06925054639577866, 7.23846505934489e-06, 1.0, 0.9986864328384399, 0.05123938247561455, 0.0002199922309955582, 1.0, 0.9992595314979553, 0.03847691789269447, -8.683761552674696e-05, 1.0, 0.999570906162262, 0.029293406754732132, 8.343104127561674e-05, 1.0, 0.9998663067817688, 0.016356104984879494, 1.9729321138584055e-05, 1.0, 0.9999504089355469, 0.009960821829736233, -3.9305701648117974e-05, 1.0, 0.9997463822364807, 0.02251836098730564, -2.063327883661259e-06, 1.0, 0.999051034450531, 0.04355557635426521, 3.198081799382635e-07, 1.0, 0.9993953108787537, 0.03477451205253601, -0.00012637506006285548, 1.0, 0.9996588826179504, 0.02611529268324375, -0.000381579709937796, 1.0, 0.9999540448188782, 0.00957923661917448, -8.366154361283407e-05, 1.0, 0.9999679327011108, -0.008010339923202991, 0.000194858483155258, 1.0, 0.9999812841415405, -0.00609998032450676, 0.00029759001336060464, 1.0, 0.9993650913238525, -0.03562808409333229, 0.00018967479991260916, 1.0, 0.9985761642456055, -0.053345415741205215, 1.468812342864112e-06, 1.0, 0.9998915195465088, -0.014732109382748604, 2.991288056364283e-05, 1.0, 0.9999565482139587, -0.009320944547653198, 4.940131475450471e-06, 1.0, 0.9999589323997498, -0.009063146077096462, -1.6711503121769056e-05, 1.0, 0.9998241662979126, -0.018750250339508057, 5.484851499204524e-05, 1.0]
            u0 (float, 194):  [0.5, 0.5, 0.6517791748046875, 0.5, 0.6610285043716431, 0.4679694175720215, 0.6503410339355469, 0.4377266764640808, 0.627945601940155, 0.41450947523117065, 0.6117653846740723, 0.38823461532592773, 0.5873695015907288, 0.3692423105239868, 0.5615265369415283, 0.35146182775497437, 0.5318313241004944, 0.3399731516838074, 0.5, 0.3489254117012024, 0.4707491397857666, 0.3529459834098816, 0.43724745512008667, 0.348501980304718, 0.4127921462059021, 0.3694842457771301, 0.3849523067474365, 0.3849523067474365, 0.37571316957473755, 0.4169542193412781, 0.3547758162021637, 0.4398461580276489, 0.34111934900283813, 0.4683966636657715, 0.3465787470340729, 0.5, 0.3373022675514221, 0.5323625802993774, 0.3474467098712921, 0.5631896555423737, 0.37530118227005005, 0.5833210945129395, 0.3940156400203705, 0.6059843599796295, 0.4117421507835388, 0.6320872008800507, 0.4365592300891876, 0.6531595289707184, 0.4695516526699066, 0.6530741453170776, 0.5, 0.6532096862792969, 0.5305871963500977, 0.6537721455097198, 0.5573822259902954, 0.6385329961776733, 0.5851679444313049, 0.6274628341197968, 0.6110575199127197, 0.6110575199127197, 0.6314276456832886, 0.5878171324729919, 0.6418122053146362, 0.5587405562400818, 0.650509238243103, 0.529938131570816, 0.7967114448547363, 0.5, 0.8074449896812439, 0.4388453960418701, 0.7786899209022522, 0.3845628499984741, 0.7352923154830933, 0.3427826762199402, 0.7402524352073669, 0.25974756479263306, 0.6778976321220398, 0.23375743627548218, 0.6248237490653992, 0.1986488699913025, 0.5574392676353455, 0.2112332582473755, 0.5, 0.14944905042648315, 0.4334108531475067, 0.1652337908744812, 0.38906005024909973, 0.23216724395751953, 0.33075231313705444, 0.24670296907424927, 0.2654595673084259, 0.2654595375061035, 0.2248051017522812, 0.31612062454223633, 0.17973972856998444, 0.36734384298324585, 0.1951139122247696, 0.4393543601036072, 0.16075658798217773, 0.5, 0.17817574739456177, 0.5640148222446442, 0.22043666243553162, 0.6157989203929901, 0.2319566011428833, 0.6791008710861206, 0.25753840804100037, 0.7424615919589996, 0.3109017014503479, 0.7830056250095367, 0.37882453203201294, 0.792543426156044, 0.43708884716033936, 0.8162757605314255, 0.5, 0.7838907241821289, 0.5582107901573181, 0.7926452904939651, 0.6289539337158203, 0.811322346329689, 0.6724028587341309, 0.7580190896987915, 0.7075545787811279, 0.7075545489788055, 0.7657997012138367, 0.6776016652584076, 0.805256187915802, 0.6264412701129913, 0.8221095204353333, 0.5640715658664703, 0.945884644985199, 0.5, 0.9469905495643616, 0.4110880494117737, 0.930906355381012, 0.32151275873184204, 0.9222651720046997, 0.217851459980011, 0.8311593532562256, 0.16884064674377441, 0.7493022680282593, 0.1268928050994873, 0.6773869395256042, 0.07175010442733765, 0.576653242111206, 0.11463814973831177, 0.5, 0.1049531102180481, 0.40317022800445557, 0.013203859329223633, 0.29362648725509644, 0.0017702579498291016, 0.2336491346359253, 0.10137772560119629, 0.1826610416173935, 0.1826610565185547, 0.1553402841091156, 0.26970571279525757, 0.06997115164995193, 0.3218762278556824, -0.028750600293278694, 0.3948249816894531, -0.006638435646891594, 0.5, 0.037856824696063995, 0.5919259786605835, 0.01919778250157833, 0.699154794216156, 0.14744988083839417, 0.7355664670467377, 0.16961844265460968, 0.8303815573453903, 0.20301173627376556, 0.9444743543863297, 0.3174382448196411, 0.9407430849969387, 0.41048407554626465, 0.9500269256532192, 0.5, 0.9297033622860909, 0.5921769142150879, 0.9634045213460922, 0.7048421502113342, 0.9945326773449779, 0.7162548303604126, 0.8236481994390488, 0.8596727252006531, 0.8596727401018143, 0.9276307821273804, 0.7857337445020676, 0.9844735264778137, 0.7006754875183105, 0.9923843741416931, 0.5979413390159607]
            tri (int, 480):  [0, 2, 1, 0, 3, 2, 0, 4, 3, 0, 5, 4, 0, 6, 5, 0, 7, 6, 0, 8, 7, 0, 9, 8, 0, 10, 9, 0, 11, 10, 0, 12, 11, 0, 13, 12, 0, 14, 13, 0, 15, 14, 0, 16, 15, 0, 17, 16, 0, 18, 17, 0, 19, 18, 0, 20, 19, 0, 21, 20, 0, 22, 21, 0, 23, 22, 0, 24, 23, 0, 25, 24, 0, 26, 25, 0, 27, 26, 0, 28, 27, 0, 29, 28, 0, 30, 29, 0, 31, 30, 0, 32, 31, 0, 1, 32, 1, 34, 33, 1, 2, 34, 2, 35, 34, 2, 3, 35, 3, 36, 35, 3, 4, 36, 4, 37, 36, 4, 5, 37, 5, 38, 37, 5, 6, 38, 6, 39, 38, 6, 7, 39, 7, 40, 39, 7, 8, 40, 8, 41, 40, 8, 9, 41, 9, 42, 41, 9, 10, 42, 10, 43, 42, 10, 11, 43, 11, 44, 43, 11, 12, 44, 12, 45, 44, 12, 13, 45, 13, 46, 45, 13, 14, 46, 14, 47, 46, 14, 15, 47, 15, 48, 47, 15, 16, 48, 16, 49, 48, 16, 17, 49, 17, 50, 49, 17, 18, 50, 18, 51, 50, 18, 19, 51, 19, 52, 51, 19, 20, 52, 20, 53, 52, 20, 21, 53, 21, 54, 53, 21, 22, 54, 22, 55, 54, 22, 23, 55, 23, 56, 55, 23, 24, 56, 24, 57, 56, 24, 25, 57, 25, 58, 57, 25, 26, 58, 26, 59, 58, 26, 27, 59, 27, 60, 59, 27, 28, 60, 28, 61, 60, 28, 29, 61, 29, 62, 61, 29, 30, 62, 30, 63, 62, 30, 31, 63, 31, 64, 63, 31, 32, 64, 32, 33, 64, 33, 32, 1, 33, 66, 65, 33, 34, 66, 34, 67, 66, 34, 35, 67, 35, 68, 67, 35, 36, 68, 36, 69, 68, 36, 37, 69, 37, 70, 69, 37, 38, 70, 38, 71, 70, 38, 39, 71, 39, 72, 71, 39, 40, 72, 40, 73, 72, 40, 41, 73, 41, 74, 73, 41, 42, 74, 42, 75, 74, 42, 43, 75, 43, 76, 75, 43, 44, 76, 44, 77, 76, 44, 45, 77, 45, 78, 77, 45, 46, 78, 46, 79, 78, 46, 47, 79, 47, 80, 79, 47, 48, 80, 48, 81, 80, 48, 49, 81, 49, 82, 81, 49, 50, 82, 50, 83, 82, 50, 51, 83, 51, 84, 83, 51, 52, 84, 52, 85, 84, 52, 53, 85, 53, 86, 85, 53, 54, 86, 54, 87, 86, 54, 55, 87, 55, 88, 87, 55, 56, 88, 56, 89, 88, 56, 57, 89, 57, 90, 89, 57, 58, 90, 58, 91, 90, 58, 59, 91, 59, 92, 91, 59, 60, 92, 60, 93, 92, 60, 61, 93, 61, 94, 93, 61, 62, 94, 62, 95, 94, 62, 63, 95, 63, 96, 95, 63, 64, 96, 64, 65, 96, 65, 64, 33]
            boundingsphere (float, 4):  [-0.2892932891845703, 0.24830542504787445, 0.029410123825073242, 8.658912992301497]
            aabb:
                min (float, 3):  [-8.412422180175781, 0.08061083406209946, -7.868014812469482]
                max (float, 3):  [7.833835601806641, 0.41600000858306885, 7.926835060119629]
            material:
                shader (str, 1):  ['PdxMeshAlphaBlend']
                diff (str, 1):  ['air_winter_boreal_continental_frozen_water_diff.dds']
                spec (str, 1):  ['air_winter_boreal_continental_frozen_water_spec.dds']
                n (str, 1):  ['air_winter_boreal_continental_frozen_water_n.dds']
locator:
