pdxasset (int, 2):  [1, 0]
object:
    air_winter_mountain_highland_phase_1:
        mesh:
            p (float, 291):  [0.0, 0.31679999828338623, 0.0, 3.4359982013702393, 0.1542518585920334, 0.0, 3.185894012451172, 0.1738670915365219, 0.6337137222290039, 3.0881364345550537, 0.2089577615261078, 1.279147982597351, 2.7840375900268555, 0.247696191072464, 1.8602344989776611, 2.2356159687042236, 0.27702516317367554, 2.2356159687042236, 1.729211688041687, 0.2870590388774872, 2.5879480838775635, 1.263195514678955, 0.2744157910346985, 3.049623727798462, 0.6102920770645142, 0.24335695803165436, 3.068145513534546, 1.972731263825793e-16, 0.2043512612581253, 3.221714735031128, -0.6640716195106506, 0.17054599523544312, 3.3385136127471924, -1.3002116680145264, 0.1533355712890625, 3.138988733291626, -1.7373204231262207, 0.15852096676826477, 2.600083827972412, -2.201934337615967, 0.18435437977313995, 2.201934337615967, -2.631070375442505, 0.22212837636470795, 1.758025050163269, -3.1243739128112793, 0.25911083817481995, 1.2941579818725586, -3.033919095993042, 0.2828364074230194, 0.603484034538269, -3.165329694747925, 0.2853081226348877, 3.876410813604639e-16, -3.0629751682281494, 0.26569288969039917, -0.6092635989189148, -2.892026901245117, 0.2306022346019745, -1.1979167461395264, -2.720909833908081, 0.19186381995677948, -1.8180538415908813, -2.227626323699951, 0.16253484785556793, -2.227626323699951, -1.7953177690505981, 0.1525009721517563, -2.686882972717285, -1.2811181545257568, 0.16514421999454498, -3.09289288520813, -0.6523945927619934, 0.1962030529975891, -3.27980899810791, -5.93983389509295e-16, 0.23520873486995697, -3.233494997024536, 0.6568171977996826, 0.26901400089263916, -3.3020429611206055, 1.2590411901474, 0.2862244248390198, -3.0395941734313965, 1.8786005973815918, 0.2810390293598175, -2.8115243911743164, 2.2442426681518555, 0.2552056312561035, -2.2442426681518555, 2.6748461723327637, 0.21743161976337433, -1.7872750759124756, 3.0421907901763916, 0.18044917285442352, -1.260116696357727, 3.3583006858825684, 0.15672360360622406, -0.6680075526237488, 6.697955131530762, 0.08693186938762665, 0.0, 6.366933345794678, 0.10654709488153458, 1.266461730003357, 5.700647354125977, 0.14163777232170105, 2.361285448074341, 5.16671895980835, 0.18037618696689606, 3.452291250228882, 4.327369213104248, 0.2097051590681076, 4.327369213104248, 4.014826774597168, 0.21973903477191925, 6.008612632751465, 2.710622787475586, 0.20709577202796936, 6.544022083282471, 1.3840984106063843, 0.17603695392608643, 6.958332538604736, 4.022370472284316e-16, 0.13703125715255737, 6.569029331207275, -1.331934928894043, 0.10322599112987518, 6.696089267730713, -2.3863089084625244, 0.08601557463407516, 5.761059284210205, -3.61205792427063, 0.09120097011327744, 5.405826568603516, -4.256033897399902, 0.11703437566757202, 4.256033897399902, -5.332470893859863, 0.15480837225914001, 3.5630433559417725, -5.702962875366211, 0.19179083406925201, 2.3622446060180664, -5.839107513427734, 0.21551640331745148, 1.1614707708358765, -7.1303887367248535, 0.21798813343048096, 8.7322077076367995e-16, -5.834468841552734, 0.19837290048599243, -1.1605479717254639, -6.446294784545898, 0.16328223049640656, -2.670142889022827, -5.666155815124512, 0.12454381585121155, -3.786004066467285, -4.199685573577881, 0.09521484375, -4.199685573577881, -3.6149160861968994, 0.08518097549676895, -5.410104274749756, -2.770681858062744, 0.09782422333955765, -6.6890177726745605, -1.4099591970443726, 0.12888304889202118, -7.088343143463135, -1.2158739735317775e-15, 0.16788874566555023, -6.61890983581543, 1.349705457687378, 0.20169401168823242, -6.785427570343018, 2.6128439903259277, 0.21890442073345184, -6.3079633712768555, 3.460620641708374, 0.21371902525424957, -5.179184913635254, 4.666705131530762, 0.18788562715053558, -4.666705131530762, 5.5435919761657715, 0.1501116305589676, -3.7041096687316895, 5.890515327453613, 0.11312916874885559, -2.4399313926696777, 6.851897239685059, 0.08940359950065613, -1.3629270792007446, 9.42326831817627, 0.06201242282986641, 0.0, 10.190732955932617, 0.06893544644117355, 2.0270628929138184, 7.5951457023620605, 0.0813203901052475, 3.146012306213379, 7.836933135986328, 0.09499277174472809, 5.236471176147461, 5.767711162567139, 0.10534416884183884, 5.767711162567139, 5.591911315917969, 0.10888554155826569, 8.368886947631836, 4.125549793243408, 0.10442321747541428, 9.95995807647705, 1.8997278213500977, 0.09346127510070801, 9.550577163696289, 6.005154429007242e-16, 0.07969456166028976, 9.807162284851074, -1.948571801185608, 0.06776329129934311, 9.79613208770752, -3.34527850151062, 0.06168902665376663, 8.076216697692871, -5.133281230926514, 0.06351916491985321, 7.682497978210449, -6.964115619659424, 0.07263684272766113, 6.964115619659424, -8.367429733276367, 0.08596883714199066, 5.590937614440918, -8.518204689025879, 0.09902147203683853, 3.528355598449707, -9.345248222351074, 0.10739520192146301, 1.8588855266571045, -9.06393814086914, 0.10826757550239563, 1.110012325179527e-15, -9.584249496459961, 0.10134455561637878, -1.9064258337020874, -9.384289741516113, 0.08895961195230484, -3.8871002197265625, -7.528430938720703, 0.07528723031282425, -5.030336856842041, -7.202639102935791, 0.0649358257651329, -7.202639102935791, -5.9476847648620605, 0.06139446049928665, -8.901339530944824, -3.7179362773895264, 0.06585678458213806, -8.975892066955566, -2.169759511947632, 0.07681871950626373, -10.908117294311523, -1.652629466245394e-15, 0.09058544039726257, -8.996496200561523, 2.132176637649536, 0.10251671075820923, -10.719175338745117, 3.288116455078125, 0.1085909754037857, -7.938215255737305, 5.093113422393799, 0.10676083713769913, -7.622382640838623, 7.498011589050293, 0.0976431593298912, -7.498011589050293, 6.750885486602783, 0.08431116491556168, -4.510797500610352, 9.204340934753418, 0.0712585300207138, -3.812562942504883, 10.569266319274902, 0.06288480013608932, -2.102357864379883]
            n (float, 291):  [-0.0006220939103513956, 0.9999998211860657, 0.00010160425881622359, 0.03225942328572273, 0.9994603991508484, -0.006179092451930046, 0.039513178169727325, 0.9989113807678223, -0.02479364722967148, 0.04324517771601677, 0.9984986782073975, -0.033619653433561325, 0.04135821759700775, 0.9988943338394165, -0.022351501509547234, 0.03097604401409626, 0.9994936585426331, -0.007272022310644388, 0.008720291778445244, 0.9999148845672607, 0.009701866656541824, -0.019431540742516518, 0.9995179176330566, 0.024213826283812523, -0.042927131056785583, 0.9986415505409241, 0.029535582289099693, -0.04316260665655136, 0.9986910223960876, 0.027444448322057724, -0.03520277887582779, 0.9990924000740051, 0.02398296259343624, -0.024592218920588493, 0.999364972114563, 0.025785522535443306, -0.009914438240230083, 0.9992186427116394, 0.038258519023656845, 0.007736390456557274, 0.9985403418540955, 0.05345448851585388, 0.008898505941033363, 0.9981991052627563, 0.05932410806417465, -0.00499498238787055, 0.9991483688354492, 0.0409582145512104, -0.011846119537949562, 0.9997053742408752, 0.021185969933867455, -0.014324372634291649, 0.9998363256454468, -0.01104980893433094, -0.010851333849132061, 0.9991430044174194, -0.03994359076023102, -0.004525763913989067, 0.9987634420394897, -0.04950901120901108, 0.0032148214522749186, 0.9985441565513611, -0.05384361371397972, -0.006414842326194048, 0.9989340901374817, -0.045711394399404526, -0.02756798267364502, 0.9993219971656799, -0.024403708055615425, -0.04005827754735947, 0.999066948890686, -0.016141751781105995, -0.04422497749328613, 0.9988641142845154, -0.017739159986376762, -0.04613781347870827, 0.9986854195594788, -0.02233455888926983, -0.028857672587037086, 0.9993302822113037, -0.02249891683459282, -2.7854515792569146e-05, 0.9998858571052551, -0.01510967779904604, 0.026521814987063408, 0.9996459484100342, -0.0021330940071493387, 0.04364237189292908, 0.99891597032547, 0.016192980110645294, 0.04731424152851105, 0.9985593557357788, 0.02530895732343197, 0.042067598551511765, 0.9989188313484192, 0.01978452131152153, 0.03390797972679138, 0.9994066953659058, 0.006041043903678656, 0.015141353011131287, 0.9998780488967896, -0.0038316661957651377, 0.019387757405638695, 0.9997598528862, -0.010212107561528683, 0.03219742700457573, 0.9993492960929871, -0.016255341470241547, 0.035146795213222504, 0.9993747472763062, -0.0038466020487248898, 0.03549768403172493, 0.9993517994880676, 0.005992495454847813, 0.032223183661699295, 0.9993757009506226, 0.014485727064311504, -0.005842847749590874, 0.9996005892753601, 0.027648741379380226, -0.022005422040820122, 0.9993767142295837, 0.02760455384850502, -0.02739149145781994, 0.9994317293167114, 0.0196437519043684, -0.02082778885960579, 0.999713659286499, 0.011785759590566158, -0.013758013024926186, 0.9998095631599426, 0.013839416205883026, 5.3516359912464395e-05, 0.9998323321342468, 0.018311534076929092, 0.005069714039564133, 0.9994813203811646, 0.03180345892906189, -0.003066231030970812, 0.999500572681427, 0.03145187720656395, -0.015619833022356033, 0.9995061755180359, 0.027263028547167778, -0.02282848209142685, 0.9995455741882324, 0.019686447456479073, -0.03187231346964836, 0.9994861483573914, -0.0033849915489554405, -0.018453970551490784, 0.9994524121284485, -0.02746500074863434, -0.01178410742431879, 0.9995705485343933, -0.026829877868294716, -0.0008281530463136733, 0.9994980096817017, -0.031669981777668, -0.0009919478325173259, 0.9996773600578308, -0.02537929080426693, -0.01280505396425724, 0.9998824596405029, -0.008429755456745625, -0.020321112126111984, 0.9997699856758118, -0.006859513930976391, -0.019424356520175934, 0.9997212886810303, -0.013416565023362637, -0.02723161317408085, 0.9993813633918762, -0.022256413474678993, -0.010092777200043201, 0.9995717406272888, -0.027469441294670105, 0.016780659556388855, 0.9994484782218933, -0.02865586243569851, 0.023113997653126717, 0.9995777010917664, -0.017613274976611137, 0.03276543319225311, 0.9994626045227051, -0.0009491344098933041, 0.036205437034368515, 0.9992877840995789, 0.010638633742928505, 0.024505795910954475, 0.9996549487113953, 0.009461073204874992, 0.014119896106421947, 0.9998905062675476, 0.0044298055581748486, 0.009515327401459217, 0.9999517798423767, -0.0024317929055541754, 0.012791882269084454, 0.999906063079834, -0.004921130370348692, 0.02708691544830799, 0.9996224641799927, -0.004615143407136202, 0.03268786892294884, 0.9994471073150635, 0.00608225679025054, 0.04670863226056099, 0.9988027811050415, 0.014539508149027824, 0.029178181663155556, 0.9993271231651306, 0.02222350984811783, 0.00296334782615304, 0.9995003342628479, 0.03146864101290703, -0.01409512385725975, 0.9994315505027771, 0.030625173822045326, -0.01520320400595665, 0.9997009634971619, 0.019152332097291946, -0.014575202949345112, 0.9998376369476318, 0.010591707192361355, -0.009038660675287247, 0.9999231100082397, 0.008491940796375275, 0.0009974209824576974, 0.9999001622200012, 0.014099547639489174, 0.0010240311967208982, 0.9997820854187012, 0.020848697051405907, -0.007528100628405809, 0.9997376799583435, 0.021630965173244476, -0.021510593593120575, 0.9995890259742737, 0.018951598554849625, -0.03186722472310066, 0.9993478655815125, 0.016979191452264786, -0.03609577193856239, 0.9993458390235901, -0.0021972625982016325, -0.027066100388765335, 0.9995428323745728, -0.01347571611404419, -0.016560209915041924, 0.999653697013855, -0.020450185984373093, -0.005240394733846188, 0.999675452709198, -0.024932248517870903, -0.002277944004163146, 0.9999483227729797, -0.009904214181005955, -0.0049332813359797, 0.9999711513519287, -0.005774928256869316, -0.014560716226696968, 0.999872088432312, -0.006615910213440657, -0.012303504161536694, 0.9998341798782349, -0.013425457291305065, -0.015489265322685242, 0.9995373487472534, -0.026176584884524345, -0.0024604054633527994, 0.9995232820510864, -0.030777566134929657, 0.02768704481422901, 0.9990400075912476, -0.033948127180337906, 0.017708193510770798, 0.9993804693222046, -0.03041495941579342, 0.02775578387081623, 0.9995543956756592, -0.01098647341132164, 0.03546785190701485, 0.9993650913238525, 0.0033716484904289246, 0.013423512689769268, 0.9999096989631653, 0.0006594431470148265, 0.0096157630905509, 0.9999481439590454, 0.0033488788176327944]
            ta (float, 388):  [0.9999998211860657, 0.0006220944924280047, 3.151011895852207e-08, 1.0, 0.9994795322418213, -0.032260071486234665, -4.625778728950536e-06, 1.0, 0.9992184042930603, -0.0395270511507988, -6.959240272408351e-05, 1.0, 0.9990631937980652, -0.04327520355582237, -0.0001656177337281406, 1.0, 0.9991438388824463, -0.0413697250187397, -5.256685835774988e-05, 1.0, 0.9995200634002686, -0.030976910144090652, -6.359581220749533e-06, 1.0, 0.9999619722366333, -0.008720600977540016, -1.0545319128141273e-05, 1.0, 0.999811053276062, 0.019440269097685814, -0.00012496209819801152, 1.0, 0.9990771412849426, 0.04295231029391289, -0.0002182186726713553, 1.0, 0.999066948890686, 0.04318517446517944, -0.00022997672203928232, 1.0, 0.9993796944618225, 0.03521495684981346, -8.555457316106185e-05, 1.0, 0.9996973276138306, 0.024602307006716728, -7.409397221636027e-05, 1.0, 0.9999507665634155, 0.009920124895870686, 4.121227175346576e-05, 1.0, 0.9999697804450989, -0.007766083814203739, 0.0003478018625173718, 1.0, 0.9999601244926453, -0.008925976231694221, 0.00019807557691819966, 1.0, 0.9999876022338867, 0.004996180068701506, 7.313167589018121e-05, 1.0, 0.9999297857284546, 0.011849230155348778, -2.118990414601285e-05, 1.0, 0.9998974204063416, 0.014325341209769249, 8.525016710336786e-06, 1.0, 0.9999409914016724, 0.010860263369977474, 6.576449777639937e-06, 1.0, 0.9999898076057434, 0.004526498727500439, -9.727166616357863e-05, 1.0, 0.9999946355819702, -0.0032353359274566174, -0.0002938428660854697, 1.0, 0.9999793767929077, 0.0064154136925935745, -0.00013420656614471227, 1.0, 0.9996196627616882, 0.02757580392062664, -1.5918423741823062e-05, 1.0, 0.9991971254348755, 0.04006443917751312, 5.848617365700193e-05, 1.0, 0.9990211129188538, 0.0442349836230278, 0.00017222216411028057, 1.0, 0.9989342093467712, 0.0461542010307312, 0.00021871455828659236, 1.0, 0.9995831847190857, 0.028867462649941444, 0.00011034646740881726, 1.0, 0.9999999403953552, 2.8419481168384664e-05, 3.714398917509243e-05, 1.0, 0.9996481537818909, -0.026521900668740273, -1.2617348147614393e-05, 1.0, 0.9990469217300415, -0.04365003481507301, 0.00011989105405518785, 1.0, 0.9988791942596436, -0.04733181372284889, 9.53324997681193e-05, 1.0, 0.9991143345832825, -0.04207698628306389, 5.8212994190398604e-05, 1.0, 0.999424934387207, -0.033908661454916, 1.0919214219029527e-05, 1.0, 0.9998853802680969, -0.015141453593969345, 2.4838984700181754e-06, 1.0, 0.9998120665550232, -0.019388852640986443, -8.118174264382105e-06, 1.0, 0.9994813203811646, -0.03220246359705925, -4.823544077225961e-05, 1.0, 0.9993821382522583, -0.03514707460999489, -5.73572742723627e-06, 1.0, 0.999369740486145, -0.03549855947494507, 4.01361940021161e-05, 1.0, 0.9994806051254272, -0.03222614526748657, -2.930345362983644e-05, 1.0, 0.999983012676239, 0.005843744147568941, 4.839003304368816e-05, 1.0, 0.999757707118988, 0.022013474255800247, 1.2157396668044385e-05, 1.0, 0.9996246695518494, 0.027397947385907173, -5.94047705817502e-05, 1.0, 0.9997830390930176, 0.020829226821660995, 4.52332443501291e-07, 1.0, 0.9999054074287415, 0.013759233057498932, 7.106206794560421e-06, 1.0, 0.9999999403953552, -5.4206131608225405e-05, 3.717323124874383e-05, 1.0, 0.9999871253967285, -0.005073830485343933, 4.8744910600362346e-05, 1.0, 0.9999954104423523, 0.003067030804231763, 2.281813976878766e-05, 1.0, 0.9998779296875, 0.01562545634806156, 6.805109478591476e-06, 1.0, 0.9997392892837524, 0.022831909358501434, 5.065846926299855e-05, 1.0, 0.9994918704032898, 0.031872451305389404, -1.2739392332150601e-05, 1.0, 0.9998296499252319, 0.01845923252403736, -6.205221870914102e-05, 1.0, 0.9999305605888367, 0.011788859963417053, 1.8963291950058192e-05, 1.0, 0.9999997019767761, 0.0008254214189946651, -9.93267385638319e-05, 1.0, 0.9999995827674866, 0.0009925286285579205, 1.0275824934069533e-05, 1.0, 0.9999179840087891, 0.012805570848286152, 7.473426649085013e-06, 1.0, 0.9997934699058533, 0.020321767777204514, 2.581137596280314e-05, 1.0, 0.9998113512992859, 0.019425999373197556, -8.035843165998813e-06, 1.0, 0.9996289610862732, 0.027237992733716965, -1.643518771743402e-05, 1.0, 0.9999490976333618, 0.01009606383740902, -1.9059207261307165e-05, 1.0, 0.9998589158058167, -0.01679445616900921, -0.00024091977684292942, 1.0, 0.9997327327728271, -0.023118881508708, -7.373224798357114e-05, 1.0, 0.9994632005691528, -0.032765451818704605, 4.3534819837987015e-07, 1.0, 0.9993442893028259, -0.03620867803692818, 0.00011220027226954699, 1.0, 0.999699592590332, -0.024507135152816772, 2.566834882600233e-05, 1.0, 0.9999002814292908, -0.014120039530098438, 1.3145210004950059e-06, 1.0, 0.9999547600746155, -0.00951535627245903, -8.076217739017011e-08, 1.0, 0.9999181628227234, -0.01279197447001934, 1.2860856259067077e-05, 1.0, 0.9996331334114075, -0.027087191119790077, 2.550532599343569e-06, 1.0, 0.9994656443595886, -0.03268823027610779, -3.983940041507594e-05, 1.0, 0.9989083409309387, -0.04671325907111168, -2.142499215551652e-05, 1.0, 0.9995740056037903, -0.02918592281639576, 2.393726390437223e-05, 1.0, 0.9999955296516418, -0.0029674116522073746, 8.242085459642112e-05, 1.0, 0.9999006390571594, 0.014095837250351906, 0.00019262247951701283, 1.0, 0.9998843669891357, 0.015204640105366707, 7.062347140163183e-05, 1.0, 0.999893844127655, 0.014575456269085407, 5.340700226952322e-05, 1.0, 0.9999591112136841, 0.00903898011893034, 7.370201728917891e-07, 1.0, 0.9999995231628418, -0.0009972958359867334, -1.59087467181962e-05, 1.0, 0.999999463558197, -0.0010225166333839297, -8.327237446792424e-05, 1.0, 0.9999716281890869, 0.007532468531280756, -0.00012044826144119725, 1.0, 0.9997685551643372, 0.0215145330876112, -4.123078724660445e-06, 1.0, 0.9994918704032898, 0.03187275677919388, -5.553271694225259e-05, 1.0, 0.9993483424186707, 0.03609596565365791, 4.522851304500364e-05, 1.0, 0.9996335506439209, 0.027069004252552986, 3.3197113225469366e-05, 1.0, 0.9998627305030823, 0.01656414568424225, 2.3143307771533728e-05, 1.0, 0.9999862313270569, 0.005242547485977411, 2.0993282305425964e-05, 1.0, 0.9999973773956299, 0.0022781798616051674, 1.248344597115647e-05, 1.0, 0.9999878406524658, 0.004933292977511883, -1.2210617569508031e-05, 1.0, 0.9998940229415894, 0.014560987241566181, -7.33800061425427e-06, 1.0, 0.9999242424964905, 0.0123038524761796, -5.6535671319579706e-05, 1.0, 0.9998799562454224, 0.015494192950427532, -1.4565282071998809e-05, 1.0, 0.9999969601631165, 0.0024587910156697035, -9.023636084748432e-05, 1.0, 0.9996161460876465, -0.0277014821767807, 4.497775807976723e-05, 1.0, 0.9998431205749512, -0.01770891435444355, 0.0002456385991536081, 1.0, 0.9996147155761719, -0.02775678038597107, 6.169936386868358e-05, 1.0, 0.999370813369751, -0.03546806052327156, 1.6139334775289171e-06, 1.0, 0.9999099373817444, -0.013423514552414417, -3.0446567507169675e-06, 1.0, 0.9999537467956543, -0.009615793824195862, -6.981438218645053e-06, 1.0]
            u0 (float, 194):  [0.5, 0.5, 0.6664727926254272, 0.5, 0.6543553471565247, 0.46929681301116943, 0.6496190428733826, 0.4380257725715637, 0.6348855495452881, 0.4098723530769348, 0.6083146929740906, 0.3916853070259094, 0.5837796330451965, 0.3746148943901062, 0.5612013339996338, 0.3522469401359558, 0.5295684337615967, 0.35134953260421753, 0.5, 0.3439091444015503, 0.4678259789943695, 0.3382503390312195, 0.43700525164604187, 0.34791719913482666, 0.41582751274108887, 0.37402695417404175, 0.3933171331882477, 0.39331716299057007, 0.3725256621837616, 0.41482436656951904, 0.3486253023147583, 0.4372985363006592, 0.35300779342651367, 0.47076141834259033, 0.34664100408554077, 0.5, 0.3516000509262085, 0.5295185744762421, 0.3598824143409729, 0.558038592338562, 0.3681729733943939, 0.5880840122699738, 0.3920723795890808, 0.6079276204109192, 0.41301754117012024, 0.6301784217357635, 0.43793031573295593, 0.6498494446277618, 0.4683917462825775, 0.6589054763317108, 0.5, 0.6566615700721741, 0.5318225622177124, 0.6599827110767365, 0.5610000491142273, 0.6472671627998352, 0.591017484664917, 0.6362172663211823, 0.6087327003479004, 0.6087327003479004, 0.6295952796936035, 0.5865927934646606, 0.647392988204956, 0.5610521733760834, 0.6627083420753479, 0.532364696264267, 0.82451331615448, 0.5, 0.8084754347801208, 0.43864041566848755, 0.776194155216217, 0.3855966329574585, 0.7503255605697632, 0.3327378034591675, 0.7096593379974365, 0.2903406620025635, 0.6945167779922485, 0.20888501405715942, 0.6313286423683167, 0.182944655418396, 0.5670590400695801, 0.16287147998809814, 0.5, 0.18173307180404663, 0.43546825647354126, 0.1755770444869995, 0.38438424468040466, 0.22087889909744263, 0.3249971866607666, 0.23808979988098145, 0.2937968075275421, 0.2937968373298645, 0.24164384603500366, 0.3273719549179077, 0.22369366884231567, 0.3855501413345337, 0.21709749102592468, 0.44372719526290894, 0.1545354276895523, 0.5, 0.2173222452402115, 0.5562281012535095, 0.18767951428890228, 0.6293673813343048, 0.2254769504070282, 0.6834304332733154, 0.29652684926986694, 0.7034731507301331, 0.32485872507095337, 0.7621174454689026, 0.36576154828071594, 0.824080303311348, 0.43168801069259644, 0.8434274941682816, 0.5, 0.8206836134195328, 0.5653927326202393, 0.8287513256072998, 0.6265912652015686, 0.8056183755397797, 0.6676657199859619, 0.7509294897317886, 0.7261000275611877, 0.7261000573635101, 0.7685848474502563, 0.6794626712799072, 0.7853931784629822, 0.6182137429714203, 0.8319717645645142, 0.566033273935318, 0.9565536975860596, 0.5, 0.9937371015548706, 0.4017896056175232, 0.8679818511009216, 0.34757691621780396, 0.8796963691711426, 0.24629497528076172, 0.7794433832168579, 0.2205566167831421, 0.7709259390830994, 0.09453064203262329, 0.6998813152313232, 0.01744389533996582, 0.5920410752296448, 0.03727823495864868, 0.5, 0.024846792221069336, 0.4055924415588379, 0.02538120746612549, 0.3379225432872772, 0.1087104082107544, 0.2512945234775543, 0.12778592109680176, 0.16259129345417023, 0.16259127855300903, 0.09460128843784332, 0.22912126779556274, 0.08729630708694458, 0.32905250787734985, 0.047226324677467346, 0.4099377393722534, 0.06085570156574249, 0.5, 0.03564680740237236, 0.5923655927181244, 0.045334797352552414, 0.6883285045623779, 0.13525043427944183, 0.7437178790569305, 0.15103492140769958, 0.8489650785923004, 0.21183696389198303, 0.9312664568424225, 0.31986743211746216, 0.9348784983158112, 0.39487600326538086, 1.0284940637648106, 0.5, 0.9358767345547676, 0.6033031344413757, 1.0193398911505938, 0.6593079566955566, 0.8846034482121468, 0.7467593550682068, 0.8693014830350876, 0.8632757663726807, 0.8632757514715195, 0.8270777463912964, 0.7185463905334473, 0.9459467530250549, 0.6847171783447266, 1.0120768547058105, 0.6018584370613098]
            tri (int, 480):  [0, 2, 1, 0, 3, 2, 0, 4, 3, 0, 5, 4, 0, 6, 5, 0, 7, 6, 0, 8, 7, 0, 9, 8, 0, 10, 9, 0, 11, 10, 0, 12, 11, 0, 13, 12, 0, 14, 13, 0, 15, 14, 0, 16, 15, 0, 17, 16, 0, 18, 17, 0, 19, 18, 0, 20, 19, 0, 21, 20, 0, 22, 21, 0, 23, 22, 0, 24, 23, 0, 25, 24, 0, 26, 25, 0, 27, 26, 0, 28, 27, 0, 29, 28, 0, 30, 29, 0, 31, 30, 0, 32, 31, 0, 1, 32, 1, 34, 33, 1, 2, 34, 2, 35, 34, 2, 3, 35, 3, 36, 35, 3, 4, 36, 4, 37, 36, 4, 5, 37, 5, 38, 37, 5, 6, 38, 6, 39, 38, 6, 7, 39, 7, 40, 39, 7, 8, 40, 8, 41, 40, 8, 9, 41, 9, 42, 41, 9, 10, 42, 10, 43, 42, 10, 11, 43, 11, 44, 43, 11, 12, 44, 12, 45, 44, 12, 13, 45, 13, 46, 45, 13, 14, 46, 14, 47, 46, 14, 15, 47, 15, 48, 47, 15, 16, 48, 16, 49, 48, 16, 17, 49, 17, 50, 49, 17, 18, 50, 18, 51, 50, 18, 19, 51, 19, 52, 51, 19, 20, 52, 20, 53, 52, 20, 21, 53, 21, 54, 53, 21, 22, 54, 22, 55, 54, 22, 23, 55, 23, 56, 55, 23, 24, 56, 24, 57, 56, 24, 25, 57, 25, 58, 57, 25, 26, 58, 26, 59, 58, 26, 27, 59, 27, 60, 59, 27, 28, 60, 28, 61, 60, 28, 29, 61, 29, 62, 61, 29, 30, 62, 30, 63, 62, 30, 31, 63, 31, 64, 63, 31, 32, 64, 32, 33, 64, 33, 32, 1, 33, 66, 65, 33, 34, 66, 34, 67, 66, 34, 35, 67, 35, 68, 67, 35, 36, 68, 36, 69, 68, 36, 37, 69, 37, 70, 69, 37, 38, 70, 38, 71, 70, 38, 39, 71, 39, 72, 71, 39, 40, 72, 40, 73, 72, 40, 41, 73, 41, 74, 73, 41, 42, 74, 42, 75, 74, 42, 43, 75, 43, 76, 75, 43, 44, 76, 44, 77, 76, 44, 45, 77, 45, 78, 77, 45, 46, 78, 46, 79, 78, 46, 47, 79, 47, 80, 79, 47, 48, 80, 48, 81, 80, 48, 49, 81, 49, 82, 81, 49, 50, 82, 50, 83, 82, 50, 51, 83, 51, 84, 83, 51, 52, 84, 52, 85, 84, 52, 53, 85, 53, 86, 85, 53, 54, 86, 54, 87, 86, 54, 55, 87, 55, 88, 87, 55, 56, 88, 56, 89, 88, 56, 57, 89, 57, 90, 89, 57, 58, 90, 58, 91, 90, 58, 59, 91, 59, 92, 91, 59, 60, 92, 60, 93, 92, 60, 61, 93, 61, 94, 93, 61, 62, 94, 62, 95, 94, 62, 63, 95, 63, 96, 95, 63, 64, 96, 64, 65, 96, 65, 64, 33]
            boundingsphere (float, 4):  [0.4925084114074707, 0.18909722566604614, -0.47407960891723633, 11.04876986092153]
            aabb:
                min (float, 3):  [-9.584249496459961, 0.06139446049928665, -10.908117294311523]
                max (float, 3):  [10.569266319274902, 0.31679999828338623, 9.95995807647705]
            material:
                shader (str, 1):  ['PdxMeshAdvanced']
                diff (str, 1):  ['air_winter_mountain_highland_phase_1_diff.dds']
                spec (str, 1):  ['air_winter_mountain_highland_spec.dds']
                n (str, 1):  ['air_winter_mountain_highland_n.dds']
locator:
