pdxasset (int, 2):  [1, 0]
object:
    air_winter_equatorial_rainforest_phase_3:
        mesh:
            p (float, 291):  [0.0, 0.37439998984336853, 0.0, 3.227194309234619, 0.3138524889945984, 0.0, 3.091947317123413, 0.272330105304718, 0.615026593208313, 3.149035930633545, 0.22656406462192535, 1.3043733835220337, 2.7513935565948486, 0.19198034703731537, 1.838422417640686, 2.314768075942993, 0.18023574352264404, 2.314768075942993, 1.8526227474212646, 0.19528889656066895, 2.7726457118988037, 1.2975091934204102, 0.23206600546836853, 3.1324641704559326, 0.6498051881790161, 0.2781709134578705, 3.266791343688965, 1.9184901855593837e-16, 0.31806349754333496, 3.133132219314575, -0.6712188720703125, 0.3382975161075592, 3.3744451999664307, -1.197192668914795, 0.3320528566837311, 2.8902788162231445, -1.7416939735412598, 0.30143439769744873, 2.6066293716430664, -2.2250590324401855, 0.25676238536834717, 2.2250590324401855, -2.6871087551116943, 0.21309399604797363, 1.7954686880111694, -3.0718767642974854, 0.18514814972877502, 1.2724130153656006, -3.0743327140808105, 0.18234430253505707, 0.6115227937698364, -3.143303632736206, 0.20562750101089478, 3.84943678470153e-16, -3.1887595653533936, 0.24714989960193634, -0.634283721446991, -3.1354005336761475, 0.292915940284729, -1.2987254858016968, -2.582659959793091, 0.327499657869339, -1.7256782054901123, -2.410191059112549, 0.3392442464828491, -2.410191059112549, -1.7630060911178589, 0.3241910934448242, -2.6385250091552734, -1.301155686378479, 0.28741398453712463, -3.141267776489258, -0.6171179413795471, 0.24130907654762268, -3.102461338043213, -6.272750665890596e-16, 0.2014165073633194, -3.414726495742798, 0.6709405183792114, 0.18118248879909515, -3.3730456829071045, 1.314464807510376, 0.18742713332176208, -3.173398733139038, 1.8428388833999634, 0.21804560720920563, -2.7580032348632812, 2.4227635860443115, 0.2627176344394684, -2.4227635860443115, 2.798654556274414, 0.30638599395751953, -1.8700013160705566, 2.85799241065979, 0.33433184027671814, -1.18381929397583, 3.2004592418670654, 0.3371357023715973, -0.6366109251976013, 6.352810859680176, 0.23429250717163086, 0.0, 6.240670204162598, 0.1927701085805893, 1.2413464784622192, 6.0327301025390625, 0.14700406789779663, 2.498838424682617, 5.416962146759033, 0.11242034286260605, 3.6194982528686523, 4.4965739250183105, 0.10067573934793472, 4.4965739250183105, 3.338460683822632, 0.11572889983654022, 4.996359348297119, 2.4588255882263184, 0.1525060087442398, 5.936130046844482, 1.2206288576126099, 0.19861091673374176, 6.1365156173706055, 4.307233211099654e-16, 0.23850350081920624, 7.034245491027832, -1.1392580270767212, 0.2587375044822693, 5.7274370193481445, -2.2963831424713135, 0.25249287486076355, 5.543959617614746, -3.6699435710906982, 0.22187440097332, 5.492458343505859, -4.194838047027588, 0.17720237374305725, 4.194838047027588, -5.172063827514648, 0.1335339993238449, 3.455862522125244, -6.306148529052734, 0.1055881530046463, 2.6120922565460205, -7.072699069976807, 0.10278429836034775, 1.4068472385406494, -6.334728240966797, 0.12606750428676605, 7.757804298521502e-16, -5.733005046844482, 0.16758990287780762, -1.1403656005859375, -5.984131813049316, 0.2133559286594391, -2.478708505630493, -5.259096622467041, 0.24793966114521027, -3.5140159130096436, -4.440711498260498, 0.2596842646598816, -4.440711498260498, -3.725148916244507, 0.2446310967206955, -5.575079441070557, -2.436981439590454, 0.2078540027141571, -5.88339376449585, -1.2306333780288696, 0.16174907982349396, -6.186811923980713, -1.2485368345273242e-15, 0.12185650318861008, -6.796718120574951, 1.278982162475586, 0.10162248462438583, -6.429877758026123, 2.5373098850250244, 0.10786712914705276, -6.125607490539551, 3.4956371784210205, 0.1384856104850769, -5.231590747833252, 4.591290473937988, 0.18315762281417847, -4.591290473937988, 5.582735538482666, 0.226826012134552, -3.730264663696289, 6.641518592834473, 0.2547718584537506, -2.751007080078125, 6.824351787567139, 0.2575756907463074, -1.3574479818344116, 10.951926231384277, 0.1197185292840004, 0.0, 10.416023254394531, 0.10506356507539749, 2.071875810623169, 7.506674766540527, 0.08891084790229797, 3.1093664169311523, 7.5138373374938965, 0.07670482993125916, 5.020585536956787, 6.207813739776611, 0.0725596696138382, 6.207813739776611, 5.245141506195068, 0.07787255197763443, 7.849908828735352, 4.000766277313232, 0.09085270762443542, 9.658703804016113, 2.001242160797119, 0.10712502896785736, 10.06092357635498, 5.065347551226954e-16, 0.12120476365089417, 8.272339820861816, -1.596469759941101, 0.12834617495536804, 8.025995254516602, -3.4437999725341797, 0.12614218890666962, 8.314068794250488, -4.509178638458252, 0.11533566564321518, 6.748463153839111, -6.920752048492432, 0.09956907480955124, 6.920752048492432, -7.192285537719727, 0.08415670692920685, 4.805731296539307, -10.295269012451172, 0.07429346442222595, 4.264440059661865, -9.920392990112305, 0.07330387085676193, 1.973288893699646, -10.38486385345459, 0.08152146637439728, 1.2717789950835085e-15, -9.217551231384277, 0.09617643803358078, -1.8334850072860718, -8.788311958312988, 0.1123291552066803, -3.640237808227539, -7.023923397064209, 0.12453517317771912, -4.693235397338867, -6.52985143661499, 0.12868033349514008, -6.52985143661499, -6.163559913635254, 0.12336744368076324, -9.224419593811035, -4.23337459564209, 0.11038729548454285, -10.220270156860352, -2.0167720317840576, 0.09411496669054031, -10.138998031616211, -1.867599016720247e-15, 0.08003523200750351, -10.166735649108887, 1.6475657224655151, 0.07289382070302963, -8.282872200012207, 4.270967483520508, 0.07509780675172806, -10.311027526855469, 6.026752948760986, 0.0859043300151825, -9.019673347473145, 6.340971946716309, 0.10167092829942703, -6.340971946716309, 8.28438663482666, 0.11708329617977142, -5.535450458526611, 8.231746673583984, 0.12694653868675232, -3.409701108932495, 10.61941909790039, 0.12793612480163574, -2.1123337745666504]
            n (float, 291):  [-0.0006704848492518067, 0.9999996423721313, 0.0004999438533559442, 0.02130454033613205, 0.9987545609474182, 0.0451165996491909, 0.01818302646279335, 0.998113214969635, 0.0586465522646904, 0.011970730498433113, 0.9983709454536438, 0.05578695982694626, 0.014869604259729385, 0.99864262342453, 0.049917079508304596, 0.03128959983587265, 0.999065101146698, 0.02983139082789421, 0.05250648781657219, 0.9985249042510986, 0.013827661983668804, 0.06228222697973251, 0.9980010986328125, 0.010710296221077442, 0.05779563635587692, 0.9981980323791504, 0.016138965263962746, 0.039774056524038315, 0.9990125894546509, 0.019796598702669144, -0.0006222015363164246, 0.9997653961181641, 0.02165181376039982, -0.030356375500559807, 0.9995048642158508, 0.008278236724436283, -0.05502874776721001, 0.9984490871429443, -0.008435837924480438, -0.06447486579418182, 0.9977432489395142, -0.01874615252017975, -0.05366327613592148, 0.998485803604126, -0.012102115899324417, -0.040767036378383636, 0.9991662502288818, -0.002196150366216898, -0.04022642970085144, 0.9990813136100769, 0.014777769334614277, -0.03925761207938194, 0.9983679056167603, 0.041476547718048096, -0.04472452774643898, 0.9975360035896301, 0.05405283346772194, -0.04279543459415436, 0.9983581900596619, 0.038070812821388245, -0.032658178359270096, 0.9993578791618347, 0.014740248210728168, -0.013754231855273247, 0.9998144507408142, -0.013486845418810844, 0.017438581213355064, 0.9992510080337524, -0.034546054899692535, 0.03996911272406578, 0.9982501864433289, -0.0435769185423851, 0.04695603996515274, 0.9978654980659485, -0.04538442939519882, 0.030986016616225243, 0.9988821148872375, -0.035698022693395615, 0.016378603875637054, 0.9991574287414551, -0.03763242065906525, -0.0029822485521435738, 0.9990620613098145, -0.04319864511489868, -0.018458256497979164, 0.9981722235679626, -0.05754615738987923, -0.020336003974080086, 0.9979581832885742, -0.06054703891277313, -0.006234245840460062, 0.9988090991973877, -0.048390377312898636, 0.007037166506052017, 0.9996785521507263, -0.02435578778386116, 0.019218221306800842, 0.9997490048408508, 0.011511310003697872, 0.02441464364528656, 0.9993194341659546, 0.027650393545627594, 0.01689138263463974, 0.9990504384040833, 0.04016072675585747, 0.011878358200192451, 0.9991775751113892, 0.03876962140202522, 0.009064603596925735, 0.999639093875885, 0.025290537625551224, 0.013215236365795135, 0.9998120665550232, 0.014185725711286068, 0.0313834473490715, 0.9994896054267883, 0.005963468458503485, 0.03510785475373268, 0.9993545413017273, 0.007609168533235788, 0.035541705787181854, 0.9991733431816101, 0.019731901586055756, -0.00028731784550473094, 0.9989738464355469, 0.04528893157839775, -0.006337391212582588, 0.9992648363113403, 0.03781263902783394, -0.022478895261883736, 0.999285876750946, 0.03037092462182045, -0.038860585540533066, 0.9990670084953308, 0.018839865922927856, -0.04497642442584038, 0.9989639520645142, -0.006940677762031555, -0.030855407938361168, 0.9995067119598389, -0.005849253851920366, -0.016351735219359398, 0.9998636841773987, 0.002274555154144764, -0.013128364458680153, 0.9998935461044312, 0.006368884816765785, -0.019043168053030968, 0.9996870160102844, 0.016226397827267647, -0.03267708420753479, 0.9989608526229858, 0.031773123890161514, -0.036944467574357986, 0.9992582201957703, 0.010866045020520687, -0.03926703333854675, 0.9991998076438904, -0.007600416429340839, -0.02972707711160183, 0.9994146227836609, -0.0169344712048769, -0.006838261149823666, 0.9996170997619629, -0.02681080624461174, 0.021480238065123558, 0.9992001056671143, -0.03373105451464653, 0.026097605004906654, 0.9992782473564148, -0.02760230004787445, 0.020278291776776314, 0.9996266961097717, -0.018307508900761604, 0.009191007353365421, 0.9997867941856384, -0.018489619717001915, -0.005528503563255072, 0.9997793436050415, -0.020265651866793633, -0.008566278032958508, 0.9994779229164124, -0.031152190640568733, -0.00445042597129941, 0.9991273283958435, -0.04152974858880043, 0.009765028953552246, 0.9991416931152344, -0.040254537016153336, 0.028883609920740128, 0.9992069005966187, -0.02741069719195366, 0.028479449450969696, 0.9995903968811035, -0.0028092788998037577, 0.025685027241706848, 0.9995502233505249, 0.015480120666325092, 0.019305255264043808, 0.9994414448738098, 0.02727970853447914, 0.014827057719230652, 0.9993224740028381, 0.03368467092514038, 0.009902123361825943, 0.9998265504837036, 0.015777068212628365, 0.009739520959556103, 0.9999168515205383, 0.008450716733932495, 0.021173302084207535, 0.9997727870941162, 0.0024627980310469866, 0.023374710232019424, 0.9996907114982605, 0.00849484745413065, 0.017109381034970284, 0.9996325373649597, 0.02102656289935112, -0.006964501459151506, 0.9987372756004333, 0.04975299537181854, -0.012838508002460003, 0.9982709884643555, 0.057359419763088226, -0.021019795909523964, 0.9988170862197876, 0.043848756700754166, -0.034635912626981735, 0.9989959597587585, 0.028414331376552582, -0.03066842257976532, 0.9995149374008179, 0.005418548360466957, -0.02067762054502964, 0.9997861981391907, -7.134324550861493e-05, -0.009555560536682606, 0.9999525547027588, 0.001891855732537806, -0.009423650801181793, 0.9999483227729797, 0.0038168756291270256, -0.012689851224422455, 0.9998805522918701, 0.008816083893179893, -0.023484960198402405, 0.9996393918991089, 0.01302281767129898, -0.034623418003320694, 0.9993987083435059, 0.0018314395565539598, -0.04383108392357826, 0.9988309144973755, -0.02038702555000782, -0.040663864463567734, 0.9990386962890625, -0.016372133046388626, -0.009565092623233795, 0.9996488690376282, -0.02470937930047512, 0.009234365075826645, 0.999580442905426, -0.027455007657408714, 0.015201020054519176, 0.9996576309204102, -0.021296009421348572, 0.015080365352332592, 0.999772846698761, -0.015057012438774109, 0.004830421879887581, 0.9999091625213623, -0.012579770758748055, -0.005565870087593794, 0.9998984932899475, -0.01311799418181181, -0.0017092789057642221, 0.9998805522918701, -0.015359696932137012, 0.00550955580547452, 0.9994603395462036, -0.032381754368543625, 0.023182736709713936, 0.9990870356559753, -0.03588459640741348, 0.039214931428432465, 0.9987230896949768, -0.03185197338461876, 0.03246844559907913, 0.9994618892669678, -0.004667677916586399]
            ta (float, 388):  [0.9999997615814209, 0.0006704845582135022, 2.771344487229044e-09, 1.0, 0.9997726082801819, -0.021322015672922134, -9.381464042235166e-05, 1.0, 0.9998342394828796, -0.018206743523478508, -0.00012993749987799674, 1.0, 0.9999282360076904, -0.011981556192040443, -0.00014042369730304927, 1.0, 0.9998893737792969, -0.014878101646900177, -0.00020137820683885366, 1.0, 0.999509871006012, -0.03130451217293739, 3.291268876637332e-05, 1.0, 0.998620331287384, -0.05251266434788704, 8.371261355932802e-05, 1.0, 0.9980582594871521, -0.06228642910718918, 5.87362410442438e-05, 1.0, 0.998327910900116, -0.05780525505542755, 0.00012997955491300672, 1.0, 0.9992083311080933, -0.03978388011455536, 0.0001023620498017408, 1.0, 0.9999998211860657, 0.0006173692527227104, 0.00022987800184637308, 1.0, 0.9995390176773071, 0.03035801649093628, -7.274394738487899e-05, 1.0, 0.9984846115112305, 0.05503111705183983, 4.9188682169187814e-05, 1.0, 0.9979184865951538, 0.06448868662118912, 0.00013307093468029052, 1.0, 0.9985588192939758, 0.05366826057434082, 8.733737195143476e-05, 1.0, 0.9991686940193176, 0.040767163038253784, 1.0065945389214903e-05, 1.0, 0.9991903901100159, 0.040231186896562576, -2.435936221445445e-05, 1.0, 0.9992275834083557, 0.03929700329899788, -0.0001344650809187442, 1.0, 0.9989959597587585, 0.0448012612760067, -0.0002080132398987189, 1.0, 0.9990823268890381, 0.042828913778066635, -6.395559466909617e-05, 1.0, 0.9994663596153259, 0.032662276178598404, -3.736678627319634e-05, 1.0, 0.9999053478240967, 0.013754949904978275, -3.93493719457183e-05, 1.0, 0.9998477101325989, -0.01745232567191124, -9.633536683395505e-05, 1.0, 0.9991985559463501, -0.04002401605248451, -0.00038796113221906126, 1.0, 0.998893678188324, -0.047023266553878784, -0.0004143287369515747, 1.0, 0.9995189905166626, -0.031011998653411865, -0.00017419828509446234, 1.0, 0.9998656511306763, -0.01639176532626152, -4.118857759749517e-05, 1.0, 0.9999955296516418, 0.002989573171362281, 0.00010496464528841898, 1.0, 0.9998285174369812, 0.01851307787001133, 0.0004196775262244046, 1.0, 0.9997917413711548, 0.020402390509843826, 0.0004783643234986812, 1.0, 0.9999804496765137, 0.006249949801713228, 0.0001732547243591398, 1.0, 0.9999752640724182, -0.007038954179733992, 1.2312809303693939e-05, 1.0, 0.9998152852058411, -0.019219448789954185, -3.982011094194604e-06, 1.0, 0.9997016787528992, -0.02442338317632675, -2.169523577322252e-05, 1.0, 0.9998571872711182, -0.016904275864362717, -1.8601143892738037e-05, 1.0, 0.9999291896820068, -0.011895930394530296, 0.00022262241691350937, 1.0, 0.999958872795105, -0.009068443439900875, 3.721637767739594e-05, 1.0, 0.999912679195404, -0.013216209597885609, -2.5114008167292923e-05, 1.0, 0.999507486820221, -0.031384002417325974, -1.8099957515005372e-06, 1.0, 0.9993835091590881, -0.035108912736177444, 5.560095814871602e-06, 1.0, 0.9993677735328674, -0.03555089235305786, 0.00011494592035887763, 1.0, 0.9999988079071045, 0.0002211929822806269, 0.0014650148805230856, 1.0, 0.9999799132347107, 0.0063498783856630325, -0.00021019343694206327, 1.0, 0.999747097492218, 0.0224872138351202, 6.769334140699357e-05, 1.0, 0.9992440342903137, 0.038874704390764236, -0.0003836318792309612, 1.0, 0.9989880323410034, 0.04497760161757469, 1.3359102922549937e-05, 1.0, 0.9995238780975342, 0.03085593320429325, -7.752857982268324e-07, 1.0, 0.9998663067817688, 0.01635178178548813, -1.6821351209728164e-06, 1.0, 0.99991375207901, 0.013128617778420448, 2.0636907720472664e-06, 1.0, 0.9998186230659485, 0.019045768305659294, -5.6916355788416695e-06, 1.0, 0.9994654059410095, 0.03269356116652489, 9.380576670992014e-07, 1.0, 0.9993173480033875, 0.03694676607847214, -1.067910579877207e-05, 1.0, 0.9992286562919617, 0.03926844149827957, 3.609101986512542e-05, 1.0, 0.9995579123497009, 0.0297310221940279, -1.8918146452051587e-05, 1.0, 0.999976634979248, 0.006839036010205746, -6.277498323470354e-05, 1.0, 0.9997689127922058, -0.021494967862963676, -7.408497913274914e-05, 1.0, 0.9996590614318848, -0.02610904537141323, -5.412540849647485e-05, 1.0, 0.9997943043708801, -0.020281467586755753, 1.2317303117015399e-05, 1.0, 0.9999577403068542, -0.009193097241222858, -2.802465678541921e-05, 1.0, 0.9999848008155823, 0.00552933057770133, -1.526208325230982e-05, 1.0, 0.9999632835388184, 0.008570896461606026, 1.4648727301391773e-05, 1.0, 0.9999900460243225, 0.004458657465875149, 0.00010558858048170805, 1.0, 0.9999521970748901, -0.00977484229952097, -4.695082679972984e-05, 1.0, 0.9995821714401245, -0.02890445664525032, -0.00036443781573325396, 1.0, 0.9995943903923035, -0.028479577973484993, -5.360042905522278e-06, 1.0, 0.9996699690818787, -0.0256887786090374, 4.353314216132276e-05, 1.0, 0.9998134970664978, -0.01931309886276722, 2.4102248062263243e-05, 1.0, 0.9998898506164551, -0.014835521578788757, 1.341237293672748e-06, 1.0, 0.9999509453773499, -0.009903458878397942, 6.57122927805176e-06, 1.0, 0.9999525547027588, -0.009739892557263374, 2.8120177830714965e-06, 1.0, 0.999775767326355, -0.02117335796356201, -3.09129131892405e-06, 1.0, 0.9997268319129944, -0.02337496355175972, -6.957622099434957e-05, 1.0, 0.9998536705970764, -0.017108533531427383, -0.00022020739561412483, 1.0, 0.9999757409095764, 0.006949977949261665, 0.00046490185195580125, 1.0, 0.9999174475669861, 0.012851759791374207, 0.0001378659944748506, 1.0, 0.999778687953949, 0.02103872410953045, 2.9766650186502375e-05, 1.0, 0.9993995428085327, 0.03464947268366814, 1.5109490959730465e-05, 1.0, 0.9995296001434326, 0.030668554827570915, 5.84796944167465e-05, 1.0, 0.9997861981391907, 0.02067762240767479, -2.6173145784014196e-07, 1.0, 0.9999542832374573, 0.009555567987263203, 4.453904693946242e-06, 1.0, 0.9999555349349976, 0.009423712268471718, 1.8985873566634837e-06, 1.0, 0.9999194145202637, 0.01269015297293663, 2.1652516807080247e-05, 1.0, 0.9997242093086243, 0.023486822843551636, 1.0096443475049455e-05, 1.0, 0.9994003772735596, 0.034623462706804276, 6.028300504112849e-06, 1.0, 0.9990385174751282, 0.04383957013487816, -3.09158131130971e-05, 1.0, 0.9991726279258728, 0.04066956415772438, 1.5192565115285106e-05, 1.0, 0.999954104423523, 0.009573209099471569, 0.0002101999707520008, 1.0, 0.9999573230743408, -0.009232640266418457, 0.0001896223984658718, 1.0, 0.9998844861984253, -0.015202784910798073, 7.914108573459089e-05, 1.0, 0.9998863339424133, -0.015081035904586315, 6.908259092597291e-05, 1.0, 0.999988317489624, -0.0048307990655303, 4.273292120160477e-07, 1.0, 0.9999845623970032, 0.0055659180507063866, -3.2841082429513335e-05, 1.0, 0.9999985694885254, 0.0017087309388443828, -4.880447522737086e-05, 1.0, 0.9999848008155823, -0.005514063406735659, -4.987891952623613e-05, 1.0, 0.9997308254241943, -0.023198982700705528, -3.640247814473696e-05, 1.0, 0.9992300271987915, -0.03923465311527252, 5.695999789168127e-06, 1.0, 0.9994727373123169, -0.0324687659740448, 6.698384822811931e-06, 1.0]
            u0 (float, 194):  [0.5, 0.5, 0.6563563346862793, 0.5, 0.649803638458252, 0.4702022075653076, 0.652569591999054, 0.4368036389350891, 0.6333039402961731, 0.4109291434288025, 0.6121495962142944, 0.38785040378570557, 0.5897588729858398, 0.36566638946533203, 0.562863826751709, 0.34823334217071533, 0.5314828157424927, 0.34172523021698, 0.5, 0.3482009768486023, 0.4674797058105469, 0.3365094065666199, 0.4419964849948883, 0.35996711254119873, 0.41561558842658997, 0.3737097978591919, 0.39219674468040466, 0.39219677448272705, 0.3698106110095978, 0.41301023960113525, 0.35116875171661377, 0.438352108001709, 0.3510497808456421, 0.47037196159362793, 0.34770816564559937, 0.5, 0.34550583362579346, 0.530730813741684, 0.3480910658836365, 0.5629227459430695, 0.3748711347579956, 0.5836084485054016, 0.3832271695137024, 0.6167728304862976, 0.4145830273628235, 0.6278355121612549, 0.43695950508117676, 0.6521931886672974, 0.47010087966918945, 0.6503130495548248, 0.5, 0.665442168712616, 0.5325068235397339, 0.6634227633476257, 0.5636852979660034, 0.653749942779541, 0.5892848372459412, 0.6336241960525513, 0.6173819899559021, 0.6173819601535797, 0.6355937123298645, 0.590600848197937, 0.6384686231613159, 0.5573555827140808, 0.6550610065460205, 0.5308435559272766, 0.8077912330627441, 0.5, 0.8023580312728882, 0.43985724449157715, 0.7922834157943726, 0.37893223762512207, 0.7624497413635254, 0.32463669776916504, 0.717857301235199, 0.282142698764801, 0.6617471575737, 0.2579283118247986, 0.6191291213035583, 0.2123968005180359, 0.5591390132904053, 0.20268821716308594, 0.5, 0.1591935157775879, 0.444803386926651, 0.22250789403915405, 0.388741135597229, 0.2313973307609558, 0.3221926689147949, 0.2338925004005432, 0.29676172137260437, 0.296761691570282, 0.24941551685333252, 0.3325647711753845, 0.19446954131126404, 0.37344515323638916, 0.1573304831981659, 0.4318388104438782, 0.19308488070964813, 0.5, 0.22223812341690063, 0.5552502870559692, 0.2100711315870285, 0.6200924813747406, 0.2451988160610199, 0.6702527105808258, 0.28484925627708435, 0.7151507437229156, 0.31951797008514404, 0.7701104432344437, 0.3819291889667511, 0.7850481420755386, 0.44037628173828125, 0.7997486442327499, 0.5, 0.829298347234726, 0.5619661808013916, 0.8115250915288925, 0.6229316592216492, 0.7967833131551743, 0.6693622469902039, 0.7534685432910919, 0.7224462032318115, 0.7224462330341339, 0.7704814076423645, 0.680729866027832, 0.8217790126800537, 0.6332852244377136, 0.8306372165679932, 0.5657678246498108, 1.0306165218353271, 0.5, 1.0046522617340088, 0.3996184468269348, 0.863695502281189, 0.3493524193763733, 0.8640425205230713, 0.2567545771598816, 0.8007661700248718, 0.19923382997512817, 0.7541250586509705, 0.11967498064041138, 0.6938355565071106, 0.032039523124694824, 0.5969594120979309, 0.012552142143249512, 0.5, 0.09920835494995117, 0.42265164852142334, 0.11114364862442017, 0.3331492245197296, 0.09718656539916992, 0.28153204917907715, 0.17303961515426636, 0.1646922528743744, 0.164692223072052, 0.15153656899929047, 0.2671641707420349, 0.0011982083087787032, 0.29338955879211426, 0.01936080865561962, 0.4043949246406555, -0.0031426080968230963, 0.5, 0.05341320484876633, 0.5888316333293915, 0.07420970499515533, 0.6763681173324585, 0.1596936285495758, 0.7273854315280914, 0.18363124132156372, 0.8163687586784363, 0.20137789845466614, 0.9469195529818535, 0.29489463567733765, 0.9951681336387992, 0.40228816866874695, 0.9912305166944861, 0.5, 0.9925744216889143, 0.579823911190033, 0.9013019576668739, 0.706926703453064, 0.9995653000369202, 0.7919938564300537, 0.9369996637105942, 0.8072176575660706, 0.8072176277637482, 0.9013753533363342, 0.7681904137134552, 0.89882493019104, 0.6651986837387085, 1.0145068168640137, 0.6023417711257935]
            tri (int, 480):  [0, 2, 1, 0, 3, 2, 0, 4, 3, 0, 5, 4, 0, 6, 5, 0, 7, 6, 0, 8, 7, 0, 9, 8, 0, 10, 9, 0, 11, 10, 0, 12, 11, 0, 13, 12, 0, 14, 13, 0, 15, 14, 0, 16, 15, 0, 17, 16, 0, 18, 17, 0, 19, 18, 0, 20, 19, 0, 21, 20, 0, 22, 21, 0, 23, 22, 0, 24, 23, 0, 25, 24, 0, 26, 25, 0, 27, 26, 0, 28, 27, 0, 29, 28, 0, 30, 29, 0, 31, 30, 0, 32, 31, 0, 1, 32, 1, 34, 33, 1, 2, 34, 2, 35, 34, 2, 3, 35, 3, 36, 35, 3, 4, 36, 4, 37, 36, 4, 5, 37, 5, 38, 37, 5, 6, 38, 6, 39, 38, 6, 7, 39, 7, 40, 39, 7, 8, 40, 8, 41, 40, 8, 9, 41, 9, 42, 41, 9, 10, 42, 10, 43, 42, 10, 11, 43, 11, 44, 43, 11, 12, 44, 12, 45, 44, 12, 13, 45, 13, 46, 45, 13, 14, 46, 14, 47, 46, 14, 15, 47, 15, 48, 47, 15, 16, 48, 16, 49, 48, 16, 17, 49, 17, 50, 49, 17, 18, 50, 18, 51, 50, 18, 19, 51, 19, 52, 51, 19, 20, 52, 20, 53, 52, 20, 21, 53, 21, 54, 53, 21, 22, 54, 22, 55, 54, 22, 23, 55, 23, 56, 55, 23, 24, 56, 24, 57, 56, 24, 25, 57, 25, 58, 57, 25, 26, 58, 26, 59, 58, 26, 27, 59, 27, 60, 59, 27, 28, 60, 28, 61, 60, 28, 29, 61, 29, 62, 61, 29, 30, 62, 30, 63, 62, 30, 31, 63, 31, 64, 63, 31, 32, 64, 32, 33, 64, 33, 32, 1, 33, 66, 65, 33, 34, 66, 34, 67, 66, 34, 35, 67, 35, 68, 67, 35, 36, 68, 36, 69, 68, 36, 37, 69, 37, 70, 69, 37, 38, 70, 38, 71, 70, 38, 39, 71, 39, 72, 71, 39, 40, 72, 40, 73, 72, 40, 41, 73, 41, 74, 73, 41, 42, 74, 42, 75, 74, 42, 43, 75, 43, 76, 75, 43, 44, 76, 44, 77, 76, 44, 45, 77, 45, 78, 77, 45, 46, 78, 46, 79, 78, 46, 47, 79, 47, 80, 79, 47, 48, 80, 48, 81, 80, 48, 49, 81, 49, 82, 81, 49, 50, 82, 50, 83, 82, 50, 51, 83, 51, 84, 83, 51, 52, 84, 52, 85, 84, 52, 53, 85, 53, 86, 85, 53, 54, 86, 54, 87, 86, 54, 55, 87, 55, 88, 87, 55, 56, 88, 56, 89, 88, 56, 57, 89, 57, 90, 89, 57, 58, 90, 58, 91, 90, 58, 59, 91, 59, 92, 91, 59, 60, 92, 60, 93, 92, 60, 61, 93, 61, 94, 93, 61, 62, 94, 62, 95, 94, 62, 63, 95, 63, 96, 95, 63, 64, 96, 64, 65, 96, 65, 64, 33]
            boundingsphere (float, 4):  [0.28353118896484375, 0.22347983717918396, -0.12505197525024414, 11.454296503205883]
            aabb:
                min (float, 3):  [-10.38486385345459, 0.0725596696138382, -10.311027526855469]
                max (float, 3):  [10.951926231384277, 0.37439998984336853, 10.06092357635498]
            material:
                shader (str, 1):  ['PdxMeshAdvanced']
                diff (str, 1):  ['air_winter_equatorial_rainforest_phase_3_diff.dds']
                spec (str, 1):  ['air_winter_equatorial_rainforest_spec.dds']
                n (str, 1):  ['air_winter_equatorial_rainforest_n.dds']
locator:
