pdxasset (int, 2):  [1, 0]
object:
    air_winter_mediterranean_phase_3:
        mesh:
            p (float, 291):  [0.0, 0.37439998984336853, 0.0, 3.3293468952178955, 0.26028215885162354, 0.0, 3.057469606399536, 0.30439093708992004, 0.6081685423851013, 3.054623603820801, 0.3334496319293976, 1.2652665376663208, 2.815990447998047, 0.3376636803150177, 1.881584644317627, 2.3929319381713867, 0.3156127333641052, 2.3929319381713867, 1.816376805305481, 0.27472928166389465, 2.718400001525879, 1.2670831680297852, 0.22879351675510406, 3.059009313583374, 0.6276149749755859, 0.19328859448432922, 3.15523362159729, 2.0047833875965897e-16, 0.1801818460226059, 3.274059772491455, -0.609307050704956, 0.1938910335302353, 3.0631933212280273, -1.274215817451477, 0.22979532182216644, 3.0762290954589844, -1.8334617614746094, 0.27579277753829956, 2.743969440460205, -2.252631664276123, 0.31637948751449585, 2.252631664276123, -2.6776671409606934, 0.33787524700164795, 1.789159893989563, -3.093869924545288, 0.3330346643924713, 1.2815228700637817, -3.1815199851989746, 0.3034893274307251, 0.6328436732292175, -3.429020643234253, 0.25919783115386963, 4.199338948371789e-16, -3.367231845855713, 0.21508905291557312, -0.6697840690612793, -3.1277809143066406, 0.18603037297725677, -1.2955693006515503, -2.5918259620666504, 0.18181630969047546, -1.7318027019500732, -2.200136423110962, 0.20386727154254913, -2.200136423110962, -1.7712100744247437, 0.2447507232427597, -2.650803327560425, -1.2299950122833252, 0.2906864881515503, -2.969470739364624, -0.6511307954788208, 0.32619139552116394, -3.2734556198120117, -6.211467302761156e-16, 0.33929815888404846, -3.3813652992248535, 0.641161322593689, 0.32558897137641907, -3.2233357429504395, 1.2682033777236938, 0.2896846830844879, -3.061713933944702, 1.827958583831787, 0.2436872124671936, -2.7357332706451416, 2.1897029876708984, 0.2031005173921585, -2.1897029876708984, 2.721876621246338, 0.1816047579050064, -1.818699836730957, 2.9204230308532715, 0.18644532561302185, -1.2096787691116333, 3.1720423698425293, 0.21599066257476807, -0.6309584379196167, 5.822535514831543, 0.180722177028656, 0.0, 6.621994495391846, 0.22483094036579132, 1.3171966075897217, 6.575385570526123, 0.25388962030410767, 2.723613977432251, 4.912701606750488, 0.25810369849205017, 3.282562494277954, 4.697302341461182, 0.2360527366399765, 4.697302341461182, 3.246553897857666, 0.19516927003860474, 4.858811378479004, 2.416747570037842, 0.14923350512981415, 5.834545135498047, 1.1780879497528076, 0.1137285977602005, 5.9226484298706055, 4.3143408763183014e-16, 0.10062184929847717, 7.045853137969971, -1.3374383449554443, 0.11433102935552597, 6.723756790161133, -2.7160911560058594, 0.15023531019687653, 6.557223796844482, -3.4017295837402344, 0.19623278081417084, 5.091047763824463, -4.838289737701416, 0.23681947588920593, 4.838289737701416, -5.666057586669922, 0.25831523537635803, 3.7859387397766113, -6.045260429382324, 0.2534746825695038, 2.504028797149658, -6.988801956176758, 0.22392934560775757, 1.3901591300964355, -6.707414150238037, 0.1796378344297409, 8.214213179072905e-16, -6.096637725830078, 0.1355290561914444, -1.2126965522766113, -6.3191328048706055, 0.10647036880254745, -2.6174705028533936, -5.405427932739258, 0.10225630551576614, -3.6117916107177734, -4.3245720863342285, 0.12430726736783981, -4.3245720863342285, -3.7207577228546143, 0.16519072651863098, -5.568507194519043, -2.2498979568481445, 0.21112649142742157, -5.431734561920166, -1.2592790126800537, 0.24663139879703522, -6.3308234214782715, -1.2141501556049965e-15, 0.25973814725875854, -6.609525680541992, 1.1341702938079834, 0.24602897465229034, -5.701858997344971, 2.579810619354248, 0.2101246863603592, -6.228214263916016, 3.298189640045166, 0.16412721574306488, -4.936089515686035, 4.76806116104126, 0.12354051321744919, -4.76806116104126, 5.238122940063477, 0.10204476118087769, -3.500001907348633, 5.406745433807373, 0.10688532888889313, -2.2395472526550293, 7.105904579162598, 0.13643066585063934, -1.413452386856079, 8.219297409057617, 0.10081135481595993, 0.0, 8.347586631774902, 0.11637915670871735, 1.6604381799697876, 8.88607120513916, 0.12663516402244568, 3.6807312965393066, 7.310700416564941, 0.128122478723526, 4.884853839874268, 6.856388092041016, 0.1203397884964943, 6.856388092041016, 5.287761211395264, 0.10591033101081848, 7.913693904876709, 3.7665441036224365, 0.0896977111697197, 9.093241691589355, 1.89983069896698, 0.07716656476259232, 9.551094055175781, 5.479141674806401e-16, 0.07254065573215485, 8.94811725616455, -1.6945345401763916, 0.07737918943166733, 8.519000053405762, -3.9096174240112305, 0.09005128592252731, 9.438651084899902, -5.208479404449463, 0.10628568381071091, 7.795040607452393, -6.834211826324463, 0.12061040848493576, 6.834211826324463, -9.077656745910645, 0.12819714844226837, 6.065496444702148, -7.4306511878967285, 0.12648870050907135, 3.077876567840576, -8.723716735839844, 0.11606094241142273, 1.735255241394043, -9.800854682922363, 0.10042864829301834, 1.2002584976326708e-15, -8.029741287231445, 0.08486084640026093, -1.597214937210083, -9.612590789794922, 0.07460483908653259, -3.9816653728485107, -7.72221565246582, 0.07311751693487167, -5.159819602966309, -6.3768744468688965, 0.08090021461248398, -6.3768744468688965, -4.7956624031066895, 0.09532967209815979, -7.177216053009033, -4.239686965942383, 0.11154229193925858, -10.235509872436523, -1.592618465423584, 0.12407343834638596, -8.006633758544922, -1.9505591176402276e-15, 0.12869934737682343, -10.618349075317383, 1.9992921352386475, 0.12386081367731094, -10.051119804382324, 4.155649662017822, 0.11118870973587036, -10.032626152038574, 5.6876749992370605, 0.09495431184768677, -8.51220703125, 6.445355415344238, 0.08062959462404251, -6.445355415344238, 8.113748550415039, 0.0730428546667099, -5.421433448791504, 10.103261947631836, 0.07475129514932632, -4.184908390045166, 7.989027500152588, 0.08517905324697495, -1.5891163349151611]
            n (float, 291):  [0.00024501263396814466, 1.0, -0.000214295374462381, 0.029845377430319786, 0.9981189370155334, -0.05355369672179222, 0.03239665552973747, 0.9983981251716614, -0.046384669840335846, 0.023435164242982864, 0.9996536374092102, -0.011973924934864044, 0.009142348542809486, 0.9997355341911316, 0.021103963255882263, -0.014139804989099503, 0.9988894462585449, 0.04494420066475868, -0.03237432241439819, 0.9978417754173279, 0.057128701359033585, -0.03556264936923981, 0.9979997277259827, 0.052266258746385574, -0.021775297820568085, 0.9986420273780823, 0.0473283976316452, 0.0012807197635993361, 0.9992699027061462, 0.03818386793136597, 0.02508431486785412, 0.9985364079475403, 0.04791531711816788, 0.03574981540441513, 0.9982084035873413, 0.04797878488898277, 0.028671124950051308, 0.9982287883758545, 0.052127767354249954, 0.015313207171857357, 0.998920738697052, 0.04385138303041458, -0.007475594524294138, 0.9998058676719666, 0.01822972111403942, -0.024393241852521896, 0.9996330142021179, -0.011781658045947552, -0.03010939434170723, 0.9987306594848633, -0.04037884995341301, -0.02837258204817772, 0.9980783462524414, -0.05508638918399811, -0.02636418305337429, 0.9983048439025879, -0.05188727006316185, -0.024551410228013992, 0.9989580512046814, -0.03847121819853783, -0.03819773718714714, 0.9989964365959167, -0.02338758111000061, -0.05981411412358284, 0.9982051253318787, 0.002971595386043191, -0.0659942775964737, 0.9978014230728149, 0.006090179085731506, -0.06048031523823738, 0.9981634616851807, -0.003434679238125682, -0.03903580084443092, 0.9991565942764282, -0.01273700688034296, 0.0038902347441762686, 0.999825119972229, -0.018291113898158073, 0.0357285812497139, 0.9992585182189941, -0.014343376271426678, 0.05774635449051857, 0.998325765132904, -0.003327536629512906, 0.06668326258659363, 0.9977564811706543, 0.005952014587819576, 0.05846598744392395, 0.9982891082763672, -0.0006614856538362801, 0.040299978107213974, 0.9991263747215271, -0.011063756421208382, 0.031840719282627106, 0.9987091422080994, -0.0395764596760273, 0.024378905072808266, 0.9980233311653137, -0.05792303755879402, 0.031837061047554016, 0.9988216161727905, -0.03662958741188049, 0.04523102194070816, 0.9984522461891174, -0.03236132487654686, 0.03879106044769287, 0.9992023706436157, 0.009479556232690811, 0.021752942353487015, 0.9994173049926758, 0.02630273438990116, 0.011606588028371334, 0.999395489692688, 0.032770659774541855, -0.01657065935432911, 0.9988787174224854, 0.04434848576784134, -0.01567443460226059, 0.9994521737098694, 0.029148956760764122, -0.01187882013618946, 0.9996225833892822, 0.02477095276117325, 0.0010898028267547488, 0.9998472332954407, 0.017446240410208702, 0.015604029409587383, 0.9995680451393127, 0.024903908371925354, 0.012842527590692043, 0.9995172023773193, 0.028292067348957062, 0.013024634681642056, 0.9990777969360352, 0.04091299697756767, -0.0008518918766640127, 0.9991569519042969, 0.04104527831077576, -0.028971021994948387, 0.9995015859603882, 0.01253733690828085, -0.042965058237314224, 0.9990765452384949, -0.00034368105116300285, -0.043060552328825, 0.9990723729133606, -0.00039018644019961357, -0.027393141761422157, 0.9989345073699951, -0.03714149817824364, -0.019301729276776314, 0.9992420673370361, -0.03380438685417175, -0.012524930760264397, 0.9998370409011841, -0.012994824908673763, -0.015757685527205467, 0.9998337030410767, -0.009180012159049511, -0.034879736602306366, 0.9993890523910522, 0.0022183614782989025, -0.04048799350857735, 0.9991769194602966, -0.002506978577002883, -0.03894422575831413, 0.9991562366485596, -0.01304706186056137, -0.02591063641011715, 0.9992220401763916, -0.029729556292295456, -0.006538156419992447, 0.9995088577270508, -0.030648749321699142, 0.025548730045557022, 0.9994048476219177, -0.02317793294787407, 0.029295416548848152, 0.999495267868042, -0.012286053039133549, 0.045861899852752686, 0.9989466667175293, 0.0014925601426512003, 0.026523424312472343, 0.9996480941772461, 0.00048520867130719125, 0.01941632851958275, 0.9998073577880859, -0.0028770687058568, 0.01347819808870554, 0.9995751976966858, -0.025838961824774742, 0.02324756421148777, 0.9996109008789062, -0.015415002591907978, 0.04440881684422493, 0.9987792372703552, -0.021628061309456825, 0.05854446813464165, 0.9979362487792969, -0.026378532871603966, 0.0454087071120739, 0.9988383650779724, 0.016125017777085304, 0.03417358547449112, 0.998887836933136, 0.03248533234000206, 0.015896430239081383, 0.9994053244590759, 0.030598873272538185, -0.002557542873546481, 0.9994569420814514, 0.03285296633839607, -0.007989761419594288, 0.9997407793998718, 0.021321583539247513, -0.008798062801361084, 0.999842643737793, 0.015405949205160141, -0.001463133143261075, 0.9998941421508789, 0.014476913027465343, 0.011698865331709385, 0.9996645450592041, 0.02310449630022049, 0.004802357871085405, 0.999671459197998, 0.025176243856549263, -0.0029435467440634966, 0.9994444847106934, 0.033195801079273224, -0.008372923359274864, 0.9991043210029602, 0.04147860035300255, -0.0319083109498024, 0.9993121027946472, 0.018901199102401733, -0.06471078097820282, 0.9978841543197632, 0.0063135516829788685, -0.04744047671556473, 0.9988418221473694, 0.008026312105357647, -0.03238166123628616, 0.9992269277572632, -0.02229147218167782, -0.018562497571110725, 0.9995995759963989, -0.021357987076044083, -0.009135040454566479, 0.9999305009841919, -0.0074477544985711575, -0.009172407910227776, 0.9999330043792725, -0.007056657690554857, -0.021274009719491005, 0.9997665882110596, -0.0037570653948932886, -0.03629077225923538, 0.9993219375610352, -0.006218860857188702, -0.02252417430281639, 0.9995606541633606, -0.019264915958046913, -0.024276409298181534, 0.9989908337593079, -0.037788569927215576, -0.0009132290724664927, 0.9994781613349915, -0.032288700342178345, 0.014513024128973484, 0.9995534420013428, -0.02612161636352539, 0.02180122584104538, 0.9996581673622131, -0.014431875199079514, 0.030897829681634903, 0.9995162487030029, -0.0035290182568132877, 0.020676633343100548, 0.9997854232788086, -0.0012253646273165941, 0.008374584838747978, 0.9999539852142334, -0.004668914247304201, 0.006844018120318651, 0.9999451637268066, -0.00792312528938055, 0.021965624764561653, 0.9997209310531616, -0.00869850441813469]
            ta (float, 388):  [0.9999998807907104, -0.00024501237203367054, 3.640928269987853e-08, 1.0, 0.9995529651641846, -0.0298966895788908, -0.0001571934699313715, 1.0, 0.9994739294052124, -0.03243148326873779, 1.7352435861539561e-06, 1.0, 0.9997252821922302, -0.02343720570206642, -3.0314837204059586e-05, 1.0, 0.9999582171440125, -0.009145581163465977, 5.6688044423935935e-05, 1.0, 0.9998998045921326, 0.01416027918457985, -0.00013717461843043566, 1.0, 0.9994732141494751, 0.03245074301958084, -0.00041026424150913954, 1.0, 0.999364972114563, 0.03562825545668602, -0.000323712156387046, 1.0, 0.9997619390487671, 0.021817881613969803, -0.0003832888032775372, 1.0, 0.9999992251396179, -0.0012789646862074733, -7.038398325676098e-05, 1.0, 0.9996841549873352, -0.02512720786035061, 0.0002929791226051748, 1.0, 0.9993584156036377, -0.03581259399652481, 0.0004493027809076011, 1.0, 0.9995869994163513, -0.02873464860022068, 0.00046942857443355024, 1.0, 0.9998823404312134, -0.01533608976751566, 0.00018550331878941506, 1.0, 0.9999721050262451, 0.007476092781871557, 4.0838429413270205e-05, 1.0, 0.9997023344039917, 0.024395497515797615, 4.811890175915323e-05, 1.0, 0.9995457530021667, 0.0301370769739151, 7.691468636039644e-05, 1.0, 0.9995962977409363, 0.028410103172063828, -0.00010203591955360025, 1.0, 0.9996516108512878, 0.026396112516522408, -6.999132165219635e-05, 1.0, 0.9996981024742126, 0.024568673223257065, -2.3985328880371526e-05, 1.0, 0.9992697238922119, 0.038209278136491776, 4.654116492019966e-05, 1.0, 0.998209536075592, 0.05981443449854851, -1.840763979998883e-05, 1.0, 0.9978198409080505, 0.06599579751491547, -4.85862692585215e-05, 1.0, 0.9981693029403687, 0.060480810701847076, 4.226219607517123e-05, 1.0, 0.999237596988678, 0.03903947398066521, 3.981332338298671e-05, 1.0, 0.9999923706054688, -0.003890410764142871, 2.592520831967704e-05, 1.0, 0.9993612766265869, -0.03573376685380936, -0.00010507988190511242, 1.0, 0.9983312487602234, -0.05774674192070961, -2.2052652639104053e-05, 1.0, 0.997774064540863, -0.06668494641780853, 8.644567424198613e-05, 1.0, 0.9982894062995911, -0.05846600979566574, -3.696956355270231e-06, 1.0, 0.9991874694824219, -0.040302447974681854, -4.551649226414156e-07, 1.0, 0.9994922280311584, -0.03186530992388725, 9.596413292456418e-06, 1.0, 0.9997016191482544, -0.02442544512450695, -9.552222036290914e-05, 1.0, 0.9994925260543823, -0.03185291960835457, 0.00015079534205142409, 1.0, 0.9989755153656006, -0.04525395482778549, 2.3738273739581928e-05, 1.0, 0.9992473125457764, -0.03879265859723091, -1.5558773156953976e-05, 1.0, 0.9997632503509521, -0.021759118884801865, -5.1433973567327484e-05, 1.0, 0.999932587146759, -0.011609822511672974, -9.161287016468123e-05, 1.0, 0.9998623728752136, 0.016592811793088913, -0.00013143529940862209, 1.0, 0.9998770356178284, 0.01568170078098774, -2.0731551558128558e-05, 1.0, 0.9999294281005859, 0.01188264787197113, -7.36575884729973e-06, 1.0, 0.9999994039535522, -0.0010901934001594782, 1.288770727114752e-05, 1.0, 0.9998781681060791, -0.015608496963977814, -1.4930689758330118e-05, 1.0, 0.9999175071716309, -0.012845677323639393, -7.043858931865543e-05, 1.0, 0.9999150037765503, -0.01303791906684637, 5.784369568573311e-05, 1.0, 0.9999995827674866, 0.0008529939223080873, -9.339853022538591e-06, 1.0, 0.9995801448822021, 0.02897389605641365, -4.756954876938835e-05, 1.0, 0.9990765452384949, 0.042965058237314224, 1.7957013369596098e-06, 1.0, 0.9990724921226501, 0.043060552328825, 3.872974048135802e-06, 1.0, 0.9996240735054016, 0.027414660900831223, 7.0207730459515e-05, 1.0, 0.999813437461853, 0.019313758239150047, 2.936219607363455e-05, 1.0, 0.9999215602874756, 0.012526210397481918, 1.6955322280409746e-05, 1.0, 0.9998758435249329, 0.015758344903588295, -3.8625449860774097e-07, 1.0, 0.999391496181488, 0.03487982600927353, -1.2140986882513971e-06, 1.0, 0.9991801381111145, 0.04048808664083481, -1.6233227142947726e-05, 1.0, 0.9992412328720093, 0.03894773870706558, 1.5610188711434603e-05, 1.0, 0.999663233757019, 0.025941457599401474, 0.0006513071712106466, 1.0, 0.9999787211418152, 0.006536198779940605, -0.00016412977129220963, 1.0, 0.9996734261512756, -0.02555578574538231, -8.11924383015139e-06, 1.0, 0.9995707869529724, -0.02929784171283245, -1.732365126372315e-05, 1.0, 0.9989477396011353, -0.045861948281526566, -2.701498942769831e-06, 1.0, 0.9996482133865356, -0.026523428037762642, 1.652518676564796e-06, 1.0, 0.9998114705085754, -0.01941642351448536, -5.52316987523227e-06, 1.0, 0.9999091625213623, -0.013483245857059956, -2.1060885046608746e-05, 1.0, 0.999729573726654, -0.023252876475453377, -0.00016565245459787548, 1.0, 0.9990130066871643, -0.044420406222343445, -5.5343287385767326e-05, 1.0, 0.998283326625824, -0.05856945365667343, -0.00017501229012850672, 1.0, 0.9989681839942932, -0.045415591448545456, 6.061284875613637e-05, 1.0, 0.9994152784347534, -0.034192848950624466, 3.746036964002997e-05, 1.0, 0.9998733401298523, -0.01591363735496998, 0.0003188562404830009, 1.0, 0.9999967813491821, 0.0025533284060657024, 0.00017023272812366486, 1.0, 0.9999681115150452, 0.007987845689058304, 0.00017500999092590064, 1.0, 0.9999613165855408, 0.008798535913228989, 3.707339783431962e-05, 1.0, 0.9999988675117493, 0.0014639294240623713, -4.441342389327474e-05, 1.0, 0.9999314546585083, -0.011701925657689571, -2.695892362680752e-06, 1.0, 0.9999884366989136, -0.004802188836038113, -6.71594898449257e-05, 1.0, 0.9999956488609314, 0.0029490573797374964, -0.00011703810741892084, 1.0, 0.999964714050293, 0.008390039205551147, -0.0002385842817602679, 1.0, 0.9994906187057495, 0.03191256895661354, 7.636311784153804e-05, 1.0, 0.9979040026664734, 0.06471211463212967, -8.582792361266911e-06, 1.0, 0.9988740086555481, 0.04744172468781471, 3.516305150697008e-05, 1.0, 0.9994754791259766, 0.03238634020090103, -0.0001514450559625402, 1.0, 0.9998276233673096, 0.018566787242889404, 2.513518893465516e-06, 1.0, 0.9999582767486572, 0.009135207161307335, -1.1638554497039877e-05, 1.0, 0.9999579787254333, 0.00917254202067852, -1.342806081083836e-05, 1.0, 0.9997736811637878, 0.021274136379361153, -6.347367616399424e-06, 1.0, 0.9993412494659424, 0.03629137575626373, -1.569178311910946e-05, 1.0, 0.9997461438179016, 0.022525517269968987, -0.00014708618982695043, 1.0, 0.999704897403717, 0.02429257333278656, -3.137358362437226e-05, 1.0, 0.9999995231628418, 0.0009217040496878326, 0.0002475949004292488, 1.0, 0.9998946189880371, -0.014515944756567478, 7.781569729559124e-05, 1.0, 0.9997623562812805, -0.02180226892232895, 8.489873289363459e-05, 1.0, 0.9995225667953491, -0.030897988006472588, 9.948078513843939e-06, 1.0, 0.9997861981391907, -0.020676646381616592, 1.5575345742036006e-06, 1.0, 0.9999649524688721, -0.008374609053134918, 1.4386077964445576e-05, 1.0, 0.9999765753746033, -0.0068441275507211685, 1.3396887879935093e-05, 1.0, 0.9997587203979492, -0.021966971457004547, -5.950306876911782e-05, 1.0]
            u0 (float, 194):  [0.5, 0.5, 0.6613055467605591, 0.5, 0.6481332182884216, 0.47053444385528564, 0.6479953527450562, 0.43869835138320923, 0.6364336609840393, 0.4088379740715027, 0.6159366369247437, 0.38406336307525635, 0.5880027413368225, 0.3682945966720581, 0.561389684677124, 0.3517921566963196, 0.530407726764679, 0.3471301794052124, 0.5, 0.341373085975647, 0.4704793095588684, 0.3515894412994385, 0.43826472759246826, 0.35095787048339844, 0.41116949915885925, 0.3670557737350464, 0.3908608853816986, 0.3908608555793762, 0.3702680766582489, 0.41331589221954346, 0.3501031994819641, 0.4379107356071472, 0.34585657715797424, 0.46933895349502563, 0.33386528491973877, 0.5, 0.33685892820358276, 0.5324507653713226, 0.34846022725105286, 0.5627698302268982, 0.37442705035209656, 0.5839051604270935, 0.3934042453765869, 0.6065957546234131, 0.4141855537891388, 0.6284303963184357, 0.4404072165489197, 0.6438696980476379, 0.46845296025276184, 0.6585976481437683, 0.5, 0.6638258397579193, 0.5310640335083008, 0.6561693549156189, 0.5614439845085144, 0.6483388543128967, 0.588563859462738, 0.6325452327728271, 0.606090247631073, 0.606090247631073, 0.6318738460540771, 0.5881153047084808, 0.6414933800697327, 0.5586084723472595, 0.6536841988563538, 0.5305697023868561, 0.7820996046066284, 0.5, 0.8208330869674683, 0.43618232011795044, 0.8185749053955078, 0.3680419921875, 0.7380185127258301, 0.3409610986709595, 0.7275824546813965, 0.2724175453186035, 0.6572942733764648, 0.2645924687385559, 0.6170904636383057, 0.21731853485107422, 0.5570778846740723, 0.2130500078201294, 0.5, 0.15863114595413208, 0.43520161509513855, 0.17423659563064575, 0.3684064447879791, 0.18230503797531128, 0.33518752455711365, 0.2533407211303711, 0.2655867338180542, 0.2655867338180542, 0.22548170387744904, 0.31657272577285767, 0.2071094810962677, 0.3786807656288147, 0.16139523684978485, 0.43264734745025635, 0.17502838373184204, 0.5, 0.20462027192115784, 0.5587546825408936, 0.19384045898914337, 0.6268154382705688, 0.23810911178588867, 0.6749899089336395, 0.29047614336013794, 0.7095238566398621, 0.3197307288646698, 0.7697920203208923, 0.3909933269023895, 0.7631654292345047, 0.43898841738700867, 0.8067259341478348, 0.5, 0.8202289491891861, 0.5549501180648804, 0.7762528657913208, 0.6249908208847046, 0.8017545640468597, 0.6597959995269775, 0.7391516268253326, 0.7310107350349426, 0.7310107052326202, 0.7537850141525269, 0.6695737242698669, 0.7619547247886658, 0.6085051894187927, 0.8442783355712891, 0.5684812068939209, 0.8982217907905579, 0.5, 0.9044373035430908, 0.41955244541168213, 0.9305267333984375, 0.3216699957847595, 0.8542006015777588, 0.26333069801330566, 0.8321893811225891, 0.1678106188774109, 0.7561900019645691, 0.11658459901809692, 0.6824876070022583, 0.05943596363067627, 0.5920460820198059, 0.03725320100784302, 0.5, 0.06646716594696045, 0.4179004728794098, 0.0872577428817749, 0.3105805516242981, 0.042701005935668945, 0.24765118956565857, 0.12233328819274902, 0.16888509690761566, 0.16888511180877686, 0.060191042721271515, 0.2061290740966797, 0.13998784124851227, 0.3508780598640442, 0.0773392841219902, 0.415927529335022, 0.025152405723929405, 0.5, 0.11096212267875671, 0.5773844420909882, 0.03427371010184288, 0.6929101347923279, 0.12586165964603424, 0.749991238117218, 0.19104290008544922, 0.8089570999145508, 0.2676520049571991, 0.8477333337068558, 0.2945888042449951, 0.9959064940921962, 0.4228382408618927, 0.8879182860255241, 0.5, 1.0144549179822206, 0.5968649387359619, 0.9869728712365031, 0.701339602470398, 0.9860768392682076, 0.7755656242370605, 0.912413127720356, 0.8122749924659729, 0.8122749775648117, 0.8931079506874084, 0.7626663446426392, 0.9894991517066956, 0.7027571797370911, 0.8870652914047241, 0.5769920647144318]
            tri (int, 480):  [0, 2, 1, 0, 3, 2, 0, 4, 3, 0, 5, 4, 0, 6, 5, 0, 7, 6, 0, 8, 7, 0, 9, 8, 0, 10, 9, 0, 11, 10, 0, 12, 11, 0, 13, 12, 0, 14, 13, 0, 15, 14, 0, 16, 15, 0, 17, 16, 0, 18, 17, 0, 19, 18, 0, 20, 19, 0, 21, 20, 0, 22, 21, 0, 23, 22, 0, 24, 23, 0, 25, 24, 0, 26, 25, 0, 27, 26, 0, 28, 27, 0, 29, 28, 0, 30, 29, 0, 31, 30, 0, 32, 31, 0, 1, 32, 1, 34, 33, 1, 2, 34, 2, 35, 34, 2, 3, 35, 3, 36, 35, 3, 4, 36, 4, 37, 36, 4, 5, 37, 5, 38, 37, 5, 6, 38, 6, 39, 38, 6, 7, 39, 7, 40, 39, 7, 8, 40, 8, 41, 40, 8, 9, 41, 9, 42, 41, 9, 10, 42, 10, 43, 42, 10, 11, 43, 11, 44, 43, 11, 12, 44, 12, 45, 44, 12, 13, 45, 13, 46, 45, 13, 14, 46, 14, 47, 46, 14, 15, 47, 15, 48, 47, 15, 16, 48, 16, 49, 48, 16, 17, 49, 17, 50, 49, 17, 18, 50, 18, 51, 50, 18, 19, 51, 19, 52, 51, 19, 20, 52, 20, 53, 52, 20, 21, 53, 21, 54, 53, 21, 22, 54, 22, 55, 54, 22, 23, 55, 23, 56, 55, 23, 24, 56, 24, 57, 56, 24, 25, 57, 25, 58, 57, 25, 26, 58, 26, 59, 58, 26, 27, 59, 27, 60, 59, 27, 28, 60, 28, 61, 60, 28, 29, 61, 29, 62, 61, 29, 30, 62, 30, 63, 62, 30, 31, 63, 31, 64, 63, 31, 32, 64, 32, 33, 64, 33, 32, 1, 33, 66, 65, 33, 34, 66, 34, 67, 66, 34, 35, 67, 35, 68, 67, 35, 36, 68, 36, 69, 68, 36, 37, 69, 37, 70, 69, 37, 38, 70, 38, 71, 70, 38, 39, 71, 39, 72, 71, 39, 40, 72, 40, 73, 72, 40, 41, 73, 41, 74, 73, 41, 42, 74, 42, 75, 74, 42, 43, 75, 43, 76, 75, 43, 44, 76, 44, 77, 76, 44, 45, 77, 45, 78, 77, 45, 46, 78, 46, 79, 78, 46, 47, 79, 47, 80, 79, 47, 48, 80, 48, 81, 80, 48, 49, 81, 49, 82, 81, 49, 50, 82, 50, 83, 82, 50, 51, 83, 51, 84, 83, 51, 52, 84, 52, 85, 84, 52, 53, 85, 53, 86, 85, 53, 54, 86, 54, 87, 86, 54, 55, 87, 55, 88, 87, 55, 56, 88, 56, 89, 88, 56, 57, 89, 57, 90, 89, 57, 58, 90, 58, 91, 90, 58, 59, 91, 59, 92, 91, 59, 60, 92, 60, 93, 92, 60, 61, 93, 61, 94, 93, 61, 62, 94, 62, 95, 94, 62, 63, 95, 63, 96, 95, 63, 64, 96, 64, 65, 96, 65, 64, 33]
            boundingsphere (float, 4):  [0.15120363235473633, 0.22347033023834229, -0.5336275100708008, 11.345897372627382]
            aabb:
                min (float, 3):  [-9.800854682922363, 0.07254065573215485, -10.618349075317383]
                max (float, 3):  [10.103261947631836, 0.37439998984336853, 9.551094055175781]
            material:
                shader (str, 1):  ['PdxMeshAdvanced']
                diff (str, 1):  ['air_winter_mediterranean_phase_3_diff.dds']
                spec (str, 1):  ['air_winter_mediterranean_spec.dds']
                n (str, 1):  ['air_winter_mediterranean_n.dds']
locator:
