pdxasset (int, 2):  [1, 0]
object:
    air_winter_mediterranean_thaw_flood:
        mesh:
            p (float, 291):  [0.0, 0.19200000166893005, 0.0, 2.462808609008789, 0.10464511066675186, 0.0, 2.488816738128662, 0.0932670310139656, 0.4950564503669739, 2.2645511627197266, 0.0953487828373909, 0.9380077719688416, 2.162829875946045, 0.11018870025873184, 1.4451566934585571, 1.7726651430130005, 0.13278482854366302, 1.7726651430130005, 1.3720630407333374, 0.15552088618278503, 2.0534374713897705, 1.0048521757125854, 0.17073345184326172, 2.4259276390075684, 0.5066354870796204, 0.17329496145248413, 2.5470287799835205, 1.6015481914491577e-16, 0.16234204173088074, 2.6155266761779785, -0.49980005621910095, 0.1415664702653885, 2.512664556503296, -0.9295181035995483, 0.11797089874744415, 2.2440552711486816, -1.380890130996704, 0.09950845688581467, 2.066648244857788, -1.728087306022644, 0.09240211546421051, 1.728087306022644, -2.1594316959381104, 0.09904713183641434, 1.4428861141204834, -2.1989827156066895, 0.11720374971628189, 0.9108484983444214, -2.546522617340088, 0.14075207710266113, 0.5065348744392395, -2.4237771034240723, 0.16175489127635956, 2.9682707919530455e-16, -2.415034532546997, 0.1731329709291458, -0.48038023710250854, -2.3573830127716064, 0.17105121910572052, -0.9764600396156311, -2.132228374481201, 0.15621130168437958, -1.4247095584869385, -1.7815066576004028, 0.133615180850029, -1.7815066576004028, -1.4064583778381348, 0.11087911576032639, -2.1049137115478516, -0.9722455739974976, 0.0956665500998497, -2.3472084999084473, -0.4962630867958069, 0.09310503304004669, -2.4948830604553223, -4.4226771843655145e-16, 0.10405796021223068, -2.4075934886932373, 0.48014962673187256, 0.12483352422714233, -2.413875102996826, 0.9120468497276306, 0.14842909574508667, -2.201875925064087, 1.4080861806869507, 0.16689154505729675, -2.1073498725891113, 1.7388651371002197, 0.1739978939294815, -1.7388651371002197, 2.0326430797576904, 0.16735287010669708, -1.3581687211990356, 2.2668111324310303, 0.14919625222682953, -0.9389439225196838, 2.5874321460723877, 0.12564793229103088, -0.5146722793579102, 4.6204400062561035, 0.06384511291980743, 0.0, 5.371731758117676, 0.05246702954173088, 1.0685038566589355, 5.06131649017334, 0.05454878509044647, 2.096465826034546, 3.9113104343414307, 0.06938870251178741, 2.6134541034698486, 3.8163251876831055, 0.091984823346138, 3.8163251876831055, 2.6085100173950195, 0.11472088098526001, 3.9039111137390137, 1.9874613285064697, 0.1299334466457367, 4.798156261444092, 0.9000651240348816, 0.1324949711561203, 4.524932861328125, 2.9581146022176704e-16, 0.12154203653335571, 4.830967903137207, -0.9803562760353088, 0.10076647251844406, 4.92858362197876, -1.8733091354370117, 0.07717090100049973, 4.522568225860596, -2.995905876159668, 0.05870845541357994, 4.48369026184082, -3.672874689102173, 0.051602113991975784, 3.672874689102173, -3.7545766830444336, 0.05824713408946991, 2.508727788925171, -4.708410739898682, 0.07640375196933746, 1.9502876996994019, -4.491549015045166, 0.09995207190513611, 0.8934246301651001, -4.672188758850098, 0.12095488607883453, 5.721780615294499e-16, -4.815534591674805, 0.1323329657316208, -0.9578694105148315, -4.460036754608154, 0.1302512139081955, -1.8474076986312866, -4.235628604888916, 0.11541130393743515, -2.8301563262939453, -3.9363677501678467, 0.09281517565250397, -3.9363677501678467, -2.967421054840088, 0.07007911801338196, -4.441059589385986, -1.9449150562286377, 0.054866548627614975, -4.695440292358398, -1.0550086498260498, 0.052305035293102264, -5.303886413574219, -8.569925724063532e-16, 0.06325796246528625, -4.665250301361084, 1.028321385383606, 0.0840335264801979, -5.169720649719238, 2.1254630088806152, 0.10762909799814224, -5.131321907043457, 3.0674519538879395, 0.12609153985977173, -4.590766429901123, 3.5663092136383057, 0.13319788873195648, -3.5663092136383057, 4.269346237182617, 0.12655286490917206, -2.8526859283447266, 4.530023574829102, 0.1083962470293045, -1.8763972520828247, 4.869665622711182, 0.08484792709350586, -0.968636691570282, 8.594857215881348, 0.04152180626988411, 0.0, 6.378866195678711, 0.03750601038336754, 1.268835425376892, 7.639938831329346, 0.03824074938893318, 3.1645662784576416, 5.594033718109131, 0.04347836598753929, 3.737813711166382, 5.32876443862915, 0.05145346745848656, 5.32876443862915, 4.177053928375244, 0.05947795882821083, 6.251402854919434, 2.4076294898986816, 0.06484709680080414, 5.8125319480896, 1.4347736835479736, 0.06575116515159607, 7.213094234466553, 3.807520300515467e-16, 0.061885423958301544, 6.2181525230407715, -1.654298186302185, 0.054552871733903885, 8.316719055175781, -3.2416539192199707, 0.04622502252459526, 7.82604455947876, -4.218755722045898, 0.03970886766910553, 6.31381368637085, -5.697612762451172, 0.037200745195150375, 5.697612762451172, -6.620112419128418, 0.039546046406030655, 4.423417568206787, -6.175158500671387, 0.04595426470041275, 2.5578343868255615, -6.223843574523926, 0.05426543578505516, 1.2379995584487915, -7.094134330749512, 0.061678197234869, 8.687808887519689e-16, -7.067736625671387, 0.06569398939609528, -1.4058603048324585, -6.820401191711426, 0.06495925039052963, -2.8251028060913086, -6.50419807434082, 0.05972163379192352, -4.345966339111328, -5.683767318725586, 0.05174653232097626, -5.683767318725586, -4.197134017944336, 0.043722040951251984, -6.281455039978027, -2.3665857315063477, 0.03835289925336838, -5.713443279266357, -1.36519193649292, 0.037448834627866745, -6.863283634185791, -1.4167212613144147e-15, 0.04131457582116127, -7.712271690368652, 1.629284381866455, 0.04864712804555893, -8.19096565246582, 2.3788630962371826, 0.056974977254867554, -5.743083477020264, 4.414436340332031, 0.06349113583564758, -6.60667085647583, 5.191205978393555, 0.06599925458431244, -5.191205978393555, 5.826369285583496, 0.06365395337343216, -3.8930554389953613, 7.668271064758301, 0.057245735079050064, -3.176301956176758, 6.753593444824219, 0.048934563994407654, -1.3433732986450195]
            n (float, 291):  [-5.10913050675299e-05, 1.0, -8.482319390168414e-05, 0.02770046703517437, 0.9992104768753052, 0.028479808941483498, 0.023556271567940712, 0.9996729493141174, 0.009954013861715794, 0.031536296010017395, 0.9995003342628479, -0.0021345773711800575, 0.03616786003112793, 0.9992619156837463, -0.012944224290549755, 0.039131972938776016, 0.9991685152053833, -0.01144825853407383, 0.03585103526711464, 0.9993433356285095, -0.0052466318011283875, 0.018901649862527847, 0.9998041391372681, 0.00586940161883831, -0.005470204167068005, 0.9998844265937805, 0.01418648473918438, -0.024827133864164352, 0.9995830059051514, 0.014744512736797333, -0.04139121621847153, 0.9990949034690857, 0.009811068885028362, -0.042815349996089935, 0.9990505576133728, 0.008057255297899246, -0.030462531372904778, 0.9994916319847107, 0.009416221641004086, -0.020611098036170006, 0.9995685815811157, 0.020923396572470665, -0.010092237032949924, 0.9994997382164001, 0.029973478987812996, -0.00991441123187542, 0.999001145362854, 0.04356986656785011, -0.011361507698893547, 0.9991942048072815, 0.03849541395902634, -0.01509279478341341, 0.9994990825653076, 0.027816858142614365, -0.013695159927010536, 0.9998819828033447, 0.006963611114770174, -0.0069280946627259254, 0.9998364448547363, -0.01670725829899311, 0.0037842814344912767, 0.9994813799858093, -0.03197775036096573, 0.013104479759931564, 0.9991487860679626, -0.03911661356687546, 0.013688202016055584, 0.9992272853851318, -0.036842551082372665, 0.002995417919009924, 0.9995511174201965, -0.029810434207320213, -0.007797085214406252, 0.9996685981750488, -0.024530496448278427, -0.02539835497736931, 0.9992935061454773, -0.027702216058969498, -0.03486362844705582, 0.999012291431427, -0.027546973899006844, -0.02830308862030506, 0.9991821646690369, -0.02887958474457264, -0.00979122705757618, 0.9997406601905823, -0.020560655742883682, 0.008536267094314098, 0.9999392032623291, -0.006975848227739334, 0.02242554910480976, 0.9996881484985352, 0.010985908098518848, 0.028654877096414566, 0.9992892742156982, 0.024489734321832657, 0.027084581553936005, 0.999098539352417, 0.032688722014427185, 0.014913049526512623, 0.9997767210006714, 0.014970796182751656, 0.010467763990163803, 0.9999356269836426, 0.00436759740114212, 0.011409345082938671, 0.9999347925186157, 0.00037029696977697313, 0.024768386036157608, 0.999661386013031, -0.007969154044985771, 0.02500157803297043, 0.9996861815452576, -0.0015912988455966115, 0.025077227503061295, 0.9996621608734131, 0.006837920751422644, 0.01674382947385311, 0.9995895624160767, 0.023242373019456863, -0.0026352968998253345, 0.9996961951255798, 0.024505939334630966, -0.012276998721063137, 0.9996500015258789, 0.023432575166225433, -0.015700915828347206, 0.9997907280921936, 0.01311225164681673, -0.02366068959236145, 0.9997076988220215, 0.004959159065037966, -0.014245301485061646, 0.9998930096626282, 0.0033274483866989613, -0.008985999040305614, 0.999945342540741, 0.005343054886907339, -0.005854780785739422, 0.9998117089271545, 0.018502594903111458, -0.010175193659961224, 0.9997804164886475, 0.018318774178624153, -0.01616085134446621, 0.999520480632782, 0.02641240507364273, -0.021726658567786217, 0.9995582699775696, 0.020279303193092346, -0.02299792692065239, 0.9997337460517883, 0.0018944062758237123, -0.016794295981526375, 0.9997742176055908, -0.013017607852816582, -0.00790648814290762, 0.9997639060020447, -0.020238885655999184, 0.0013406688813120127, 0.9997342228889465, -0.0230141282081604, 0.010044635273516178, 0.9996594786643982, -0.024082522839307785, 0.002748606028035283, 0.9998420476913452, -0.017558583989739418, -0.006566533353179693, 0.9999216794967651, -0.010654041543602943, -0.01709972880780697, 0.9997445344924927, -0.014782876707613468, -0.015172307379543781, 0.9997268319129944, -0.017779411748051643, -0.009159713052213192, 0.999503493309021, -0.030146658420562744, 0.0016131228767335415, 0.9996404051780701, -0.02676650509238243, 0.018022093921899796, 0.9997659921646118, -0.011967530474066734, 0.02303129807114601, 0.9997244477272034, -0.004530842881649733, 0.023707641288638115, 0.9996464252471924, 0.012043005786836147, 0.019088370725512505, 0.9996665716171265, 0.01738949865102768, 0.008812613785266876, 0.9999304413795471, 0.007829501293599606, 0.008616368286311626, 0.9999569058418274, 0.0034666669089347124, 0.00890810415148735, 0.9999602437019348, 0.0002257747109979391, 0.01669730804860592, 0.9998598694801331, -0.0012238946510478854, 0.021304141730070114, 0.9997666478157043, 0.0035596461966633797, 0.016377581283450127, 0.9997324347496033, 0.016331765800714493, 0.016162430867552757, 0.9994439482688904, 0.02916558086872101, 0.0016005301149562001, 0.9994887113571167, 0.03193437680602074, -0.0028341838624328375, 0.9996052384376526, 0.027953745797276497, -0.009463120251893997, 0.9998960494995117, 0.010874181054532528, -0.014772689901292324, 0.9998772740364075, 0.005211865995079279, -0.010432081297039986, 0.9999412894248962, 0.0029190459754318, -0.004533583298325539, 0.9999813437461853, 0.004082659725099802, -0.0035078718792647123, 0.9999698996543884, 0.006923578679561615, -0.010327178984880447, 0.9998811483383179, 0.01144324615597725, -0.02181720919907093, 0.9995850324630737, 0.018807824701070786, -0.02597152255475521, 0.9995599985122681, 0.014325595460832119, -0.026843177154660225, 0.9996395111083984, -0.0006142834317870438, -0.02239205874502659, 0.9996951222419739, -0.010411740280687809, -0.01413313765078783, 0.9997866153717041, -0.015068203210830688, -0.00402448046952486, 0.9998100996017456, -0.019071223214268684, 0.004774905275553465, 0.9997672438621521, -0.021039266139268875, 0.0014374408638104796, 0.9998783469200134, -0.015532098710536957, -0.0070098149590194225, 0.9999407529830933, -0.008337150327861309, -0.01183866523206234, 0.9998828172683716, -0.009704962372779846, -0.006591931916773319, 0.9998793005943298, -0.014067850075662136, -0.0012155037838965654, 0.9993496537208557, -0.036039289087057114, 0.010592389851808548, 0.9995356798171997, -0.028568241745233536, 0.025665361434221268, 0.9995484948158264, -0.015622537583112717, 0.023493124172091484, 0.9996539950370789, -0.011826748959720135, 0.021079475060105324, 0.9997735023498535, 0.0029414223972707987, 0.01641964167356491, 0.9998078942298889, 0.010705037042498589]
            ta (float, 388):  [0.9999999403953552, 5.1091177738271654e-05, 1.9491743330490863e-08, 1.0, 0.9996159076690674, -0.027711892500519753, 6.478896466433071e-06, 1.0, 0.9997224807739258, -0.023557506501674652, 6.546693384734681e-06, 1.0, 0.9995025992393494, -0.03153637796640396, -4.8365563998231664e-06, 1.0, 0.999345600605011, -0.03617190197110176, -7.846218068152666e-05, 1.0, 0.9992339015007019, -0.039135098457336426, -4.915850513498299e-05, 1.0, 0.9993571043014526, -0.03585170954465866, -3.4258351661264896e-05, 1.0, 0.9998214244842529, -0.018902061507105827, 1.439233346900437e-05, 1.0, 0.9999850392341614, 0.005470753647387028, 3.0867770561826546e-08, 1.0, 0.9996916055679321, 0.024831177666783333, -9.133075218414888e-05, 1.0, 0.9991428852081299, 0.04139374941587448, -5.4733460274292156e-05, 1.0, 0.9990829229354858, 0.04281722009181976, -5.954680091235787e-05, 1.0, 0.999535858631134, 0.03046421706676483, -3.611298234318383e-05, 1.0, 0.9997875094413757, 0.02061551809310913, 4.549710865831003e-06, 1.0, 0.9999489784240723, 0.0100950812920928, 5.6445194786647335e-05, 1.0, 0.9999507665634155, 0.009924027137458324, -4.40547228208743e-06, 1.0, 0.9999353289604187, 0.0113705238327384, -1.52647917275317e-05, 1.0, 0.9998859763145447, 0.015098647214472294, -3.8147680925249006e-07, 1.0, 0.9999062418937683, 0.013695480301976204, 1.5853046306801843e-06, 1.0, 0.9999760389328003, 0.006928895600140095, -1.0001772352552507e-05, 1.0, 0.9999927878379822, -0.00378918694332242, -9.280312951887026e-05, 1.0, 0.9999138712882996, -0.013120581395924091, -0.00015499968139920384, 1.0, 0.999906063079834, -0.013704483397305012, -0.00018935115076601505, 1.0, 0.9999955296516418, -0.002999664982780814, -9.776443766895682e-05, 1.0, 0.9999695420265198, 0.0078005073592066765, 4.3751289922511205e-05, 1.0, 0.9996770620346069, 0.025411905720829964, 0.00013711147767025977, 1.0, 0.9993913769721985, 0.03488173708319664, 0.00017683629994280636, 1.0, 0.9995989799499512, 0.028320053592324257, 0.0001784957858035341, 1.0, 0.9999520182609558, 0.009795303456485271, 9.751581092132255e-05, 1.0, 0.9999635815620422, -0.008536489680409431, -1.978508635147591e-06, 1.0, 0.9997484683990479, -0.022427057847380638, 1.425005575583782e-05, 1.0, 0.9995891451835632, -0.028664611279964447, 4.637890378944576e-05, 1.0, 0.9996327757835388, -0.027099866420030594, 2.450720057822764e-05, 1.0, 0.9998887777328491, -0.014915065839886665, 2.3113028873922303e-05, 1.0, 0.9999451637268066, -0.010467937216162682, 1.6973697711364366e-05, 1.0, 0.9999349117279053, -0.011409347876906395, 3.650426450008126e-08, 1.0, 0.9996932148933411, -0.02476913295686245, 4.979478489985922e-06, 1.0, 0.9996874332427979, -0.025001605972647667, 1.757040990923997e-06, 1.0, 0.999685525894165, -0.025077851489186287, 5.469850293593481e-06, 1.0, 0.999859631061554, -0.016752324998378754, 0.00017072749324142933, 1.0, 0.9999964833259583, 0.0026360948104411364, -2.489447297193692e-07, 1.0, 0.9999246597290039, 0.012279411777853966, 4.0924714994616807e-05, 1.0, 0.9998766183853149, 0.01570253260433674, -2.035046236414928e-05, 1.0, 0.99972003698349, 0.02366098202764988, -5.297487177813309e-07, 1.0, 0.9998984932899475, 0.014245393685996532, -4.3787199501821306e-06, 1.0, 0.9999595880508423, 0.008986145257949829, -3.324178578623105e-06, 1.0, 0.9999828338623047, 0.005855912808328867, -7.012262813077541e-06, 1.0, 0.999948263168335, 0.01017689984291792, 1.4701487316415296e-07, 1.0, 0.9998692870140076, 0.01616624742746353, 9.302432772528846e-06, 1.0, 0.9997639060020447, 0.021730709820985794, 2.066294473479502e-05, 1.0, 0.9997355341911316, 0.022997969761490822, 1.6288159088162502e-07, 1.0, 0.9998590350151062, 0.016795767471194267, 3.698839464050252e-06, 1.0, 0.9999687075614929, 0.007908419705927372, 1.545586928841658e-05, 1.0, 0.9999990463256836, -0.0013406958896666765, 1.4265356185205746e-05, 1.0, 0.9999494552612305, -0.010047731921076775, -7.6128303589939605e-06, 1.0, 0.9999962449073792, -0.0027488241903483868, 1.1707906196534168e-05, 1.0, 0.9999784231185913, 0.006566799711436033, -1.0032729733211454e-05, 1.0, 0.9998537302017212, 0.017101513221859932, -5.689711542800069e-06, 1.0, 0.999884843826294, 0.015175102278590202, 2.233758095826488e-05, 1.0, 0.9999580383300781, 0.00916085671633482, -0.0001002032367978245, 1.0, 0.9999986886978149, -0.001616254448890686, -9.533820411888883e-05, 1.0, 0.9998375773429871, -0.01802336424589157, 1.6715665651645395e-06, 1.0, 0.99973464012146, -0.023031672462821007, -3.069838203373365e-05, 1.0, 0.9997188448905945, -0.023709600791335106, 2.0259243683540262e-05, 1.0, 0.9998176693916321, -0.01909247227013111, 6.995418516453356e-05, 1.0, 0.9999611377716064, -0.00881268922239542, -2.502481402189005e-05, 1.0, 0.9999628663063049, -0.008616423234343529, 1.1094631418018253e-06, 1.0, 0.9999603629112244, -0.008908105082809925, -6.174682880555338e-07, 1.0, 0.9998607039451599, -0.016697321087121964, 4.903424724034267e-07, 1.0, 0.9997730255126953, -0.021304268389940262, -3.2061973342933925e-06, 1.0, 0.9998658299446106, -0.016378115862607956, -0.00010108304559253156, 1.0, 0.9998692870140076, -0.01616944931447506, 4.7630223889427725e-06, 1.0, 0.9999987483024597, -0.0016030586557462811, 5.361050716601312e-05, 1.0, 0.9999959468841553, 0.0028359959833323956, -2.5204972189385444e-05, 1.0, 0.9999551773071289, 0.009462862275540829, 7.51041661715135e-05, 1.0, 0.9998908638954163, 0.014772824943065643, 1.2632246580324136e-05, 1.0, 0.9999455213546753, 0.010432119481265545, 2.207343641202897e-06, 1.0, 0.9999896883964539, 0.004533597733825445, 5.678044090018375e-06, 1.0, 0.9999938011169434, 0.003507960122078657, -7.064801934575371e-07, 1.0, 0.9999467134475708, 0.010327748954296112, 9.222339031111915e-06, 1.0, 0.9997618794441223, 0.02182105742394924, 6.83414043578523e-07, 1.0, 0.9996626377105713, 0.02597440779209137, -1.5078360775078181e-05, 1.0, 0.9996396899223328, 0.026843182742595673, 5.751409162257914e-07, 1.0, 0.9997492432594299, 0.02239324524998665, -2.369197318330407e-06, 1.0, 0.9999001026153564, 0.014134775847196579, 2.352029014218715e-06, 1.0, 0.9999919533729553, 0.004026348702609539, 5.9582642279565334e-05, 1.0, 0.9999886155128479, -0.004775334615260363, 2.9838576665497385e-05, 1.0, 0.999998927116394, -0.0014376308536157012, -1.0354516462030006e-06, 1.0, 0.9999754428863525, 0.007010078988969326, 2.5151421141345054e-06, 1.0, 0.9999299049377441, 0.011839058250188828, -1.7011148884193972e-05, 1.0, 0.999978244304657, 0.006591414101421833, -8.312152203870937e-05, 1.0, 0.9999992251396179, 0.0012143097119405866, -5.500434781424701e-05, 1.0, 0.9999438524246216, -0.01059439405798912, 8.118867845041677e-05, 1.0, 0.9996704459190369, -0.025668540969491005, -3.1609670259058475e-06, 1.0, 0.9997239708900452, -0.023494524881243706, 2.0592087821569294e-05, 1.0, 0.9997777938842773, -0.021079525351524353, -1.4657911378890276e-05, 1.0, 0.9998651742935181, -0.016420487314462662, -8.803605851426255e-06, 1.0]
            u0 (float, 194):  [0.5, 0.5, 0.6547962427139282, 0.5, 0.6564309597015381, 0.4688839316368103, 0.642335057258606, 0.4410429000854492, 0.6359415054321289, 0.40916675329208374, 0.6114183068275452, 0.38858169317245483, 0.5862390398979187, 0.3709341883659363, 0.5631585121154785, 0.3475218415260315, 0.5318438410758972, 0.33991020917892456, 0.5, 0.33560484647750854, 0.4685857892036438, 0.3420701026916504, 0.4415764808654785, 0.35895317792892456, 0.41320616006851196, 0.3701038360595703, 0.3913835883140564, 0.3913835883140564, 0.3642720580101013, 0.4093095064163208, 0.3617861270904541, 0.44274991750717163, 0.33994200825691223, 0.468162477016449, 0.3476569950580597, 0.5, 0.348206490278244, 0.5301935970783234, 0.3518300950527191, 0.5613739788532257, 0.3659818768501282, 0.5895480513572693, 0.3880259692668915, 0.6119740307331085, 0.4115990996360779, 0.6323013007640839, 0.43889090418815613, 0.6475303769111633, 0.468808114528656, 0.6568122506141663, 0.5, 0.6513257920742035, 0.5301790833473206, 0.6517206430435181, 0.5573253631591797, 0.6383957266807556, 0.5885032415390015, 0.6324544250965118, 0.6092938184738159, 0.6092938482761383, 0.6277588605880737, 0.5853657424449921, 0.6424771547317505, 0.5590159595012665, 0.6626293063163757, 0.5323489904403687, 0.7904110550880432, 0.5, 0.837632417678833, 0.4328407049179077, 0.8181217312812805, 0.3682296872138977, 0.7458397746086121, 0.33573514223098755, 0.7398695945739746, 0.2601304054260254, 0.6639541387557983, 0.2546253204345703, 0.6249189972877502, 0.19841885566711426, 0.5565723180770874, 0.2155919075012207, 0.5, 0.19635653495788574, 0.4383811354637146, 0.19022101163864136, 0.3822558522224426, 0.21574050188064575, 0.3116966784000397, 0.21818417310714722, 0.26914677023887634, 0.26914680004119873, 0.26401153206825256, 0.34231752157211304, 0.2040596604347229, 0.37741750478744507, 0.21769019961357117, 0.44384509325027466, 0.2063363492488861, 0.5, 0.19732654094696045, 0.560205489397049, 0.2196708470582962, 0.6161161363124847, 0.23377572000026703, 0.6778853833675385, 0.2525853216648102, 0.7474146783351898, 0.31348705291748047, 0.7791363596916199, 0.37775519490242004, 0.7951250970363617, 0.4336889684200287, 0.8333680927753448, 0.5, 0.7932275384664536, 0.5646336674690247, 0.8249352872371674, 0.6335929036140442, 0.8225217908620834, 0.6928002238273621, 0.7885459661483765, 0.7241551876068115, 0.7241551876068115, 0.7683435678482056, 0.6793014407157898, 0.7847280502319336, 0.617938220500946, 0.8060757517814636, 0.5608822703361511, 1.0402172803878784, 0.5, 0.9009343981742859, 0.42024916410446167, 0.9801973104476929, 0.30109578371047974, 0.8516048789024353, 0.26506513357162476, 0.8349317312240601, 0.16506826877593994, 0.7625426650047302, 0.10707712173461914, 0.6513280868530273, 0.1346617341041565, 0.5901806354522705, 0.04663139581680298, 0.5, 0.10916703939437866, 0.3960214853286743, -0.0227353572845459, 0.2962505519390106, 0.008105278015136719, 0.23483623564243317, 0.10315436124801636, 0.14188480377197266, 0.14188480377197266, 0.08390243351459503, 0.22197246551513672, 0.11186936497688293, 0.339231014251709, 0.10880931466817856, 0.42218732833862305, 0.05410845950245857, 0.5, 0.055767640471458435, 0.5883633196353912, 0.07131356000900269, 0.6775677502155304, 0.09118805825710297, 0.7731594145298004, 0.14275504648685455, 0.8572449535131454, 0.23619520664215088, 0.8948117718100548, 0.3512516915798187, 0.8591102063655853, 0.4141928255558014, 0.9313817471265793, 0.5, 0.9847436500713229, 0.6024063229560852, 1.014831280335784, 0.6495199799537659, 0.8609731942415237, 0.7774630188941956, 0.9152527302503586, 0.826285719871521, 0.8262857347726822, 0.866208016872406, 0.7446923553943634, 0.9819780588150024, 0.6996418535709381, 0.9244873523712158, 0.5844357907772064]
            tri (int, 480):  [0, 2, 1, 0, 3, 2, 0, 4, 3, 0, 5, 4, 0, 6, 5, 0, 7, 6, 0, 8, 7, 0, 9, 8, 0, 10, 9, 0, 11, 10, 0, 12, 11, 0, 13, 12, 0, 14, 13, 0, 15, 14, 0, 16, 15, 0, 17, 16, 0, 18, 17, 0, 19, 18, 0, 20, 19, 0, 21, 20, 0, 22, 21, 0, 23, 22, 0, 24, 23, 0, 25, 24, 0, 26, 25, 0, 27, 26, 0, 28, 27, 0, 29, 28, 0, 30, 29, 0, 31, 30, 0, 32, 31, 0, 1, 32, 1, 34, 33, 1, 2, 34, 2, 35, 34, 2, 3, 35, 3, 36, 35, 3, 4, 36, 4, 37, 36, 4, 5, 37, 5, 38, 37, 5, 6, 38, 6, 39, 38, 6, 7, 39, 7, 40, 39, 7, 8, 40, 8, 41, 40, 8, 9, 41, 9, 42, 41, 9, 10, 42, 10, 43, 42, 10, 11, 43, 11, 44, 43, 11, 12, 44, 12, 45, 44, 12, 13, 45, 13, 46, 45, 13, 14, 46, 14, 47, 46, 14, 15, 47, 15, 48, 47, 15, 16, 48, 16, 49, 48, 16, 17, 49, 17, 50, 49, 17, 18, 50, 18, 51, 50, 18, 19, 51, 19, 52, 51, 19, 20, 52, 20, 53, 52, 20, 21, 53, 21, 54, 53, 21, 22, 54, 22, 55, 54, 22, 23, 55, 23, 56, 55, 23, 24, 56, 24, 57, 56, 24, 25, 57, 25, 58, 57, 25, 26, 58, 26, 59, 58, 26, 27, 59, 27, 60, 59, 27, 28, 60, 28, 61, 60, 28, 29, 61, 29, 62, 61, 29, 30, 62, 30, 63, 62, 30, 31, 63, 31, 64, 63, 31, 32, 64, 32, 33, 64, 33, 32, 1, 33, 66, 65, 33, 34, 66, 34, 67, 66, 34, 35, 67, 35, 68, 67, 35, 36, 68, 36, 69, 68, 36, 37, 69, 37, 70, 69, 37, 38, 70, 38, 71, 70, 38, 39, 71, 39, 72, 71, 39, 40, 72, 40, 73, 72, 40, 41, 73, 41, 74, 73, 41, 42, 74, 42, 75, 74, 42, 43, 75, 43, 76, 75, 43, 44, 76, 44, 77, 76, 44, 45, 77, 45, 78, 77, 45, 46, 78, 46, 79, 78, 46, 47, 79, 47, 80, 79, 47, 48, 80, 48, 81, 80, 48, 49, 81, 49, 82, 81, 49, 50, 82, 50, 83, 82, 50, 51, 83, 51, 84, 83, 51, 52, 84, 52, 85, 84, 52, 53, 85, 53, 86, 85, 53, 54, 86, 54, 87, 86, 54, 55, 87, 55, 88, 87, 55, 56, 88, 56, 89, 88, 56, 57, 89, 57, 90, 89, 57, 58, 90, 58, 91, 90, 58, 59, 91, 59, 92, 91, 59, 60, 92, 60, 93, 92, 60, 61, 93, 61, 94, 93, 61, 62, 94, 62, 95, 94, 62, 63, 95, 63, 96, 95, 63, 64, 96, 64, 65, 96, 65, 64, 33]
            boundingsphere (float, 4):  [0.750361442565918, 0.11460037529468536, 0.06287670135498047, 8.729698678511648]
            aabb:
                min (float, 3):  [-7.094134330749512, 0.037200745195150375, -8.19096565246582]
                max (float, 3):  [8.594857215881348, 0.19200000166893005, 8.316719055175781]
            material:
                shader (str, 1):  ['PdxMeshAlphaBlend']
                diff (str, 1):  ['air_winter_mediterranean_thaw_flood_diff.dds']
                spec (str, 1):  ['air_winter_mediterranean_thaw_flood_spec.dds']
                n (str, 1):  ['air_winter_mediterranean_thaw_flood_n.dds']
locator:
