pdxasset (int, 2):  [1, 0]
object:
    air_winter_mediterranean_phase_4:
        mesh:
            p (float, 291):  [0.0, 0.4032000005245209, 0.0, 3.3140766620635986, 0.294790655374527, 0.0, 3.176288604736328, 0.3391098976135254, 0.6318030953407288, 3.089944839477539, 0.3634111285209656, 1.2798970937728882, 2.584423542022705, 0.3595033586025238, 1.7268565893173218, 2.358229875564575, 0.32870376110076904, 2.358229875564575, 1.7884336709976196, 0.2813936471939087, 2.6765801906585693, 1.2639228105545044, 0.23351940512657166, 3.051379442214966, 0.613666296005249, 0.20121757686138153, 3.085108757019043, 1.9644519138130762e-16, 0.19537584483623505, 3.208193302154541, -0.6204516887664795, 0.21796320378780365, 3.1192214488983154, -1.225649356842041, 0.2613663673400879, 2.9589791297912598, -1.8585809469223022, 0.31095582246780396, 2.7815630435943604, -2.301154613494873, 0.35001689195632935, 2.301154613494873, -2.852074384689331, 0.36538365483283997, 1.9056951999664307, -3.0430221557617188, 0.35187655687332153, 1.2604609727859497, -3.1038432121276855, 0.31404829025268555, 0.6173928380012512, -3.3044989109039307, 0.26464933156967163, 4.046843901108453e-16, -3.21116042137146, 0.22033008933067322, -0.6387395262718201, -2.896402359008789, 0.19602885842323303, -1.1997292041778564, -2.721931219100952, 0.1999366283416748, -1.8187363147735596, -2.1840226650238037, 0.23073624074459076, -2.1840226650238037, -1.788329005241394, 0.2780463695526123, -2.6764235496520996, -1.2540782690048218, 0.32592058181762695, -3.0276126861572266, -0.6498188376426697, 0.35822242498397827, -3.266859769821167, -6.298875279566287e-16, 0.36406415700912476, -3.428947925567627, 0.6448063850402832, 0.34147679805755615, -3.2416605949401855, 1.1837563514709473, 0.2980736196041107, -2.8578405380249023, 1.80850088596344, 0.24848417937755585, -2.7066128253936768, 2.244577646255493, 0.20942309498786926, -2.244577646255493, 2.7877392768859863, 0.19405634701251984, -1.8627078533172607, 3.146113872528076, 0.20756344497203827, -1.3031630516052246, 3.0557713508605957, 0.24539169669151306, -0.6078307032585144, 6.9181036949157715, 0.20911066234111786, 0.0, 6.111303806304932, 0.25342991948127747, 1.2156139612197876, 5.610252380371094, 0.27773115038871765, 2.3238425254821777, 5.3723464012146, 0.2738233804702759, 3.5896871089935303, 4.53348970413208, 0.24302375316619873, 4.53348970413208, 3.45723295211792, 0.19571363925933838, 5.17411470413208, 2.3683784008026123, 0.14783941209316254, 5.717771053314209, 1.2549171447753906, 0.11553757637739182, 6.308894634246826, 4.163869443705515e-16, 0.10969583690166473, 6.800114631652832, -1.1793888807296753, 0.13228321075439453, 5.929188251495361, -2.428262948989868, 0.17568637430667877, 5.8623456954956055, -3.418673038482666, 0.22527581453323364, 5.116405487060547, -4.848125457763672, 0.2643369138240814, 4.848125457763672, -5.1269707679748535, 0.27970364689826965, 3.4257326126098633, -6.349098205566406, 0.2661965489387512, 2.629882574081421, -5.7388129234313965, 0.22836829721927643, 1.1415208578109741, -7.038905620574951, 0.1789693385362625, 8.620172777285841e-16, -6.300764560699463, 0.1346500962972641, -1.2533000707626343, -6.607158184051514, 0.11034885793924332, -2.736774444580078, -5.781301975250244, 0.11425662785768509, -3.8629424571990967, -4.963874340057373, 0.14505624771118164, -4.963874340057373, -3.251882314682007, 0.192366361618042, -4.866786003112793, -2.6347036361694336, 0.24024058878421783, -6.360736846923828, -1.2806576490402222, 0.27254241704940796, -6.438300609588623, -1.301066747421602e-15, 0.27838414907455444, -7.082677364349365, 1.2922335863113403, 0.25579679012298584, -6.49649715423584, 2.414224147796631, 0.2123936265707016, -5.8284525871276855, 3.9493300914764404, 0.16280418634414673, -5.910590171813965, 5.118415355682373, 0.12374310195446014, -5.118415355682373, 5.094570159912109, 0.10837634652853012, -3.404082775115967, 5.5611186027526855, 0.12188345193862915, -2.3034908771514893, 6.320406436920166, 0.15971170365810394, -1.2572070360183716, 10.099183082580566, 0.11367905884981155, 0.0, 8.363508224487305, 0.1293211430311203, 1.6636053323745728, 9.120088577270508, 0.1378980427980423, 3.7776646614074707, 8.095200538635254, 0.13651883602142334, 5.409040451049805, 7.458115577697754, 0.1256483793258667, 7.458115577697754, 4.709286212921143, 0.10895069688558578, 7.04794454574585, 3.237931251525879, 0.09205390512943268, 7.8170576095581055, 1.884277582168579, 0.08065326511859894, 9.47290325164795, 6.367688765596818e-16, 0.0785914734005928, 10.399225234985352, -1.9265928268432617, 0.08656348288059235, 9.685636520385742, -3.968445062637329, 0.10188224911689758, 9.580674171447754, -4.9175801277160645, 0.11938440799713135, 7.359678745269775, -5.741636753082275, 0.13317066431045532, 5.741636753082275, -8.480729103088379, 0.13859422504901886, 5.666642189025879, -9.300045013427734, 0.13382701575756073, 3.8522045612335205, -7.946839332580566, 0.1204758733510971, 1.5807245969772339, -8.288058280944824, 0.10304094105958939, 1.0149943926180262e-15, -10.032125473022461, 0.08739885687828064, -1.995513916015625, -9.356926918029785, 0.07882194966077805, -3.8757660388946533, -7.21381950378418, 0.0802011638879776, -4.820120334625244, -6.253827095031738, 0.09107161313295364, -6.253827095031738, -5.189680576324463, 0.10776930302381516, -7.766906261444092, -3.0926692485809326, 0.12466609477996826, -7.46636438369751, -1.7493000030517578, 0.136066734790802, -8.79432487487793, -1.612123503674746e-15, 0.13812853395938873, -8.775991439819336, 1.5897891521453857, 0.1301565170288086, -7.992409706115723, 3.7036550045013428, 0.11483775079250336, -8.941413879394531, 6.110085964202881, 0.09733559191226959, -9.144390106201172, 5.842378616333008, 0.08354932814836502, -5.842378616333008, 8.489777565002441, 0.07812576740980148, -5.672688007354736, 9.203317642211914, 0.08289298415184021, -3.8121390342712402, 8.748207092285156, 0.09624412655830383, -1.740126609802246]
            n (float, 291):  [-0.0002395412011537701, 0.9999999403953552, 5.855529161635786e-05, 0.027375809848308563, 0.9978261590003967, -0.059946585446596146, 0.03109886310994625, 0.998845100402832, -0.036623790860176086, 0.024989178404211998, 0.9996798038482666, -0.003958954941481352, 0.003575622569769621, 0.9995722770690918, 0.02902526594698429, -0.0174978319555521, 0.9984621405601501, 0.052603933960199356, -0.03444503992795944, 0.9974062442779541, 0.06320064514875412, -0.033510807901620865, 0.9979159832000732, 0.055142395198345184, -0.016495488584041595, 0.9985677003860474, 0.050897035747766495, 0.010271862149238586, 0.9990057945251465, 0.04338017851114273, 0.032712992280721664, 0.9981830716133118, 0.05060192197561264, 0.04649166017770767, 0.9972128868103027, 0.0583522692322731, 0.03374835103750229, 0.9978758096694946, 0.055720359086990356, 0.011166810058057308, 0.9991374015808105, 0.03999738022685051, -0.016027230769395828, 0.9997941255569458, 0.012444359250366688, -0.03333054482936859, 0.9990782141685486, -0.027049336582422256, -0.03879440203309059, 0.9979698061943054, -0.050510287284851074, -0.03215743973851204, 0.9979792833328247, -0.05480203777551651, -0.029247624799609184, 0.9981552958488464, -0.05320344120264053, -0.038454558700323105, 0.9988464117050171, -0.02875746414065361, -0.04335462301969528, 0.9990492463111877, -0.00458908686414361, -0.06253614276647568, 0.9980354905128479, 0.0038092597387731075, -0.07167477160692215, 0.9973918199539185, 0.008504708297550678, -0.06112055853009224, 0.9981300234794617, -0.0007963859243318439, -0.02885957434773445, 0.9994910359382629, -0.013590699061751366, 0.010200784541666508, 0.9997859001159668, -0.01800333894789219, 0.05122492089867592, 0.9986178278923035, -0.011765340343117714, 0.06832285225391388, 0.9976534247398376, -0.00443261070176959, 0.060632433742284775, 0.9981597661972046, 0.0009208203991875052, 0.05566789582371712, 0.9984307885169983, -0.006077410653233528, 0.03724581375718117, 0.9990140795707703, -0.02415921725332737, 0.027403241023421288, 0.9986842274665833, -0.04334595799446106, 0.029098140075802803, 0.9974809288978577, -0.06469255685806274, 0.029476255178451538, 0.9992810487747192, -0.023842766880989075, 0.03861045464873314, 0.9991400837898254, -0.01511156465858221, 0.03603304177522659, 0.9993504881858826, 0.0005338480114005506, 0.02239941991865635, 0.9994527697563171, 0.024340204894542694, -0.002480211667716503, 0.9990314245223999, 0.043933384120464325, -0.018123898655176163, 0.9986030459403992, 0.049633514136075974, -0.01548886951059103, 0.9992414116859436, 0.035731278359889984, -0.004374961368739605, 0.9997557401657104, 0.02166161872446537, 0.0039767054840922356, 0.9998694658279419, 0.01565820910036564, 0.019201038405299187, 0.9994438886642456, 0.027262121438980103, 0.01819378323853016, 0.9992881417274475, 0.03304842486977577, 0.008885771967470646, 0.9988806843757629, 0.04645896703004837, -0.014995308592915535, 0.998572587966919, 0.05126319080591202, -0.023402318358421326, 0.9994359612464905, 0.02408708445727825, -0.04391632229089737, 0.9989192485809326, -0.015224195085465908, -0.042616941034793854, 0.9985421895980835, -0.03312474116683006, -0.03453629091382027, 0.9993072748184204, -0.013861705549061298, -0.01783693954348564, 0.9994325637817383, -0.028572268784046173, -0.013192478567361832, 0.9998363852500916, -0.01238041277974844, -0.024138381704688072, 0.9997015595436096, -0.003773063188418746, -0.03230435028672218, 0.9994735717773438, -0.0030022768769413233, -0.05045073851943016, 0.9987230896949768, -0.0026470236480236053, -0.04404265433549881, 0.998548686504364, -0.03099466860294342, -0.02848648838698864, 0.9988528490066528, -0.03849131613969803, 0.012970859184861183, 0.9984241724014282, -0.05459829792380333, 0.03523572161793709, 0.9986495971679688, -0.03817685693502426, 0.03678719699382782, 0.9991874098777771, -0.016466543078422546, 0.033511146903038025, 0.9994316697120667, -0.003671144600957632, 0.0304577499628067, 0.9995356798171997, 0.0008995962562039495, 0.021214984357357025, 0.9997474551200867, -0.00741416634991765, 0.013651697896420956, 0.9995490312576294, -0.02674420364201069, 0.01719384826719761, 0.9990319013595581, -0.04049167037010193, 0.03149445727467537, 0.9993966817855835, -0.014640644192695618, 0.044741787016391754, 0.9989985823631287, 5.4324093071045354e-05, 0.04099898412823677, 0.9991440176963806, 0.005512624979019165, 0.028943564742803574, 0.9993436336517334, 0.021784737706184387, 0.009900325909256935, 0.9992972016334534, 0.03615260496735573, -0.010326813906431198, 0.9987849593162537, 0.048186980187892914, -0.003198527032509446, 0.9996441006660461, 0.02648497372865677, 0.0007008652901276946, 0.9999251365661621, 0.012218451127409935, 0.0031043807975947857, 0.9999424815177917, 0.010261966846883297, 0.010488113388419151, 0.999817430973053, 0.01597307063639164, 0.007613908965140581, 0.9996981620788574, 0.023359190672636032, -0.01234549842774868, 0.9992469549179077, 0.03678343817591667, -0.022793594747781754, 0.9981024861335754, 0.05720042809844017, -0.02953607402741909, 0.9990952014923096, 0.03060159459710121, -0.041294969618320465, 0.9991470575332642, -0.0001102746173273772, -0.057481806725263596, 0.9980560541152954, -0.024083448573946953, -0.0339088961482048, 0.9994147419929504, -0.004508999176323414, -0.013452091254293919, 0.9998497366905212, -0.010938439518213272, -0.009319989010691643, 0.999895453453064, -0.011051904410123825, -0.017997203394770622, 0.9998030662536621, -0.008358240127563477, -0.028833340853452682, 0.9995531439781189, -0.007882888428866863, -0.03177765756845474, 0.9993314743041992, -0.01808016374707222, -0.04161662980914116, 0.9981861114501953, -0.0435025580227375, -0.029363667592406273, 0.9975420236587524, -0.06362219154834747, 0.010249368846416473, 0.9973950982093811, -0.07139948755502701, 0.0296468622982502, 0.9977906942367554, -0.05945302173495293, 0.015397288836538792, 0.9995884299278259, -0.02420547977089882, 0.025156037881970406, 0.9996377229690552, -0.009573142975568771, 0.027539527043700218, 0.9996200799942017, -0.0011640310985967517, 0.0076965331099927425, 0.9999409317970276, -0.0076734451577067375, 0.0075410217978060246, 0.9999023675918579, -0.01176477875560522, 0.018148675560951233, 0.9994391798973083, -0.028141377493739128]
            ta (float, 388):  [0.9999998807907104, 0.00023954173957463354, 2.370012808228239e-08, 1.0, 0.9996238350868225, -0.02742568776011467, -9.293607945437543e-06, 1.0, 0.9995154738426208, -0.03112584352493286, -0.0001666513562668115, 1.0, 0.999687671661377, -0.024989407509565353, -8.23182472231565e-06, 1.0, 0.999993622303009, -0.003576198359951377, -3.2071591704152524e-05, 1.0, 0.9998461604118347, 0.017535921186208725, -0.0002626332570798695, 1.0, 0.9994027614593506, 0.034548792988061905, -0.0005493033095262945, 1.0, 0.9994354844093323, 0.03359127789735794, -0.0005329013802111149, 1.0, 0.9998633861541748, 0.016529029235243797, -0.00023813062580302358, 1.0, 0.9999470710754395, -0.010286455042660236, 0.0001131769604398869, 1.0, 0.9994624257087708, -0.03278125822544098, 0.000519574386999011, 1.0, 0.9989138245582581, -0.04659372195601463, 0.00038892842712812126, 1.0, 0.9994274377822876, -0.03383033722639084, 0.000528428063262254, 1.0, 0.9999375343322754, -0.01117955707013607, 9.50269604800269e-05, 1.0, 0.9998714923858643, 0.016028784215450287, -2.530071469664108e-05, 1.0, 0.9994438886642456, 0.03334437683224678, 6.032675810274668e-05, 1.0, 0.9992448687553406, 0.03885321319103241, 0.00018257962074130774, 1.0, 0.9994810819625854, 0.03221196308732033, 0.00011178413114976138, 1.0, 0.9995711445808411, 0.029283951967954636, -9.681091614766046e-05, 1.0, 0.9992596507072449, 0.038471151143312454, 2.3764569050399587e-05, 1.0, 0.999059796333313, 0.04335516318678856, 1.864638579718303e-05, 1.0, 0.998042643070221, 0.06253672391176224, -3.464250039542094e-05, 1.0, 0.9974278211593628, 0.0716785192489624, -0.0001353534171357751, 1.0, 0.9981304407119751, 0.06112058833241463, 3.919763912563212e-06, 1.0, 0.99958336353302, 0.02886342816054821, 8.73689423315227e-05, 1.0, 0.9999479651451111, -0.010203037410974503, -3.3296761102974415e-05, 1.0, 0.9986869692802429, -0.0512293316423893, -7.351418025791645e-05, 1.0, 0.997663140296936, -0.06832373887300491, -5.042711927671917e-05, 1.0, 0.998160183429718, -0.06063247099518776, 1.3268236216390505e-05, 1.0, 0.9984492659568787, -0.055669065564870834, -2.244610914203804e-05, 1.0, 0.999305784702301, -0.03725568577647209, 4.1439674532739446e-05, 1.0, 0.9996237754821777, -0.02742687426507473, 4.9403959565097466e-05, 1.0, 0.9995750784873962, -0.02914932183921337, 0.00015275893383659422, 1.0, 0.9995651841163635, -0.02948518469929695, -2.2860305762151256e-05, 1.0, 0.9992541670799255, -0.03861530125141144, -2.8925320293637924e-05, 1.0, 0.9993506073951721, -0.03603304922580719, 6.527313445303662e-08, 1.0, 0.9997488856315613, -0.022405482828617096, -2.353466879867483e-05, 1.0, 0.9999969005584717, 0.0024780426174402237, 0.00010383371409261599, 1.0, 0.9998354315757751, 0.01814226806163788, 8.04295195848681e-05, 1.0, 0.999879777431488, 0.015504058450460434, -0.0001480588543927297, 1.0, 0.9999904036521912, 0.004375579301267862, 1.8884022210841067e-05, 1.0, 0.9999920129776001, -0.003977128304541111, -4.0915588215284515e-06, 1.0, 0.9998154640197754, -0.019209159538149834, 3.602182550821453e-05, 1.0, 0.9998342394828796, -0.01820477657020092, 3.188287155353464e-05, 1.0, 0.9999603629112244, -0.008900223299860954, 0.00010421561455586925, 1.0, 0.9998854994773865, 0.015079149045050144, -0.0012491021770983934, 1.0, 0.9997258186340332, 0.02341044507920742, -5.553529626922682e-05, 1.0, 0.9990350604057312, 0.04392082989215851, -3.83159531338606e-05, 1.0, 0.9990906119346619, 0.04263749718666077, -8.593386883148924e-05, 1.0, 0.9994032979011536, 0.0345420241355896, 0.00017388787819072604, 1.0, 0.9998407363891602, 0.017846224829554558, 6.996097363298759e-05, 1.0, 0.9999129176139832, 0.01319352351129055, 2.864165935534402e-06, 1.0, 0.9997085928916931, 0.024138549342751503, 7.331770035534646e-08, 1.0, 0.9994781017303467, 0.03230447322130203, -8.747641913942061e-06, 1.0, 0.9987265467643738, 0.05045090988278389, -3.074942469538655e-06, 1.0, 0.9990262389183044, 0.04410205036401749, 0.0012347765732556581, 1.0, 0.9995934963226318, 0.028508353978395462, 1.9338474885444157e-05, 1.0, 0.9999156594276428, -0.012985697016119957, 8.29402997624129e-05, 1.0, 0.9993769526481628, -0.035287100821733475, -0.0006726691499352455, 1.0, 0.9993228912353516, -0.03679279610514641, -3.671518061310053e-05, 1.0, 0.9994383454322815, -0.03351135551929474, 4.03000422011246e-06, 1.0, 0.9995359778404236, -0.030457772314548492, 1.612268533790484e-05, 1.0, 0.9997749328613281, -0.021215666085481644, -1.3278685401019175e-05, 1.0, 0.9999067187309265, -0.013656996190547943, -1.5439169146702625e-05, 1.0, 0.9998518824577332, -0.017209643498063087, -4.152499604970217e-05, 1.0, 0.9995038509368896, -0.03149751201272011, 2.213845436926931e-05, 1.0, 0.9989985227584839, -0.044741787016391754, -7.508260679855994e-09, 1.0, 0.9991592168807983, -0.04099958389997482, -3.833903065242339e-06, 1.0, 0.9995808601379395, -0.028950722888112068, 1.318775048275711e-05, 1.0, 0.9999508857727051, -0.009908879175782204, 5.7376804761588573e-05, 1.0, 0.9999465942382812, 0.01032567210495472, 0.00027264043455943465, 1.0, 0.9999948143959045, 0.0031979524064809084, 6.404425948858261e-05, 1.0, 0.9999997019767761, -0.0007012490532360971, 2.713883441174403e-05, 1.0, 0.9999951720237732, -0.0031044280622154474, -1.1369904314051382e-05, 1.0, 0.9999449849128723, -0.010488593950867653, -5.37218656972982e-05, 1.0, 0.9999710917472839, -0.0076108817011117935, -0.00021855300292372704, 1.0, 0.9999236464500427, 0.01236027106642723, -0.00017419958021491766, 1.0, 0.9997391700744629, 0.02283693291246891, -0.00010399825987406075, 1.0, 0.9995633959770203, 0.02954522706568241, 0.00015292060561478138, 1.0, 0.9991469979286194, 0.04129496216773987, 4.635426762433781e-07, 1.0, 0.9983455538749695, 0.057498764246702194, 1.2034968676744029e-05, 1.0, 0.9994248747825623, 0.033909332007169724, 1.997028084588237e-05, 1.0, 0.9999094605445862, 0.01345251128077507, -3.5129141906509176e-05, 1.0, 0.9999565482139587, 0.009320348501205444, -1.8976692444994114e-05, 1.0, 0.9998379349708557, 0.017997831106185913, 2.2204885397059115e-07, 1.0, 0.9995842576026917, 0.028834333643317223, 1.2318179869907908e-05, 1.0, 0.9994949698448181, 0.03177868574857712, -0.0002306963287992403, 1.0, 0.9991319179534912, 0.041657403111457825, 3.092371844104491e-05, 1.0, 0.9995668530464172, 0.029429493471980095, 9.76002193056047e-05, 1.0, 0.9999465942382812, -0.010318852961063385, -0.0006043298053555191, 1.0, 0.9995589256286621, -0.029698997735977173, 6.733671852998668e-06, 1.0, 0.9998814463615417, -0.015396492555737495, 0.00021928765636403114, 1.0, 0.9996834993362427, -0.02515660785138607, 6.075212513678707e-05, 1.0, 0.9996206760406494, -0.027539541944861412, -2.054203832813073e-06, 1.0, 0.9999704957008362, -0.007696585729718208, 2.2716043531545438e-05, 1.0, 0.9999715685844421, -0.007541440427303314, 8.804422577668447e-06, 1.0, 0.999835193157196, -0.018156059086322784, -6.842865786893526e-06, 1.0]
            u0 (float, 194):  [0.5, 0.5, 0.6605657339096069, 0.5, 0.6538899540901184, 0.4693893790245056, 0.6497066617012024, 0.4379894733428955, 0.6252143383026123, 0.41633445024490356, 0.6142553091049194, 0.38574469089508057, 0.5866489410400391, 0.37032073736190796, 0.561236560344696, 0.35216182470321655, 0.5297318696975708, 0.35052770376205444, 0.5, 0.3445642590522766, 0.46993935108184814, 0.34887492656707764, 0.44061776995658875, 0.3566386103630066, 0.40995246171951294, 0.365234375, 0.38850995898246765, 0.38850992918014526, 0.3618181049823761, 0.4076697826385498, 0.35256674885749817, 0.4389311671257019, 0.34961998462677, 0.47008752822875977, 0.33989831805229187, 0.5, 0.34442052245140076, 0.530946671962738, 0.3596704304218292, 0.5581264197826385, 0.36812347173690796, 0.5881170630455017, 0.394184947013855, 0.605815052986145, 0.41335615515708923, 0.6296716928482056, 0.43924039602279663, 0.6466866731643677, 0.4685165286064148, 0.658278077840805, 0.5, 0.6661311984062195, 0.5312406420707703, 0.6570571959018707, 0.5573525428771973, 0.6384612619876862, 0.5876211524009705, 0.6311343610286713, 0.6087489128112793, 0.6087489128112793, 0.6350648999214172, 0.5902474820613861, 0.6524280309677124, 0.5631377398967743, 0.6480509638786316, 0.5294491648674011, 0.8351794481277466, 0.5, 0.796090304851532, 0.441103994846344, 0.7718145251274109, 0.3874107003211975, 0.7602881193161011, 0.3260810375213623, 0.7196457982063293, 0.28035420179367065, 0.6675015687942505, 0.24931615591049194, 0.6147469878196716, 0.2229762077331543, 0.5608002543449402, 0.19433647394180298, 0.5, 0.1705370545387268, 0.44285905361175537, 0.21273314952850342, 0.3823516070842743, 0.21597164869308472, 0.3343666195869446, 0.25211215019226074, 0.26511022448539734, 0.26511019468307495, 0.2516002357006073, 0.3340246081352234, 0.192388653755188, 0.37258321046829224, 0.22195672988891602, 0.44469374418258667, 0.1589677631855011, 0.5, 0.19473038613796234, 0.5607219040393829, 0.17988575994968414, 0.6325956583023071, 0.21989816427230835, 0.6871580481529236, 0.25950220227241516, 0.7404977977275848, 0.34244754910469055, 0.7357938885688782, 0.3723496198654175, 0.8081752508878708, 0.4379526376724243, 0.8119331747293472, 0.5, 0.8431529849767685, 0.5626082420349121, 0.8147527724504471, 0.6169682145118713, 0.7823862731456757, 0.6913435459136963, 0.786365807056427, 0.7479852437973022, 0.7479852437973022, 0.7468299269676208, 0.6649264991283417, 0.7694340348243713, 0.6116032302379608, 0.8062212467193604, 0.5609111785888672, 0.9893015027046204, 0.5, 0.9052087664604187, 0.4193989634513855, 0.9418647885322571, 0.31697362661361694, 0.8922093510627747, 0.23793411254882812, 0.8613427877426147, 0.13865721225738525, 0.7281630635261536, 0.15852981805801392, 0.6568765044212341, 0.12126660346984863, 0.5912925004959106, 0.04104149341583252, 0.5, -0.0038384199142456055, 0.406657338142395, 0.030734658241271973, 0.30773037672042847, 0.035820066928863525, 0.2617451548576355, 0.14342641830444336, 0.2218199223279953, 0.2218199372291565, 0.08911193907260895, 0.22545337677001953, 0.049416445195674896, 0.313362181186676, 0.11497872322797775, 0.42341452836990356, 0.0984467938542366, 0.5, 0.01394739095121622, 0.5966818630695343, 0.04666050523519516, 0.6877793669700623, 0.15049323439598083, 0.7335329651832581, 0.197004497051239, 0.802995502948761, 0.24856197834014893, 0.8763035908341408, 0.3501613736152649, 0.8617424517869949, 0.4152470827102661, 0.9260816350579262, 0.5, 0.9251933991909027, 0.5770246386528015, 0.8872291445732117, 0.6794406771659851, 0.933208055794239, 0.7960312962532043, 0.9430421479046345, 0.7830609679222107, 0.7830609828233719, 0.9113264679908752, 0.7748395353555679, 0.9458971619606018, 0.6846966445446014, 0.9238472580909729, 0.5843084752559662]
            tri (int, 480):  [0, 2, 1, 0, 3, 2, 0, 4, 3, 0, 5, 4, 0, 6, 5, 0, 7, 6, 0, 8, 7, 0, 9, 8, 0, 10, 9, 0, 11, 10, 0, 12, 11, 0, 13, 12, 0, 14, 13, 0, 15, 14, 0, 16, 15, 0, 17, 16, 0, 18, 17, 0, 19, 18, 0, 20, 19, 0, 21, 20, 0, 22, 21, 0, 23, 22, 0, 24, 23, 0, 25, 24, 0, 26, 25, 0, 27, 26, 0, 28, 27, 0, 29, 28, 0, 30, 29, 0, 31, 30, 0, 32, 31, 0, 1, 32, 1, 34, 33, 1, 2, 34, 2, 35, 34, 2, 3, 35, 3, 36, 35, 3, 4, 36, 4, 37, 36, 4, 5, 37, 5, 38, 37, 5, 6, 38, 6, 39, 38, 6, 7, 39, 7, 40, 39, 7, 8, 40, 8, 41, 40, 8, 9, 41, 9, 42, 41, 9, 10, 42, 10, 43, 42, 10, 11, 43, 11, 44, 43, 11, 12, 44, 12, 45, 44, 12, 13, 45, 13, 46, 45, 13, 14, 46, 14, 47, 46, 14, 15, 47, 15, 48, 47, 15, 16, 48, 16, 49, 48, 16, 17, 49, 17, 50, 49, 17, 18, 50, 18, 51, 50, 18, 19, 51, 19, 52, 51, 19, 20, 52, 20, 53, 52, 20, 21, 53, 21, 54, 53, 21, 22, 54, 22, 55, 54, 22, 23, 55, 23, 56, 55, 23, 24, 56, 24, 57, 56, 24, 25, 57, 25, 58, 57, 25, 26, 58, 26, 59, 58, 26, 27, 59, 27, 60, 59, 27, 28, 60, 28, 61, 60, 28, 29, 61, 29, 62, 61, 29, 30, 62, 30, 63, 62, 30, 31, 63, 31, 64, 63, 31, 32, 64, 32, 33, 64, 33, 32, 1, 33, 66, 65, 33, 34, 66, 34, 67, 66, 34, 35, 67, 35, 68, 67, 35, 36, 68, 36, 69, 68, 36, 37, 69, 37, 70, 69, 37, 38, 70, 38, 71, 70, 38, 39, 71, 39, 72, 71, 39, 40, 72, 40, 73, 72, 40, 41, 73, 41, 74, 73, 41, 42, 74, 42, 75, 74, 42, 43, 75, 43, 76, 75, 43, 44, 76, 44, 77, 76, 44, 45, 77, 45, 78, 77, 45, 46, 78, 46, 79, 78, 46, 47, 79, 47, 80, 79, 47, 48, 80, 48, 81, 80, 48, 49, 81, 49, 82, 81, 49, 50, 82, 50, 83, 82, 50, 51, 83, 51, 84, 83, 51, 52, 84, 52, 85, 84, 52, 53, 85, 53, 86, 85, 53, 54, 86, 54, 87, 86, 54, 55, 87, 55, 88, 87, 55, 56, 88, 56, 89, 88, 56, 57, 89, 57, 90, 89, 57, 58, 90, 58, 91, 90, 58, 59, 91, 59, 92, 91, 59, 60, 92, 60, 93, 92, 60, 61, 93, 61, 94, 93, 61, 62, 94, 62, 95, 94, 62, 63, 95, 63, 96, 95, 63, 64, 96, 64, 65, 96, 65, 64, 33]
            boundingsphere (float, 4):  [0.033528804779052734, 0.24066288769245148, 0.6274175643920898, 11.507967494097572]
            aabb:
                min (float, 3):  [-10.032125473022461, 0.07812576740980148, -9.144390106201172]
                max (float, 3):  [10.099183082580566, 0.4032000005245209, 10.399225234985352]
            material:
                shader (str, 1):  ['PdxMeshAdvanced']
                diff (str, 1):  ['air_winter_mediterranean_phase_4_diff.dds']
                spec (str, 1):  ['air_winter_mediterranean_spec.dds']
                n (str, 1):  ['air_winter_mediterranean_n.dds']
locator:
