pdxasset (int, 2):  [1, 0]
object:
    air_winter_mountain_highland_phase_4:
        mesh:
            p (float, 291):  [0.0, 0.4032000005245209, 0.0, 3.339643955230713, 0.21651972830295563, 0.0, 3.342529535293579, 0.25931140780448914, 0.6648705005645752, 2.8552486896514893, 0.3089820444583893, 1.182682752609253, 2.84588623046875, 0.34878960251808167, 1.9015604257583618, 2.3894927501678467, 0.3653164803981781, 2.3894927501678467, 1.7249523401260376, 0.35299214720726013, 2.581573486328125, 1.2911677360534668, 0.31597065925598145, 3.117154598236084, 0.658103346824646, 0.26673048734664917, 3.30850887298584, 1.9299666879012915e-16, 0.2218685746192932, 3.1518747806549072, -0.6697893142700195, 0.1965060979127884, 3.367258310317993, -1.2303835153579712, 0.19919177889823914, 2.9704086780548096, -1.8035849332809448, 0.229020357131958, 2.6992554664611816, -2.3470330238342285, 0.2759377956390381, 2.3470330238342285, -2.770698308944702, 0.3241300582885742, 1.8513214588165283, -3.0973215103149414, 0.35735344886779785, 1.2829525470733643, -3.123152494430542, 0.3644096255302429, 0.6212336421012878, -3.258256435394287, 0.3429202735424042, 3.9902131311396027e-16, -3.073604106903076, 0.3001285791397095, -0.6113778948783875, -2.940845251083374, 0.2504579424858093, -1.2181379795074463, -2.7111496925354004, 0.21065041422843933, -1.8115323781967163, -2.1999738216400146, 0.1941235214471817, -2.1999738216400146, -1.7832279205322266, 0.20644783973693848, -2.6687891483306885, -1.292368769645691, 0.24346934258937836, -3.120054244995117, -0.6142767667770386, 0.29270949959754944, -3.0881779193878174, -5.951972406622696e-16, 0.3375714123249054, -3.240103006362915, 0.604373037815094, 0.3629339039325714, -3.03838849067688, 1.2817120552062988, 0.36024823784828186, -3.0943264961242676, 1.7336273193359375, 0.330419659614563, -2.5945565700531006, 2.227206230163574, 0.2835022211074829, -2.227206230163574, 2.78715443611145, 0.2353099286556244, -1.8623170852661133, 2.9963932037353516, 0.20208655297756195, -1.2411466836929321, 3.2199854850769043, 0.1950303614139557, -0.6404949426651001, 6.684830665588379, 0.13083972036838531, 0.0, 6.397855758666992, 0.17363141477108002, 1.2726126909255981, 5.931151866912842, 0.22330205142498016, 2.456763505935669, 5.014015197753906, 0.26310959458351135, 3.3502578735351562, 4.252626419067383, 0.2796364724636078, 4.252626419067383, 3.3904550075531006, 0.2673121392726898, 5.074174404144287, 2.3578391075134277, 0.23029065132141113, 5.69232702255249, 1.2235009670257568, 0.18105049431324005, 6.150954723358154, 4.341806184330818e-16, 0.1361885666847229, 7.090707778930664, -1.1932843923568726, 0.11082610487937927, 5.999045372009277, -2.295421838760376, 0.11351177841424942, 5.541638374328613, -3.442322015762329, 0.1433403491973877, 5.151799201965332, -4.242171764373779, 0.19025778770446777, 4.242171764373779, -5.820817470550537, 0.2384500652551651, 3.88934588432312, -6.6325764656066895, 0.27167344093322754, 2.7473032474517822, -6.776904106140137, 0.278729647397995, 1.3480100631713867, -7.179313659667969, 0.25724026560783386, 8.7921236419520165e-16, -6.47273588180542, 0.21444857120513916, -1.287507176399231, -5.968664646148682, 0.1647779494524002, -2.472301721572876, -5.290112018585205, 0.12497041374444962, -3.5347399711608887, -4.770939826965332, 0.10844352096319199, -4.770939826965332, -3.4188568592071533, 0.12076784670352936, -5.116681098937988, -2.511096477508545, 0.15778933465480804, -6.062323570251465, -1.2426036596298218, 0.20702950656414032, -6.246990203857422, -1.2435959854668714e-15, 0.25189143419265747, -6.7698211669921875, 1.3776288032531738, 0.2772538959980011, -6.925807952880859, 2.585078001022339, 0.27456822991371155, -6.240930557250977, 3.3387997150421143, 0.24473965167999268, -4.9968671798706055, 4.7109174728393555, 0.1978222131729126, -4.7109174728393555, 5.704047679901123, 0.14962993562221527, -3.8113229274749756, 6.081159591674805, 0.11640655249357224, -2.5188987255096436, 5.791159629821777, 0.10935036092996597, -1.151933193206787, 8.314138412475586, 0.08605401962995529, 0.0, 9.536295890808105, 0.10115697234869003, 1.896887183189392, 9.505776405334473, 0.11868778616189957, 3.9374213218688965, 7.968623161315918, 0.13273750245571136, 5.324463844299316, 7.300354957580566, 0.13857051730155945, 7.300354957580566, 5.420627117156982, 0.13422076404094696, 8.112542152404785, 4.065830707550049, 0.12115435302257538, 9.815783500671387, 1.6972733736038208, 0.10377546399831772, 8.532769203186035, 6.5214188927763695e-16, 0.08794184774160385, 10.650284767150879, -2.0264012813568115, 0.0789903923869133, 10.187407493591309, -3.2060861587524414, 0.07993827760219574, 7.740176677703857, -4.850606918334961, 0.09046600759029388, 7.259446620941162, -6.325797080993652, 0.10702510178089142, 6.325797080993652, -8.73553466796875, 0.12403414398431778, 5.836897850036621, -9.274102210998535, 0.13576003909111023, 3.841459035873413, -8.073057174682617, 0.1382504552602768, 1.6058309078216553, -10.345492362976074, 0.13066597282886505, 1.2669573659103818e-15, -8.816328048706055, 0.11556302756071091, -1.7536767721176147, -9.933404922485352, 0.09803221374750137, -4.114551067352295, -7.396591663360596, 0.08398249745368958, -4.942244529724121, -5.896383762359619, 0.0781494751572609, -5.896383762359619, -5.0366058349609375, 0.08249924331903458, -7.537813663482666, -3.627211809158325, 0.09556564688682556, -8.756864547729492, -1.8291492462158203, 0.11294453591108322, -9.195754051208496, -1.7850723849110236e-15, 0.1287781447172165, -9.717480659484863, 1.6304441690444946, 0.13772961497306824, -8.196796417236328, 3.3990490436553955, 0.1367817223072052, -8.206029891967773, 4.526707649230957, 0.12625399231910706, -6.7746968269348145, 7.879047870635986, 0.10969489812850952, -7.879047870635986, 7.948677062988281, 0.09268585592508316, -5.311136245727539, 8.244498252868652, 0.08095996081829071, -3.414983034133911, 8.383604049682617, 0.07846953719854355, -1.6676026582717896]
            n (float, 291):  [-0.000384653452783823, 0.9999998211860657, -0.0004888082039542496, 0.041026026010513306, 0.9980785250663757, -0.04643426090478897, 0.04241130128502846, 0.9980835318565369, -0.04506099224090576, 0.049301017075777054, 0.9978711009025574, -0.04269280284643173, 0.03982435539364815, 0.9990666508674622, -0.01672530546784401, 0.01579398475587368, 0.9997571110725403, 0.015370398759841919, -0.015318538062274456, 0.9992363452911377, 0.03594503924250603, -0.03617236390709877, 0.9983180165290833, 0.045305315405130386, -0.051167599856853485, 0.9977437853813171, 0.04346492141485214, -0.04442577809095383, 0.9980311989784241, 0.04427364841103554, -0.025801043957471848, 0.9989964962005615, 0.036610886454582214, -0.0036475735250860453, 0.9986743927001953, 0.05134331062436104, 0.020977023988962173, 0.997735321521759, 0.06390741467475891, 0.02253025583922863, 0.9972960352897644, 0.06995046138763428, 0.011318826116621494, 0.9981470704078674, 0.05978464335203171, -0.007804960012435913, 0.9995665550231934, 0.02838887833058834, -0.018209410831332207, 0.9998129606246948, -0.006517117843031883, -0.02005135640501976, 0.9989089369773865, -0.04217707738280296, -0.015571067109704018, 0.9975335597991943, -0.06844142079353333, -0.012391730211675167, 0.9977066516876221, -0.06654258072376251, -0.013257172890007496, 0.9985145330429077, -0.052848126739263535, -0.030341628938913345, 0.9988298416137695, -0.037660837173461914, -0.05636507645249367, 0.9982874989509583, -0.015654534101486206, -0.06342469900846481, 0.9979215264320374, -0.011400412768125534, -0.0650138333439827, 0.9977040886878967, -0.01896907575428486, -0.0470319427549839, 0.9986530542373657, -0.021908342838287354, -0.012332435697317123, 0.9997336268424988, -0.01950804702937603, 0.030908580869436264, 0.9994866847991943, -0.008426541462540627, 0.058543067425489426, 0.9982426166534424, 0.009187662042677402, 0.06158198043704033, 0.9979677796363831, 0.01637609675526619, 0.056393302977085114, 0.9981755018234253, 0.021574174985289574, 0.0536649227142334, 0.998490571975708, 0.011687987484037876, 0.043330732733011246, 0.9988429546356201, -0.02086006850004196, 0.023978209123015404, 0.9993482232093811, -0.02698526531457901, 0.03204280138015747, 0.9990625381469727, -0.029108790680766106, 0.03562895208597183, 0.9992616772651672, -0.014375953003764153, 0.03755534440279007, 0.9992945790290833, 6.120405942056095e-06, 0.02326377108693123, 0.9994989633560181, 0.021464185789227486, 0.0032628553453832865, 0.9993858337402344, 0.03488924354314804, -0.018517885357141495, 0.9990987777709961, 0.038193151354789734, -0.02791866473853588, 0.9990634918212891, 0.03305675461888313, -0.015293511562049389, 0.9997241497039795, 0.01782132126390934, -0.020207496359944344, 0.9996370673179626, 0.017816079780459404, 0.0012483436148613691, 0.999650776386261, 0.026399092748761177, 0.009919874370098114, 0.9992620348930359, 0.03710631653666496, 0.012389495968818665, 0.9984665513038635, 0.05395437404513359, -0.0041435412131249905, 0.9989173412322998, 0.0463363341987133, -0.0365174375474453, 0.999253511428833, 0.012599865905940533, -0.043519843369722366, 0.9990465641021729, 0.003486854024231434, -0.037219077348709106, 0.9991942644119263, -0.015016287565231323, -0.02088284119963646, 0.9988833069801331, -0.04237930104136467, -0.008902923204004765, 0.9992204904556274, -0.03845973312854767, -0.006210576742887497, 0.9994724988937378, -0.03187653794884682, -0.013001641258597374, 0.9997879266738892, -0.015968630090355873, -0.030860604718327522, 0.9994888305664062, -0.00834850687533617, -0.03690936416387558, 0.9992630481719971, -0.010543075390160084, -0.04202283173799515, 0.9988934397697449, -0.021116208285093307, -0.02306247130036354, 0.9991053342819214, -0.0354478694498539, 0.0076269181445240974, 0.9986429214477539, -0.05151737853884697, 0.03870886564254761, 0.9986104369163513, -0.03575858846306801, 0.045676931738853455, 0.9988875389099121, -0.011713618412613869, 0.03046359121799469, 0.9995260834693909, -0.0044291382655501366, 0.03554409369826317, 0.99927818775177, 0.013405830599367619, 0.027084749191999435, 0.9995773434638977, 0.010561936534941196, 0.024273822084069252, 0.9996358752250671, -0.011780683882534504, 0.02291281521320343, 0.9995044469833374, -0.02158374898135662, 0.03033180721104145, 0.9993535876274109, -0.01930057443678379, 0.031136805191636086, 0.9995088577270508, -0.0035494931507855654, 0.03370596095919609, 0.9993817806243896, 0.010000953450798988, 0.024786241352558136, 0.9994434118270874, 0.022325566038489342, 0.010770024731755257, 0.9994456171989441, 0.031503826379776, -0.006102422252297401, 0.9994388818740845, 0.03293588384985924, -0.013335229828953743, 0.9994757771492004, 0.029500864446163177, -0.009492296725511551, 0.9998725056648254, 0.012842389754951, -0.01303801778703928, 0.9998788833618164, 0.008501265197992325, -0.0019478644244372845, 0.9998908638954163, 0.014643264934420586, 0.0036335198674350977, 0.999570369720459, 0.029087616130709648, 0.0032854953315109015, 0.9989115595817566, 0.046528927981853485, -0.016570327803492546, 0.9991410970687866, 0.03797965869307518, -0.043526265770196915, 0.9989573955535889, 0.013765106908977032, -0.06688600033521652, 0.9976926445960999, 0.011649640277028084, -0.04550127685070038, 0.9989216327667236, -0.00922503974288702, -0.02882671356201172, 0.9991248250007629, -0.030308308079838753, -0.011679091490805149, 0.9996602535247803, -0.023303935304284096, -0.0039983997121453285, 0.999630331993103, -0.02689233236014843, -0.011500540189445019, 0.9998527765274048, -0.012734385207295418, -0.022017668932676315, 0.9997372031211853, -0.006390833295881748, -0.026178037747740746, 0.9995713233947754, -0.013107165694236755, -0.028585387393832207, 0.9992246627807617, -0.027071302756667137, -0.012738879770040512, 0.9989340305328369, -0.04436904937028885, 0.01763935014605522, 0.9974388480186462, -0.0693148523569107, 0.042052123695611954, 0.9974943399429321, -0.05689176172018051, 0.03324746713042259, 0.9988681077957153, -0.034016139805316925, 0.024267086759209633, 0.9996768236160278, -0.007576433941721916, 0.031105278059840202, 0.999480128288269, 0.008476165123283863, 0.021321963518857956, 0.9997503161430359, 0.006673628930002451, 0.015519517473876476, 0.9998694062232971, -0.004503315780311823]
            ta (float, 388):  [0.9999998807907104, 0.00038465321995317936, -4.000366615741768e-08, 1.0, 0.9991560578346252, -0.04107384383678436, -7.585084676975384e-05, 1.0, 0.9990978837013245, -0.04246488958597183, -0.00023229002545122057, 1.0, 0.9987812638282776, -0.049355048686265945, -0.00021170666150283068, 1.0, 0.9992064237594604, -0.03983311355113983, -0.00019039414473809302, 1.0, 0.9998751878738403, -0.015795446932315826, -2.6154804800171405e-05, 1.0, 0.9998824596405029, 0.015333760529756546, -0.0001477742480346933, 1.0, 0.9993436932563782, 0.036223746836185455, -0.0003133202262688428, 1.0, 0.9986857175827026, 0.051248110830783844, -0.0007392081897705793, 1.0, 0.9990103244781494, 0.04447824880480766, -0.00020018932991661131, 1.0, 0.9996667504310608, 0.025815168395638466, 8.686187356943265e-05, 1.0, 0.9999933242797852, 0.0036454391665756702, 0.00013521392247639596, 1.0, 0.9997785091400146, -0.021038493141531944, 0.00028898383607156575, 1.0, 0.9997439980506897, -0.0226188562810421, 0.00047475690371356905, 1.0, 0.999935507774353, -0.011355538852512836, 0.0002743556979112327, 1.0, 0.9999695420265198, 0.007806332316249609, 6.246984412427992e-05, 1.0, 0.9998341202735901, 0.018209848552942276, 7.995830856089015e-06, 1.0, 0.9997985363006592, 0.020068077370524406, -2.6921798053081147e-05, 1.0, 0.999878466129303, 0.015588078647851944, -0.0002855304046534002, 1.0, 0.9999231100082397, 0.012392744421958923, -0.00039754080353304744, 1.0, 0.9999120831489563, 0.0132584348320961, -0.00032672996167093515, 1.0, 0.9995388388633728, 0.030365420505404472, 5.988770499243401e-05, 1.0, 0.9984098076820374, 0.05637388303875923, 0.00012134400458307937, 1.0, 0.9979862570762634, 0.06342969834804535, 7.685050513828173e-05, 1.0, 0.9978833794593811, 0.0650288313627243, 0.00017445090634282678, 1.0, 0.9988927245140076, 0.04704643040895462, 0.0001457748148823157, 1.0, 0.9999238848686218, 0.012335680425167084, 4.6041965106269345e-05, 1.0, 0.9995222091674805, -0.030909596011042595, 9.509418305242434e-06, 1.0, 0.9982846975326538, -0.05854637548327446, 9.12815157789737e-05, 1.0, 0.9981012940406799, -0.061592888087034225, 0.00016316435358021408, 1.0, 0.9984077215194702, -0.056408658623695374, 0.00010323841706849635, 1.0, 0.998558759689331, -0.053668707609176636, 9.779225365491584e-06, 1.0, 0.9990603923797607, -0.043340206146240234, -1.8948567230836488e-06, 1.0, 0.9997122883796692, -0.023985564708709717, 5.118058106745593e-05, 1.0, 0.9994861483573914, -0.03205415979027748, 7.647817983524874e-05, 1.0, 0.9993649125099182, -0.035632383078336716, 1.7129183106590062e-05, 1.0, 0.9992945790290833, -0.037555351853370667, 2.2438348423747811e-07, 1.0, 0.9997292160987854, -0.023270078003406525, 4.417180025484413e-05, 1.0, 0.999994695186615, -0.003263220889493823, -4.6461791498586535e-05, 1.0, 0.9998283386230469, 0.018531082198023796, 8.48591844260227e-06, 1.0, 0.9996098875999451, 0.027929911389946938, 0.00012161746417405084, 1.0, 0.9998829960823059, 0.015296407975256443, -2.6197110855719075e-05, 1.0, 0.9997957944869995, 0.020211050286889076, -1.921167495311238e-05, 1.0, 0.9999992251396179, -0.0012510204687714577, 8.489745232509449e-05, 1.0, 0.9999507069587708, -0.009930795058608055, 0.00010993953765137121, 1.0, 0.9999229311943054, -0.01241221558302641, 8.603175228927284e-05, 1.0, 0.9999914765357971, 0.004146380349993706, 3.483436375972815e-05, 1.0, 0.999332845211029, 0.03652080520987511, -3.685801857500337e-05, 1.0, 0.9990525841712952, 0.04352031648159027, -6.050424781278707e-05, 1.0, 0.9993069767951965, 0.037223879247903824, 4.007167444797233e-05, 1.0, 0.9997813105583191, 0.020908711478114128, 0.00016723615408409387, 1.0, 0.9999603033065796, 0.00891358032822609, 0.00010565101547399536, 1.0, 0.999980628490448, 0.006213909015059471, 5.475950274558272e-06, 1.0, 0.9999154210090637, 0.013003094121813774, -1.2850513485318515e-05, 1.0, 0.9995235800743103, 0.030861608684062958, -8.495502697769552e-06, 1.0, 0.999318540096283, 0.03691137582063675, -3.5024809221795294e-06, 1.0, 0.9991161823272705, 0.04203382134437561, 7.681109855184332e-05, 1.0, 0.999733567237854, 0.02307930402457714, 6.567055970663205e-05, 1.0, 0.9999709129333496, -0.007633596658706665, 6.717009819112718e-05, 1.0, 0.9992495179176331, -0.03873559460043907, -5.4713997087674215e-05, 1.0, 0.9989561438560486, -0.04568057879805565, -4.3382111471146345e-05, 1.0, 0.9995357990264893, -0.030463915318250656, -6.6519469328341074e-06, 1.0, 0.9993679523468018, -0.03554690629243851, -2.8484604627010413e-05, 1.0, 0.9996330738067627, -0.02708616480231285, -8.961986168287694e-06, 1.0, 0.9997052550315857, -0.024275241419672966, 2.2401425667339936e-05, 1.0, 0.9997373223304749, -0.022920435294508934, -0.00010565482079982758, 1.0, 0.9995397329330444, -0.030337616801261902, -8.43617908685701e-06, 1.0, 0.9995151162147522, -0.03113695979118347, 1.1462242582638282e-05, 1.0, 0.9994317293167114, -0.03370746597647667, -1.796474498405587e-05, 1.0, 0.9996926188468933, -0.02479209192097187, -1.4932878912077285e-05, 1.0, 0.999941885471344, -0.010777013376355171, 5.20957401022315e-05, 1.0, 0.9999814033508301, 0.006100665777921677, 0.00015381599951069802, 1.0, 0.9999110102653503, 0.013340556994080544, 1.629609687370248e-05, 1.0, 0.9999549388885498, 0.00949192140251398, 9.012224472826347e-05, 1.0, 0.9999150037765503, 0.01303835678845644, 1.550519846205134e-05, 1.0, 0.9999980330467224, 0.0019483655923977494, -1.993652585952077e-05, 1.0, 0.9999933838844299, -0.0036306034307926893, -0.0001531208399683237, 1.0, 0.9999945759773254, -0.0032774668652564287, -0.0002488402824383229, 1.0, 0.9998624920845032, 0.016586871817708015, -0.00012045979383401573, 1.0, 0.9990522265434265, 0.04352976754307747, 4.554401311906986e-05, 1.0, 0.9977602958679199, 0.06689124554395676, -6.0834416217403486e-05, 1.0, 0.9989641904830933, 0.045502740889787674, -5.131926081958227e-05, 1.0, 0.9995840787887573, 0.02883967012166977, -9.532936019240879e-06, 1.0, 0.9999318718910217, 0.011681804433465004, -1.9754268578253686e-05, 1.0, 0.9999920129776001, 0.004000056069344282, 7.814254786353558e-06, 1.0, 0.9999338388442993, 0.011501475237309933, 1.6063968644175475e-07, 1.0, 0.9997575879096985, 0.022018084302544594, -5.380037237046054e-06, 1.0, 0.9996572732925415, 0.026178793981671333, -0.00011405021359678358, 1.0, 0.9995911717414856, 0.028592921793460846, -0.00010890192061197013, 1.0, 0.9999187588691711, 0.012725524604320526, -0.0005834444309584796, 1.0, 0.9998437762260437, -0.017678668722510338, 4.6237568312790245e-05, 1.0, 0.999113917350769, -0.042083192616701126, 0.0006525240605697036, 1.0, 0.999446451663971, -0.03326621279120445, 1.4833825844107196e-05, 1.0, 0.9997054934501648, -0.02426747977733612, 4.005035589216277e-05, 1.0, 0.9995160698890686, -0.031106416136026382, 2.025695948759676e-06, 1.0, 0.9997726678848267, -0.021322470158338547, 4.578208063321654e-06, 1.0, 0.9998795390129089, -0.015519700944423676, -6.153069080028217e-06, 1.0]
            u0 (float, 194):  [0.5, 0.5, 0.6618044376373291, 0.5, 0.6619442701339722, 0.4677872657775879, 0.6383357048034668, 0.44269949197769165, 0.6378821134567261, 0.4078701138496399, 0.6157699823379517, 0.38423001766204834, 0.5835732817649841, 0.3749237656593323, 0.5625565648078918, 0.3489750623703003, 0.5318848490715027, 0.3397040367126465, 0.5, 0.3472929000854492, 0.4675489664077759, 0.3368576169013977, 0.44038838148117065, 0.35608482360839844, 0.4126169979572296, 0.36922210454940796, 0.3862871527671814, 0.3862871527671814, 0.3657607436180115, 0.4103041887283325, 0.34993597865104675, 0.4378414750099182, 0.3486844599246979, 0.469901442527771, 0.34213873744010925, 0.5, 0.3510850667953491, 0.529621034860611, 0.35751718282699585, 0.5590183138847351, 0.3686458468437195, 0.5877680480480194, 0.39341211318969727, 0.6065878868103027, 0.4136033058166504, 0.6293018162250519, 0.437385231256485, 0.6511654257774353, 0.4702385365962982, 0.6496210098266602, 0.5, 0.6569817364215851, 0.5292816162109375, 0.6472087502479553, 0.5620984435081482, 0.6499189138412476, 0.5839935541152954, 0.6257052719593048, 0.6079072952270508, 0.6079072952270508, 0.6350365281105042, 0.5902285277843475, 0.6451740860939026, 0.5601330697536469, 0.6560070514678955, 0.5310317277908325, 0.8238774538040161, 0.5, 0.8099736571311951, 0.4383423924446106, 0.7873619794845581, 0.3809707760810852, 0.742927074432373, 0.33768129348754883, 0.7060381174087524, 0.29396188259124756, 0.6642662286758423, 0.2541581988334656, 0.6142364144325256, 0.22420895099639893, 0.559278130531311, 0.20198863744735718, 0.5, 0.15645796060562134, 0.4421858489513397, 0.20934855937957764, 0.38878771662712097, 0.2315097451210022, 0.33322083950042725, 0.25039732456207275, 0.2944684326648712, 0.29446840286254883, 0.2179836481809616, 0.311562716960907, 0.17865422368049622, 0.3668942451477051, 0.1716616302728653, 0.434689462184906, 0.15216504037380219, 0.5, 0.1863984614610672, 0.5623792111873627, 0.2108205109834671, 0.6197820603847504, 0.24369612336158752, 0.6712567806243896, 0.26884981989860535, 0.7311501801013947, 0.33435770869255066, 0.747901201248169, 0.3783383369445801, 0.7937172204256058, 0.4397963285446167, 0.802664265036583, 0.5, 0.8279952257871628, 0.5667455792427063, 0.8355527073144913, 0.6252460479736328, 0.8023706525564194, 0.6617635488510132, 0.7420962750911713, 0.7282421588897705, 0.7282421290874481, 0.7763589024543762, 0.6846571266651154, 0.7946298122406006, 0.6220396757125854, 0.7805794477462769, 0.5558107197284698, 0.9028167724609375, 0.5, 0.9620298147201538, 0.4080965518951416, 0.9605511426925659, 0.30923348665237427, 0.8860766887664795, 0.24203181266784668, 0.8536993861198425, 0.14630061388015747, 0.7626273036003113, 0.10695052146911621, 0.6969879269599915, 0.0244290828704834, 0.5822322368621826, 0.08659064769744873, 0.5, -0.016002178192138672, 0.40182164311408997, 0.006424069404602051, 0.34466636180877686, 0.12499147653579712, 0.264989972114563, 0.14828264713287354, 0.19351759552955627, 0.1935175657272339, 0.0767667293548584, 0.21720457077026367, 0.05067333206534386, 0.31388282775878906, 0.10886352509260178, 0.4221981167793274, -0.0012350885663181543, 0.5, 0.07285230606794357, 0.5849649608135223, 0.01873036101460457, 0.6993484199047089, 0.14163801074028015, 0.7394498288631439, 0.21432249248027802, 0.785677507519722, 0.25597840547561646, 0.8652041405439377, 0.32426297664642334, 0.9242666736245155, 0.4113784432411194, 0.9455307200551033, 0.5, 0.9708081874996424, 0.5789943933486938, 0.8971315994858742, 0.6646826267242432, 0.8975789770483971, 0.7193172574043274, 0.8282314240932465, 0.8817368149757385, 0.8817368149757385, 0.8851103186607361, 0.7573224902153015, 0.8994427919387817, 0.6654545962810516, 0.9061824083328247, 0.5807946920394897]
            tri (int, 480):  [0, 2, 1, 0, 3, 2, 0, 4, 3, 0, 5, 4, 0, 6, 5, 0, 7, 6, 0, 8, 7, 0, 9, 8, 0, 10, 9, 0, 11, 10, 0, 12, 11, 0, 13, 12, 0, 14, 13, 0, 15, 14, 0, 16, 15, 0, 17, 16, 0, 18, 17, 0, 19, 18, 0, 20, 19, 0, 21, 20, 0, 22, 21, 0, 23, 22, 0, 24, 23, 0, 25, 24, 0, 26, 25, 0, 27, 26, 0, 28, 27, 0, 29, 28, 0, 30, 29, 0, 31, 30, 0, 32, 31, 0, 1, 32, 1, 34, 33, 1, 2, 34, 2, 35, 34, 2, 3, 35, 3, 36, 35, 3, 4, 36, 4, 37, 36, 4, 5, 37, 5, 38, 37, 5, 6, 38, 6, 39, 38, 6, 7, 39, 7, 40, 39, 7, 8, 40, 8, 41, 40, 8, 9, 41, 9, 42, 41, 9, 10, 42, 10, 43, 42, 10, 11, 43, 11, 44, 43, 11, 12, 44, 12, 45, 44, 12, 13, 45, 13, 46, 45, 13, 14, 46, 14, 47, 46, 14, 15, 47, 15, 48, 47, 15, 16, 48, 16, 49, 48, 16, 17, 49, 17, 50, 49, 17, 18, 50, 18, 51, 50, 18, 19, 51, 19, 52, 51, 19, 20, 52, 20, 53, 52, 20, 21, 53, 21, 54, 53, 21, 22, 54, 22, 55, 54, 22, 23, 55, 23, 56, 55, 23, 24, 56, 24, 57, 56, 24, 25, 57, 25, 58, 57, 25, 26, 58, 26, 59, 58, 26, 27, 59, 27, 60, 59, 27, 28, 60, 28, 61, 60, 28, 29, 61, 29, 62, 61, 29, 30, 62, 30, 63, 62, 30, 31, 63, 31, 64, 63, 31, 32, 64, 32, 33, 64, 33, 32, 1, 33, 66, 65, 33, 34, 66, 34, 67, 66, 34, 35, 67, 35, 68, 67, 35, 36, 68, 36, 69, 68, 36, 37, 69, 37, 70, 69, 37, 38, 70, 38, 71, 70, 38, 39, 71, 39, 72, 71, 39, 40, 72, 40, 73, 72, 40, 41, 73, 41, 74, 73, 41, 42, 74, 42, 75, 74, 42, 43, 75, 43, 76, 75, 43, 44, 76, 44, 77, 76, 44, 45, 77, 45, 78, 77, 45, 46, 78, 46, 79, 78, 46, 47, 79, 47, 80, 79, 47, 48, 80, 48, 81, 80, 48, 49, 81, 49, 82, 81, 49, 50, 82, 50, 83, 82, 50, 51, 83, 51, 84, 83, 51, 52, 84, 52, 85, 84, 52, 53, 85, 53, 86, 85, 53, 54, 86, 54, 87, 86, 54, 55, 87, 55, 88, 87, 55, 56, 88, 56, 89, 88, 56, 57, 89, 57, 90, 89, 57, 58, 90, 58, 91, 90, 58, 59, 91, 59, 92, 91, 59, 60, 92, 60, 93, 92, 60, 61, 93, 61, 94, 93, 61, 62, 94, 62, 95, 94, 62, 63, 95, 63, 96, 95, 63, 64, 96, 64, 65, 96, 65, 64, 33]
            boundingsphere (float, 4):  [-0.4045982360839844, 0.24067473411560059, 0.4664020538330078, 11.759356611349219]
            aabb:
                min (float, 3):  [-10.345492362976074, 0.0781494751572609, -9.717480659484863]
                max (float, 3):  [9.536295890808105, 0.4032000005245209, 10.650284767150879]
            material:
                shader (str, 1):  ['PdxMeshAdvanced']
                diff (str, 1):  ['air_winter_mountain_highland_phase_4_diff.dds']
                spec (str, 1):  ['air_winter_mountain_highland_spec.dds']
                n (str, 1):  ['air_winter_mountain_highland_n.dds']
locator:
