pdxasset (int, 2):  [1, 0]
object:
    air_winter_polar_subpolar_phase_1:
        mesh:
            p (float, 291):  [0.0, 0.31679999828338623, 0.0, 3.1104624271392822, 0.15493398904800415, 0.0, 3.169623851776123, 0.15581640601158142, 0.6304774284362793, 3.1781649589538574, 0.17825844883918762, 1.3164390325546265, 2.6335887908935547, 0.2146957665681839, 1.7597078084945679, 2.269604206085205, 0.25284677743911743, 2.269604206085205, 1.8773407936096191, 0.2798523008823395, 2.8096392154693604, 1.3040159940719604, 0.2866097688674927, 3.1481730937957764, 0.6378344893455505, 0.2708415687084198, 3.2066104412078857, 2.100146724312113e-16, 0.2378625124692917, 3.429799795150757, -0.6605492234230042, 0.19878855347633362, 3.320805072784424, -1.2525776624679565, 0.1667899787425995, 3.0239901542663574, -1.740822196006775, 0.15265226364135742, 2.6053245067596436, -2.289508819580078, 0.16114068031311035, 2.289508819580078, -2.719383716583252, 0.18939410150051117, 1.8170340061187744, -2.8503780364990234, 0.22788943350315094, 1.1806652545928955, -3.0341708660125732, 0.26365137100219727, 0.6035341024398804, -3.4342525005340576, 0.2846260070800781, 4.205746487919972e-16, -3.075068950653076, 0.28374359011650085, -0.6116692423820496, -3.146611213684082, 0.26130154728889465, -1.3033690452575684, -2.6176350116729736, 0.22486422955989838, -1.7490477561950684, -2.382445812225342, 0.18671321868896484, -2.382445812225342, -1.8851464986801147, 0.159707710146904, -2.8213210105895996, -1.3124874830245972, 0.1529502123594284, -3.1686248779296875, -0.6578817963600159, 0.16871842741966248, -3.3073949813842773, -5.876488536132537e-16, 0.2016974836587906, -3.1990113258361816, 0.602433443069458, 0.24077145755290985, -3.028637647628784, 1.2352842092514038, 0.2727700173854828, -2.9822399616241455, 1.7270253896713257, 0.28690773248672485, -2.5846760272979736, 2.2717597484588623, 0.2784193158149719, -2.2717597484588623, 2.7170445919036865, 0.2501658797264099, -1.8154711723327637, 2.9152495861053467, 0.21167057752609253, -1.2075358629226685, 3.235506772994995, 0.175908625125885, -0.6435823440551758, 7.169356822967529, 0.08761399239301682, 0.0, 6.46389627456665, 0.08849640935659409, 1.285748839378357, 6.097915172576904, 0.11093844473361969, 2.52583909034729, 5.672787666320801, 0.14737576246261597, 3.790435552597046, 4.147429943084717, 0.1855267882347107, 4.147429943084717, 3.854919910430908, 0.21253229677677155, 5.769295692443848, 2.277679204940796, 0.21928977966308594, 5.498803615570068, 1.2782723903656006, 0.20352157950401306, 6.426309108734131, 4.268227608576389e-16, 0.17054250836372375, 6.970544815063477, -1.1343436241149902, 0.13146854937076569, 5.702730655670166, -2.618428945541382, 0.09946997463703156, 6.321446895599365, -3.90474796295166, 0.08533226698637009, 5.843868255615234, -4.358912467956543, 0.09382067620754242, 4.358912467956543, -5.910801887512207, 0.12207410484552383, 3.9494714736938477, -6.618943214416504, 0.160569429397583, 2.7416560649871826, -5.88666296005249, 0.19633138179779053, 1.170930027961731, -6.878481388092041, 0.2173060178756714, 8.423710367312903e-16, -6.870491981506348, 0.21642360091209412, -1.3666259050369263, -5.673611640930176, 0.19398155808448792, -2.3500866889953613, -5.761963367462158, 0.15754424035549164, -3.8500208854675293, -4.3874030113220215, 0.11939321458339691, -4.3874030113220215, -3.754033088684082, 0.09238771349191666, -5.618307590484619, -2.482290267944336, 0.08563022315502167, -5.992778778076172, -1.1755914688110352, 0.10139842331409454, -5.910097122192383, -1.2828105404303117e-15, 0.13437747955322266, -6.983295440673828, 1.3347746133804321, 0.17345145344734192, -6.710365295410156, 2.6174867153167725, 0.20545002818107605, -6.319172382354736, 3.937525510787964, 0.21958774328231812, -5.892923355102539, 4.503591060638428, 0.21109932661056519, -4.503591060638428, 5.905884265899658, 0.18284589052200317, -3.94618558883667, 6.054304599761963, 0.1443505734205246, -2.507775068283081, 7.016270160675049, 0.10858862102031708, -1.3956228494644165, 8.488130569458008, 0.06225317344069481, 0.0, 8.172013282775879, 0.06256461143493652, 1.6255145072937012, 9.343156814575195, 0.07048533111810684, 3.8700623512268066, 7.022671699523926, 0.08334556221961975, 4.692399024963379, 7.395510196685791, 0.09681063145399094, 7.395510196685791, 5.6025896072387695, 0.10634198784828186, 8.384867668151855, 3.782742500305176, 0.10872697830200195, 9.13234806060791, 2.0952630043029785, 0.10316172987222672, 10.533598899841309, 5.489985284718032e-16, 0.09152206033468246, 8.965826034545898, -2.0942752361297607, 0.07773125171661377, 10.528633117675781, -4.2585296630859375, 0.06643763929605484, 10.281000137329102, -4.815845966339111, 0.061447858810424805, 7.207422256469727, -7.2210001945495605, 0.06444376707077026, 7.2210001945495605, -7.177111625671387, 0.07441556453704834, 4.795592784881592, -9.054587364196777, 0.08800215274095535, 3.750532865524292, -10.338594436645508, 0.10062401741743088, 2.056474208831787, -9.264445304870605, 0.10802682489156723, 1.1345673868039556e-15, -10.277504920959473, 0.10771538317203522, -2.044322967529297, -8.530313491821289, 0.0997946709394455, -3.5333714485168457, -7.39894437789917, 0.08693443238735199, -4.943816661834717, -7.881394386291504, 0.0734693706035614, -7.881394386291504, -5.121203422546387, 0.06393801420927048, -7.664422512054443, -3.912407875061035, 0.061553020030260086, -9.445387840270996, -2.0094964504241943, 0.06711826473474503, -10.102420806884766, -1.4973242813004235e-15, 0.07875793427228928, -8.151054382324219, 2.0467185974121094, 0.09254875034093857, -10.289548873901367, 4.014430046081543, 0.1038423627614975, -9.691691398620605, 6.048308372497559, 0.10883214324712753, -9.051933288574219, 5.882651329040527, 0.10583622753620148, -5.882651329040527, 7.467358589172363, 0.0958644300699234, -4.989529609680176, 10.191221237182617, 0.08227784931659698, -4.221342086791992, 10.225010871887207, 0.06965598464012146, -2.033881187438965]
            n (float, 291):  [0.0001507758570369333, 1.0, 0.000136474147439003, 0.03672837093472481, 0.9991981387138367, 0.01594235748052597, 0.03799893334507942, 0.9991909861564636, -0.01317107304930687, 0.039466097950935364, 0.9989636540412903, -0.02267223782837391, 0.0461360327899456, 0.9987207651138306, -0.020696323364973068, 0.04635704681277275, 0.9987813830375671, -0.016931705176830292, 0.028459252789616585, 0.9995949268341064, 0.00011365130194462836, -0.0005272398120723665, 0.9998371601104736, 0.01803595945239067, -0.02447734959423542, 0.9994531273841858, 0.02223273366689682, -0.04619753360748291, 0.998702347278595, 0.02143416926264763, -0.05190328136086464, 0.9984688758850098, 0.019132625311613083, -0.040590494871139526, 0.9990193247795105, 0.017689378932118416, -0.025673087686300278, 0.999299168586731, 0.027241617441177368, -0.005238139070570469, 0.9990919232368469, 0.04228358343243599, 0.001173943281173706, 0.9987202882766724, 0.05056033656001091, -0.005001209210604429, 0.9987741708755493, 0.04924697056412697, -0.010239232331514359, 0.9990318417549133, 0.042784035205841064, -0.01525752991437912, 0.9997426271438599, 0.016789386048913002, -0.010035983286798, 0.9997606873512268, -0.01943814754486084, -0.0034827732015401125, 0.9991462230682373, -0.0411653146147728, 0.006452972535043955, 0.9984583258628845, -0.05513017997145653, 0.006195372901856899, 0.9988402128219604, -0.04774802550673485, -0.0027020180132240057, 0.9992609024047852, -0.038345303386449814, -0.015736384317278862, 0.9994121789932251, -0.03045686148107052, -0.03453677520155907, 0.9990461468696594, -0.026721738278865814, -0.043926406651735306, 0.998655378818512, -0.027530010789632797, -0.041910190135240555, 0.9986660480499268, -0.030160272493958473, -0.021806681528687477, 0.9994237422943115, -0.02601194754242897, 0.005286119412630796, 0.999911367893219, -0.012218859046697617, 0.027223551645874977, 0.9996167421340942, 0.00501749012619257, 0.03918394073843956, 0.9989254474639893, 0.02475067786872387, 0.04303189367055893, 0.9984999895095825, 0.03385366126894951, 0.03363688290119171, 0.9990397691726685, 0.028073349967598915, 0.017269771546125412, 0.9997836947441101, 0.011587959714233875, 0.019710596650838852, 0.9997928142547607, -0.0050932965241372585, 0.025174682959914207, 0.9996023774147034, -0.012702908366918564, 0.031363148242235184, 0.9994889497756958, -0.006172908470034599, 0.038690950721502304, 0.9992324709892273, -0.006121296435594559, 0.020110005512833595, 0.999663233757019, 0.016402265056967735, 0.00468929810449481, 0.9996870160102844, 0.024573715403676033, -0.008650687523186207, 0.9996396899223328, 0.02540966495871544, -0.024326419457793236, 0.9994366765022278, 0.023121371865272522, -0.03397553041577339, 0.9993110299110413, 0.01493918802589178, -0.01698913797736168, 0.9998282790184021, 0.007400008384138346, -0.011293518356978893, 0.9998948574066162, 0.009094576351344585, -0.0018310422310605645, 0.9997032284736633, 0.024291889742016792, -0.0032786212395876646, 0.9995022416114807, 0.031377360224723816, -0.01175202801823616, 0.9994739890098572, 0.03022518754005432, -0.01742146536707878, 0.9994763135910034, 0.02726694382727146, -0.0272303968667984, 0.9995806217193604, 0.00985473021864891, -0.024130620062351227, 0.9995782971382141, -0.01615741476416588, -0.012482206337153912, 0.9993255138397217, -0.03453483432531357, -0.009551591239869595, 0.9995682239532471, -0.027788372710347176, 0.0044106608256697655, 0.9995085597038269, -0.03103521093726158, 0.0009658478084020317, 0.9998349547386169, -0.018145523965358734, -0.006602796260267496, 0.999890923500061, -0.013213355094194412, -0.023208914324641228, 0.9996152520179749, -0.015190722420811653, -0.026969272643327713, 0.9993907809257507, -0.022151853889226913, -0.02507493458688259, 0.9993044137954712, -0.02760404348373413, -0.008073666132986546, 0.9996019005775452, -0.027032094076275826, 0.023900097236037254, 0.9995954632759094, -0.01542145386338234, 0.03315437212586403, 0.9994160532951355, -0.008271287195384502, 0.02965003438293934, 0.9995107650756836, -0.009950141422450542, 0.02721167355775833, 0.9994913935661316, 0.01662975363433361, 0.018825456500053406, 0.999695360660553, 0.01596108451485634, 0.016400106251239777, 0.9997948408126831, 0.011888316832482815, 0.017176790162920952, 0.9998380541801453, -0.005364322569221258, 0.019347840920090675, 0.9998036623001099, -0.004283564165234566, 0.028639696538448334, 0.9995898604393005, 0.00022392555547412485, 0.031122451648116112, 0.999504029750824, 0.004804967436939478, 0.018836267292499542, 0.9996440410614014, 0.01889226585626602, 0.009972947649657726, 0.9995874762535095, 0.026931675150990486, -0.0019574458710849285, 0.9996296763420105, 0.027141280472278595, -0.01892416924238205, 0.9995102882385254, 0.024920249357819557, -0.012299364432692528, 0.999875545501709, 0.00988542940467596, -0.012703068554401398, 0.9999043941497803, 0.0054605090990662575, -0.009226732887327671, 0.9999340176582336, 0.006847851909697056, -0.0030501768924295902, 0.9999049305915833, 0.013446738012135029, -0.008702900260686874, 0.999605119228363, 0.02672082930803299, -0.0173997413367033, 0.9995415210723877, 0.024778828024864197, -0.023652441799640656, 0.9996271729469299, 0.013639450073242188, -0.033884644508361816, 0.9993798732757568, 0.009573644027113914, -0.030124420300126076, 0.9994609951972961, -0.013050446286797523, -0.02219725027680397, 0.9992136359214783, -0.0328550860285759, -0.014370178803801537, 0.9996883869171143, -0.02041194960474968, -0.0007451958954334259, 0.9998464584350586, -0.01751040481030941, 0.0013629960594698787, 0.9999097585678101, -0.013363809324800968, -0.005864653270691633, 0.9999623894691467, -0.00638652965426445, -0.008259088732302189, 0.9999314546585083, -0.00830138474702835, -0.022148599848151207, 0.999451220035553, -0.02463150955736637, -0.01306839007884264, 0.9994812607765198, -0.029437139630317688, -0.00020069464517291635, 0.999575674533844, -0.029127871617674828, 0.020004892721772194, 0.9995533227920532, -0.02220255509018898, 0.04707032069563866, 0.9987131953239441, -0.018876388669013977, 0.02605617791414261, 0.9995089769363403, -0.017402129247784615, 0.019053254276514053, 0.999811053276062, 0.0038490816950798035, 0.016710905358195305, 0.9997963309288025, 0.011318039149045944]
            ta (float, 388):  [1.0, -0.00015077598800417036, -3.8840251903593526e-08, 1.0, 0.9993250966072083, -0.03673302382230759, -8.614973694420769e-07, 1.0, 0.999277651309967, -0.038002390414476395, -1.2243542187206913e-05, 1.0, 0.9992204904556274, -0.03947709873318672, -3.7512047128984705e-05, 1.0, 0.9989346265792847, -0.04614856466650963, -0.000127935636555776, 1.0, 0.9989244341850281, -0.0463661253452301, -0.0001440059277229011, 1.0, 0.9995949864387512, -0.028459254652261734, 5.5046804448011244e-08, 1.0, 0.9999998807907104, 0.0005274988943710923, -9.630300155549776e-06, 1.0, 0.999700129032135, 0.024486294016242027, -0.00013023088104091585, 1.0, 0.9989317059516907, 0.04621002450585365, -8.744826482143253e-05, 1.0, 0.998651385307312, 0.051916759461164474, -0.0002085693267872557, 1.0, 0.9991755485534668, 0.040599603205919266, -0.0001562271500006318, 1.0, 0.9996702075004578, 0.025683030486106873, -1.5203158909571357e-05, 1.0, 0.9999862313270569, 0.0052354163490235806, 0.00017514111823402345, 1.0, 0.9999992847442627, -0.0011803609086200595, 9.707589924801141e-05, 1.0, 0.9999874830245972, 0.005005006678402424, 4.618969978764653e-05, 1.0, 0.9999474883079529, 0.010247552767395973, 2.4878050680854358e-05, 1.0, 0.9998835325241089, 0.015259291045367718, 2.3214914108393714e-05, 1.0, 0.9999496340751648, 0.010037794709205627, -4.383791747386567e-06, 1.0, 0.9999939203262329, 0.0034829014912247658, -6.860207940917462e-05, 1.0, 0.9999790191650391, -0.006468266248703003, -9.896928531816229e-05, 1.0, 0.999980628490448, -0.006213657557964325, -0.00023453819449059665, 1.0, 0.9999963641166687, 0.0027015141677111387, -6.495759589597583e-05, 1.0, 0.9998760223388672, 0.015745697543025017, 6.58351054880768e-05, 1.0, 0.9994028806686401, 0.0345517173409462, 9.752936603035778e-05, 1.0, 0.9990339279174805, 0.043946631252765656, 0.00012952712131664157, 1.0, 0.9991201162338257, 0.04193827137351036, 0.00029881796217523515, 1.0, 0.9997619986534119, 0.021817989647388458, 0.00015091813111212105, 1.0, 0.9999860525131226, -0.005286353640258312, 1.3119863979227375e-05, 1.0, 0.9996293783187866, -0.027223991230130196, 1.9172712200088426e-05, 1.0, 0.9992314577102661, -0.03919856250286102, 0.00010561166709521785, 1.0, 0.9990724325180054, -0.043060895055532455, 0.00012770031753461808, 1.0, 0.9994336366653442, -0.033651772886514664, 5.7906021538656205e-05, 1.0, 0.999850869178772, -0.01727103255689144, 8.748886102694087e-06, 1.0, 0.9998056888580322, -0.019710829481482506, 3.7276215607562335e-06, 1.0, 0.9996830224990845, -0.025176923722028732, -1.650389822316356e-05, 1.0, 0.9995080828666687, -0.031363967806100845, -3.58265642717015e-05, 1.0, 0.9992511868476868, -0.03869161382317543, 9.476509148953483e-06, 1.0, 0.9997977018356323, -0.020112523809075356, -1.1623759746726137e-05, 1.0, 0.9999889731407166, -0.004689505789428949, -4.916028046864085e-05, 1.0, 0.9999626278877258, 0.00865158624947071, 7.454363367287442e-05, 1.0, 0.9997035264968872, 0.02434276044368744, -0.0004254498053342104, 1.0, 0.9994224309921265, 0.03397948294878006, -1.1124603588541504e-05, 1.0, 0.9998556971549988, 0.01698954589664936, 7.863141036068555e-06, 1.0, 0.9999362826347351, 0.011294190771877766, -2.2287360479822382e-05, 1.0, 0.9999983310699463, 0.0018324328120797873, -3.4978122130269185e-05, 1.0, 0.999994695186615, 0.003278162330389023, 6.608208786929026e-05, 1.0, 0.9999308586120605, 0.01175747811794281, -2.584213007139624e-06, 1.0, 0.9998481273651123, 0.01742880418896675, -3.147623283439316e-05, 1.0, 0.9996291399002075, 0.02723253332078457, -8.254906424554065e-05, 1.0, 0.9997087717056274, 0.02413373813033104, -2.014915480685886e-06, 1.0, 0.9999220371246338, 0.012488912791013718, -2.1534980987780727e-05, 1.0, 0.9999542832374573, 0.009553411975502968, -6.723661499563605e-05, 1.0, 0.9999902844429016, -0.004412081092596054, 2.2723053916706704e-05, 1.0, 0.9999995231628418, -0.0009663309319876134, -1.7863067114376463e-05, 1.0, 0.999978244304657, 0.00660325214266777, -9.17581382964272e-06, 1.0, 0.9997304677963257, 0.023211991414427757, 2.645291169756092e-05, 1.0, 0.9996358752250671, 0.026983853429555893, 0.000359440193278715, 1.0, 0.9996853470802307, 0.025082243606448174, -8.143168815877289e-05, 1.0, 0.9999673366546631, 0.008077203296124935, 2.1639722035615705e-05, 1.0, 0.9997142553329468, -0.02390289306640625, 2.7093874450656585e-06, 1.0, 0.999450147151947, -0.03315545991063118, 5.5189502745633945e-06, 1.0, 0.9995602369308472, -0.029652854427695274, -0.00013599837257061154, 1.0, 0.9996296167373657, -0.027215853333473206, 2.52213649218902e-05, 1.0, 0.999822735786438, -0.01882764883339405, -1.2803916433767881e-05, 1.0, 0.9998655319213867, -0.016401445493102074, 1.5116785107238684e-05, 1.0, 0.9998524785041809, -0.0171770378947258, -3.631366780609824e-07, 1.0, 0.9998128414154053, -0.01934790425002575, 2.6428850105730817e-05, 1.0, 0.999589741230011, -0.028639694675803185, -6.312002653885429e-08, 1.0, 0.9995155930519104, -0.031122764572501183, -9.830425369727891e-06, 1.0, 0.9998225569725037, -0.018839143216609955, -2.584176036179997e-05, 1.0, 0.9999502301216125, -0.009978021495044231, 5.396283813752234e-05, 1.0, 0.9999980330467224, 0.001958707347512245, -1.989105476241093e-05, 1.0, 0.9998208284378052, 0.018928898498415947, 4.597892620950006e-05, 1.0, 0.9999244213104248, 0.012299266643822193, 7.072275911923498e-05, 1.0, 0.9999192357063293, 0.012703155167400837, 1.8855345842894167e-05, 1.0, 0.9999574422836304, 0.009226941503584385, 1.2591458471433725e-06, 1.0, 0.9999953508377075, 0.0030503447633236647, 8.041273758863099e-06, 1.0, 0.9999621510505676, 0.00870602298527956, -4.940734470437746e-07, 1.0, 0.9998485445976257, 0.017405597493052483, -2.056328594335355e-05, 1.0, 0.9997202157974243, 0.023654203861951828, 3.2229141652351245e-05, 1.0, 0.9994257092475891, 0.03388606384396553, 1.4267434380599298e-05, 1.0, 0.9995460510253906, 0.03012699820101261, 1.1362818668203545e-06, 1.0, 0.9997533559799194, 0.022210190072655678, 2.8882728656753898e-05, 1.0, 0.999896764755249, 0.014373356476426125, 8.938655810197815e-06, 1.0, 0.9999997019767761, 0.0007457580068148673, 2.5603128960938193e-05, 1.0, 0.9999990463256836, -0.001363049610517919, 5.108107870910317e-06, 1.0, 0.9999828338623047, 0.005864731501787901, -6.6570937633514404e-06, 1.0, 0.9999658465385437, 0.008259047754108906, -3.915134220733307e-05, 1.0, 0.9997546076774597, 0.02215559221804142, 1.0897251740971114e-05, 1.0, 0.9999145269393921, 0.013071293011307716, -9.382107964484021e-05, 1.0, 0.9999999403953552, 0.00019918414182029665, -5.4760792409069836e-05, 1.0, 0.9997997879981995, -0.020010903477668762, -4.864173388341442e-05, 1.0, 0.9988911747932434, -0.04707866162061691, 2.1772259515273618e-06, 1.0, 0.9996604323387146, -0.02605942077934742, 4.072146839462221e-05, 1.0, 0.9998184442520142, -0.019053326919674873, -1.82294643309433e-05, 1.0, 0.9998602867126465, -0.01671195775270462, -1.3215815215517068e-06, 1.0]
            u0 (float, 194):  [0.5, 0.5, 0.6507006883621216, 0.5, 0.6535670757293701, 0.4694536328315735, 0.6539808511734009, 0.4362190365791321, 0.627596378326416, 0.4147428274154663, 0.6099614500999451, 0.39003854990005493, 0.590956449508667, 0.36387407779693604, 0.563179075717926, 0.34747225046157837, 0.5309028625488281, 0.34464097023010254, 0.5, 0.33382749557495117, 0.46799665689468384, 0.33910828828811646, 0.4393130838871002, 0.35348886251449585, 0.4156578481197357, 0.3737730383872986, 0.3890741765499115, 0.3890742063522339, 0.3682469129562378, 0.41196542978286743, 0.36190029978752136, 0.4427972435951233, 0.3529956042766571, 0.4707590341567993, 0.33361178636550903, 0.5, 0.351014107465744, 0.5296351313591003, 0.34754788875579834, 0.5631477236747742, 0.37317660450935364, 0.5847406983375549, 0.3845714330673218, 0.6154285669326782, 0.40866538882255554, 0.6366919279098511, 0.43641048669815063, 0.6535186469554901, 0.4681258797645569, 0.6602420210838318, 0.5, 0.6549908518791199, 0.5291876792907715, 0.6467363238334656, 0.5598490238189697, 0.6444883644580841, 0.5836737155914307, 0.6252265572547913, 0.6100658774375916, 0.6100658774375916, 0.6316397786140442, 0.5879588723182678, 0.6412426829338074, 0.5585046410560608, 0.6567590236663818, 0.5311813056468964, 0.8473525643348694, 0.5, 0.8131732940673828, 0.43770599365234375, 0.7954416275024414, 0.3776240944862366, 0.7748443484306335, 0.3163548707962036, 0.7009413838386536, 0.29905861616134644, 0.6867693662643433, 0.2204798460006714, 0.6103526949882507, 0.23358505964279175, 0.5619317889213562, 0.1886478066444397, 0.5, 0.16227978467941284, 0.4450414776802063, 0.22370493412017822, 0.3731381297111511, 0.19372832775115967, 0.3108164668083191, 0.2168668508529663, 0.28881239891052246, 0.28881239891052246, 0.21362394094467163, 0.3086496591567993, 0.1793147623538971, 0.3671678304672241, 0.21479347348213196, 0.44326889514923096, 0.16674023866653442, 0.5, 0.167127326130867, 0.5662125051021576, 0.22511573135852814, 0.6138607859611511, 0.2208351045846939, 0.6865320205688477, 0.2874320149421692, 0.7125679850578308, 0.31811854243278503, 0.7722048312425613, 0.37973400950431824, 0.7903477996587753, 0.443043053150177, 0.7863419204950333, 0.5, 0.8383379429578781, 0.5646693110466003, 0.8251145929098129, 0.6268162131309509, 0.8061614483594894, 0.6907715797424316, 0.78550985455513, 0.718197226524353, 0.7181972563266754, 0.7861378192901611, 0.691191166639328, 0.7933287024497986, 0.6215007305145264, 0.8399355411529541, 0.5676173865795135, 0.911246657371521, 0.5, 0.8959308862686157, 0.42124444246292114, 0.9526723027229309, 0.31249696016311646, 0.8402457237243652, 0.27265506982803345, 0.8583096265792847, 0.14169037342071533, 0.7714433073997498, 0.09375643730163574, 0.6832724213600159, 0.05754125118255615, 0.6015146970748901, -0.010348796844482422, 0.5, 0.06560921669006348, 0.3985331654548645, -0.010108232498168945, 0.29367589950561523, 0.0018895268440246582, 0.26667413115501404, 0.15080314874649048, 0.15014533698558807, 0.15014535188674927, 0.15227173268795013, 0.2676553726196289, 0.06130874529480934, 0.3182881474494934, -0.0009008962661027908, 0.40036463737487793, 0.051141198724508286, 0.5, 0.0020588585175573826, 0.5990466475486755, 0.08670962601900101, 0.671190470457077, 0.14152401685714722, 0.7395260035991669, 0.11814948916435242, 0.8818505108356476, 0.2518796920776367, 0.8713383078575134, 0.3104453682899475, 0.9576253853738308, 0.4026406705379486, 0.9894583523273468, 0.5, 0.8949154019355774, 0.5991626977920532, 0.9985246662981808, 0.6944975852966309, 0.9695586785674095, 0.7930381894111633, 0.9385626465082169, 0.7850121855735779, 0.7850121706724167, 0.861790657043457, 0.7417407631874084, 0.9937607049942017, 0.7045223712921143, 0.9953978061676025, 0.5985407531261444]
            tri (int, 480):  [0, 2, 1, 0, 3, 2, 0, 4, 3, 0, 5, 4, 0, 6, 5, 0, 7, 6, 0, 8, 7, 0, 9, 8, 0, 10, 9, 0, 11, 10, 0, 12, 11, 0, 13, 12, 0, 14, 13, 0, 15, 14, 0, 16, 15, 0, 17, 16, 0, 18, 17, 0, 19, 18, 0, 20, 19, 0, 21, 20, 0, 22, 21, 0, 23, 22, 0, 24, 23, 0, 25, 24, 0, 26, 25, 0, 27, 26, 0, 28, 27, 0, 29, 28, 0, 30, 29, 0, 31, 30, 0, 32, 31, 0, 1, 32, 1, 34, 33, 1, 2, 34, 2, 35, 34, 2, 3, 35, 3, 36, 35, 3, 4, 36, 4, 37, 36, 4, 5, 37, 5, 38, 37, 5, 6, 38, 6, 39, 38, 6, 7, 39, 7, 40, 39, 7, 8, 40, 8, 41, 40, 8, 9, 41, 9, 42, 41, 9, 10, 42, 10, 43, 42, 10, 11, 43, 11, 44, 43, 11, 12, 44, 12, 45, 44, 12, 13, 45, 13, 46, 45, 13, 14, 46, 14, 47, 46, 14, 15, 47, 15, 48, 47, 15, 16, 48, 16, 49, 48, 16, 17, 49, 17, 50, 49, 17, 18, 50, 18, 51, 50, 18, 19, 51, 19, 52, 51, 19, 20, 52, 20, 53, 52, 20, 21, 53, 21, 54, 53, 21, 22, 54, 22, 55, 54, 22, 23, 55, 23, 56, 55, 23, 24, 56, 24, 57, 56, 24, 25, 57, 25, 58, 57, 25, 26, 58, 26, 59, 58, 26, 27, 59, 27, 60, 59, 27, 28, 60, 28, 61, 60, 28, 29, 61, 29, 62, 61, 29, 30, 62, 30, 63, 62, 30, 31, 63, 31, 64, 63, 31, 32, 64, 32, 33, 64, 33, 32, 1, 33, 66, 65, 33, 34, 66, 34, 67, 66, 34, 35, 67, 35, 68, 67, 35, 36, 68, 36, 69, 68, 36, 37, 69, 37, 70, 69, 37, 38, 70, 38, 71, 70, 38, 39, 71, 39, 72, 71, 39, 40, 72, 40, 73, 72, 40, 41, 73, 41, 74, 73, 41, 42, 74, 42, 75, 74, 42, 43, 75, 43, 76, 75, 43, 44, 76, 44, 77, 76, 44, 45, 77, 45, 78, 77, 45, 46, 78, 46, 79, 78, 46, 47, 79, 47, 80, 79, 47, 48, 80, 48, 81, 80, 48, 49, 81, 49, 82, 81, 49, 50, 82, 50, 83, 82, 50, 51, 83, 51, 84, 83, 51, 52, 84, 52, 85, 84, 52, 53, 85, 53, 86, 85, 53, 54, 86, 54, 87, 86, 54, 55, 87, 55, 88, 87, 55, 56, 88, 56, 89, 88, 56, 57, 89, 57, 90, 89, 57, 58, 90, 58, 91, 90, 58, 59, 91, 59, 92, 91, 59, 60, 92, 60, 93, 92, 60, 61, 93, 61, 94, 93, 61, 62, 94, 62, 95, 94, 62, 63, 95, 63, 96, 95, 63, 64, 96, 64, 65, 96, 65, 64, 33]
            boundingsphere (float, 4):  [-0.05679178237915039, 0.18912392854690552, 0.1220250129699707, 11.193413976507182]
            aabb:
                min (float, 3):  [-10.338594436645508, 0.061447858810424805, -10.289548873901367]
                max (float, 3):  [10.225010871887207, 0.31679999828338623, 10.533598899841309]
            material:
                shader (str, 1):  ['PdxMeshAdvanced']
                diff (str, 1):  ['air_winter_polar_subpolar_phase_1_diff.dds']
                spec (str, 1):  ['air_winter_polar_subpolar_spec.dds']
                n (str, 1):  ['air_winter_polar_subpolar_n.dds']
locator:
