pdxasset (int, 2):  [1, 0]
object:
    air_winter_polar_subpolar_phase_2:
        mesh:
            p (float, 291):  [0.0, 0.3456000089645386, 0.0, 3.1539313793182373, 0.1667012870311737, 0.0, 3.183713436126709, 0.17486163973808289, 0.6332799792289734, 3.0812759399414062, 0.2048966884613037, 1.2763062715530396, 2.6268200874328613, 0.2466827780008316, 1.7551851272583008, 2.400022268295288, 0.2861354947090149, 2.400022268295288, 1.7630689144134521, 0.309956818819046, 2.6386191844940186, 1.200474500656128, 0.31011757254600525, 2.8982017040252686, 0.6327852010726929, 0.28656354546546936, 3.1812260150909424, 1.9636752904795624e-16, 0.24723386764526367, 3.2069251537323, -0.652025580406189, 0.20538505911827087, 3.2779541015625, -1.3100239038467407, 0.1751226782798767, 3.16267728805542, -1.9054995775222778, 0.1666470170021057, 2.8517816066741943, -2.3584907054901123, 0.18281486630439758, 2.3584907054901123, -2.71044921875, 0.2181766927242279, 1.8110642433166504, -3.150221347808838, 0.2608133852481842, 1.3048644065856934, -3.216600179672241, 0.29635384678840637, 0.6398215293884277, -3.132812023162842, 0.312818706035614, 3.8365880889850703e-16, -3.1041038036346436, 0.30465835332870483, -0.617444634437561, -3.1417441368103027, 0.274623304605484, -1.3013529777526855, -2.570812463760376, 0.23283721506595612, -1.7177619934082031, -2.343463659286499, 0.19338451325893402, -2.343463659286499, -1.7875254154205322, 0.1695631742477417, -2.6752207279205322, -1.2125253677368164, 0.16940242052078247, -2.927294969558716, -0.6121804714202881, 0.19295646250247955, -3.077638864517212, -5.836357173882813e-16, 0.23228612542152405, -3.1771647930145264, 0.6312953233718872, 0.27413493394851685, -3.1737358570098877, 1.1987229585647583, 0.304397314786911, -2.8939733505249023, 1.9109045267105103, 0.312872976064682, -2.859870672225952, 2.2827072143554688, 0.29670512676239014, -2.2827072143554688, 2.7213571071624756, 0.2613433003425598, -1.8183525800704956, 3.0867056846618652, 0.21870659291744232, -1.2785553932189941, 3.2115743160247803, 0.18316616117954254, -0.6388218402862549, 6.6602864265441895, 0.09326129406690598, 0.0, 6.87094259262085, 0.10142164677381516, 1.366715431213379, 6.316491603851318, 0.13145668804645538, 2.6163763999938965, 5.887834072113037, 0.17324277758598328, 3.9341251850128174, 4.9076056480407715, 0.21269547939300537, 4.9076056480407715, 3.743673801422119, 0.2365168184041977, 5.602803707122803, 2.4995038509368896, 0.23667757213115692, 6.034336566925049, 1.1357135772705078, 0.21312354505062103, 5.709617614746094, 4.153290002194309e-16, 0.17379386723041534, 6.782837390899658, -1.2736259698867798, 0.13194505870342255, 6.402950286865234, -2.355168342590332, 0.10168268531560898, 5.685879230499268, -3.3187952041625977, 0.09320701658725739, 4.966928005218506, -4.748780250549316, 0.10937486588954926, 4.748780250549316, -5.528407573699951, 0.14473669230937958, 3.6939637660980225, -5.378481864929199, 0.18737339973449707, 2.2278401851654053, -6.431900978088379, 0.22291383147239685, 1.2793846130371094, -6.102019786834717, 0.23937870562076569, 7.472819004626608e-16, -6.135128021240234, 0.2312183529138565, -1.2203527688980103, -6.500152587890625, 0.20118331909179688, -2.692451238632202, -4.8747453689575195, 0.1593972146511078, -3.2572004795074463, -4.8707733154296875, 0.11994452029466629, -4.8707733154296875, -3.5181689262390137, 0.09612317383289337, -5.2653117179870605, -2.31166672706604, 0.09596242755651474, -5.580856800079346, -1.1562861204147339, 0.11951646208763123, -5.813043117523193, -1.3049065595297426e-15, 0.15884612500667572, -7.103580474853516, 1.2317943572998047, 0.2006949484348297, -6.192648410797119, 2.566972255706787, 0.23095731437206268, -6.197219371795654, 3.8055343627929688, 0.23943299055099487, -5.695384502410889, 4.877119064331055, 0.2232651263475418, -4.877119064331055, 4.911767482757568, 0.18790331482887268, -3.281938076019287, 5.724952697753906, 0.1452666074037552, -2.3713531494140625, 6.556647300720215, 0.10972616821527481, -1.3041982650756836, 9.21373462677002, 0.06709457188844681, 0.0, 8.584840774536133, 0.06997469812631607, 1.7076311111450195, 9.720088005065918, 0.08057530224323273, 4.0261921882629395, 8.059371948242188, 0.09532333165407181, 5.385100364685059, 7.472862720489502, 0.10924781858921051, 7.472862720489502, 5.282226085662842, 0.11765535175800323, 7.905409812927246, 4.082000255584717, 0.11771208792924881, 9.854820251464844, 1.734004259109497, 0.10939889401197433, 8.717428207397461, 5.659001709617563e-16, 0.0955178365111351, 9.241850852966309, -1.8400307893753052, 0.08074766397476196, 9.250459671020508, -4.08125114440918, 0.07006683200597763, 9.853012084960938, -5.712902545928955, 0.06707541644573212, 8.549962997436523, -6.558753967285156, 0.07278171926736832, 6.558753967285156, -7.471660614013672, 0.08526235818862915, 4.992403984069824, -9.584491729736328, 0.10031060874462128, 3.9700264930725098, -10.318215370178223, 0.11285429447889328, 2.0524206161499023, -9.933514595031738, 0.1186654269695282, 1.2165046954401267e-15, -10.492177963256836, 0.11578530073165894, -2.087023973464966, -8.038442611694336, 0.10518469661474228, -3.329632043838501, -7.848970413208008, 0.0904366672039032, -5.244514465332031, -6.666975021362305, 0.0765121802687645, -6.666975021362305, -4.933682441711426, 0.06810464709997177, -7.383777618408203, -4.061215877532959, 0.0680479183793068, -9.804642677307129, -1.6653599739074707, 0.07636110484600067, -8.372330665588379, -1.5574449858306392e-15, 0.0902421623468399, -8.4783353805542, 1.74525785446167, 0.10501233488321304, -8.774003982543945, 3.716491222381592, 0.11569317430257797, -8.972403526306152, 5.244431018829346, 0.11868458241224289, -7.848845958709717, 6.6013078689575195, 0.11297827959060669, -6.6013078689575195, 8.180313110351562, 0.10049764066934586, -5.4659104347229, 8.97221565246582, 0.08544939011335373, -3.7164134979248047, 9.12161636352539, 0.07290570437908173, -1.8144023418426514]
            n (float, 291):  [0.00018470149370841682, 0.9999997615814209, -0.0006681093946099281, 0.040187399834394455, 0.9991774559020996, 0.005407438147813082, 0.040537867695093155, 0.9989528059959412, -0.021211659535765648, 0.04379666596651077, 0.9986242651939392, -0.028834378346800804, 0.05153316631913185, 0.9982190132141113, -0.030052006244659424, 0.03953676298260689, 0.9991282224655151, -0.013400479219853878, 0.019033845514059067, 0.9998014569282532, 0.005897159688174725, -0.010440763086080551, 0.9997025728225708, 0.022040799260139465, -0.0348331481218338, 0.9989691376686096, 0.02910919487476349, -0.04898250848054886, 0.9984482526779175, 0.026492228731513023, -0.04930529370903969, 0.9985178709030151, 0.023044025525450706, -0.03730251267552376, 0.9989845156669617, 0.025266336277127266, -0.017328346148133278, 0.9992302656173706, 0.035192348062992096, -0.003092596074566245, 0.998874306678772, 0.04733388125896454, 0.0010713777737691998, 0.9983076453208923, 0.058143988251686096, -0.004719957243651152, 0.9984549880027771, 0.05536549165844917, -0.012875723652541637, 0.9993011355400085, 0.035092584788799286, -0.016593338921666145, 0.9998550415039062, 0.003821900812909007, -0.013316856697201729, 0.9996369481086731, -0.023422863334417343, -0.0008862162940204144, 0.9986585974693298, -0.0517704002559185, 0.00476949755102396, 0.9979291558265686, -0.06414628028869629, 0.0031527390237897635, 0.9988527297973633, -0.047783609479665756, -0.0037361697759479284, 0.9990047216415405, -0.044448286294937134, -0.02685425616800785, 0.9991096258163452, -0.03253793343901634, -0.05169806256890297, 0.9982885122299194, -0.02733888290822506, -0.05637854337692261, 0.9980272054672241, -0.027623603120446205, -0.03970891237258911, 0.998758852481842, -0.030063513666391373, -0.020235687494277954, 0.9994564056396484, -0.02602718025445938, 0.011635394766926765, 0.9998679161071777, -0.011346636340022087, 0.03938433900475502, 0.9991220831871033, 0.01428055576980114, 0.05016171187162399, 0.9983299970626831, 0.028653429821133614, 0.04646967723965645, 0.9984160661697388, 0.03171515092253685, 0.041076742112636566, 0.9987607002258301, 0.028104381635785103, 0.017840787768363953, 0.9998384118080139, 0.0022155423648655415, 0.020357415080070496, 0.9997256398200989, -0.011587580665946007, 0.02792208082973957, 0.9994637966156006, -0.017103813588619232, 0.03415653482079506, 0.9993661642074585, -0.010027613490819931, 0.030962927266955376, 0.9995082020759583, 0.004960492253303528, 0.02100081741809845, 0.9995853304862976, 0.01970146782696247, -0.004223359748721123, 0.9995222091674805, 0.03061995841562748, -0.021965252235531807, 0.9992329478263855, 0.032419513911008835, -0.019233794882893562, 0.9994794726371765, 0.025898288935422897, -0.028848014771938324, 0.9994732737541199, 0.014867298305034637, -0.021413646638393402, 0.9997141361236572, 0.010635996237397194, -0.006823374889791012, 0.9997924566268921, 0.01919599063694477, -0.0005083168507553637, 0.9996993541717529, 0.024513447657227516, -0.0043845451436936855, 0.999456524848938, 0.0326724499464035, -0.009763885289430618, 0.9991047978401184, 0.04116085544228554, -0.021022794768214226, 0.9995898008346558, 0.019450640305876732, -0.025914372876286507, 0.9996625185012817, 0.001843140576966107, -0.02302004210650921, 0.9996106624603271, -0.015766439959406853, -0.016957001760601997, 0.9991629123687744, -0.03722763434052467, -0.0008269072277471423, 0.999039888381958, -0.04380049556493759, -3.5872104490408674e-05, 0.9996798038482666, -0.025301819667220116, 0.0002093827206408605, 0.9997639656066895, -0.02172578126192093, -0.012058161199092865, 0.9998289346694946, -0.014025459997355938, -0.034198060631752014, 0.9992826581001282, -0.016265925019979477, -0.027099115774035454, 0.9991831183433533, -0.029978472739458084, -0.02338130585849285, 0.9991511106491089, -0.03391671180725098, -0.005711094941943884, 0.999354362487793, -0.035471148788928986, 0.020400578156113625, 0.9994701147079468, -0.025362294167280197, 0.03568115085363388, 0.9993311762809753, -0.008000586181879044, 0.04042558744549751, 0.9990702271461487, 0.014977640472352505, 0.0296242106705904, 0.9994404911994934, 0.01552894338965416, 0.02074158750474453, 0.9997023940086365, 0.012838758528232574, 0.013248392380774021, 0.9999085068702698, 0.002742521231994033, 0.01786814257502556, 0.9997988939285278, -0.009102179668843746, 0.02299429289996624, 0.9997091293334961, -0.007270691450685263, 0.03063926473259926, 0.9995304346084595, -0.0003400299174245447, 0.028555994853377342, 0.9994819760322571, 0.014843357726931572, 0.022406693547964096, 0.9993687868118286, 0.02756628766655922, 0.003653677413240075, 0.999474048614502, 0.03222215548157692, -0.013979671522974968, 0.9992047548294067, 0.0373423770070076, -0.011503512971103191, 0.9995654821395874, 0.02714006043970585, -0.015903381630778313, 0.9997820854187012, 0.013523424975574017, -0.009453061036765575, 0.9999412894248962, 0.005303097888827324, -0.004880591761320829, 0.9999679923057556, 0.006332211196422577, -0.003314817091450095, 0.999872624874115, 0.015614758245646954, -0.007989547215402126, 0.9996063709259033, 0.026892749592661858, -0.013506771996617317, 0.9995173811912537, 0.027972785755991936, -0.02237899787724018, 0.9996427893638611, 0.01461025420576334, -0.02943260222673416, 0.9995661973953247, 0.0010841961484402418, -0.028181152418255806, 0.9995290637016296, -0.012144239619374275, -0.02206576056778431, 0.9991374015808105, -0.03517981246113777, -0.011152561753988266, 0.9995864033699036, -0.02650577388703823, -0.0027615989092737436, 0.9997848272323608, -0.020557457581162453, -0.0025261619593948126, 0.9999226331710815, -0.012179622426629066, -0.006561561021953821, 0.9999554753303528, -0.006785201840102673, -0.01564496010541916, 0.9997715353965759, -0.014565316028892994, -0.019799072295427322, 0.9992170929908752, -0.034251902252435684, -0.013140536844730377, 0.9989652037620544, -0.04354158788919449, 0.0033638731110841036, 0.9991607666015625, -0.0408242791891098, 0.026205146685242653, 0.9990521669387817, -0.03475809097290039, 0.03585430979728699, 0.9992195963859558, -0.016572903841733932, 0.030757512897253036, 0.9995258450508118, 0.0013996610650792718, 0.02310262806713581, 0.9997034668922424, 0.0076899281702935696, 0.016610294580459595, 0.9998288154602051, 0.008145364001393318]
            ta (float, 388):  [1.0, -0.00018470206123311073, 4.6415696175472476e-08, 1.0, 0.9991921186447144, -0.04018797352910042, -3.399083880140097e-06, 1.0, 0.9991776347160339, -0.040547776967287064, -3.684179682750255e-05, 1.0, 0.9990395307540894, -0.04381879046559334, -0.0001356578868580982, 1.0, 0.9986699223518372, -0.051559075713157654, -8.748754044063389e-05, 1.0, 0.9992179274559021, -0.03954111412167549, -6.033578029018827e-05, 1.0, 0.9998188614845276, -0.01903425343334675, 1.3011352166358847e-05, 1.0, 0.9999454617500305, 0.010443086735904217, 9.69115808402421e-06, 1.0, 0.9993923306465149, 0.03485529124736786, -0.000253421429079026, 1.0, 0.9987985491752625, 0.04900506138801575, -0.00020233391842339188, 1.0, 0.9987829923629761, 0.04932152107357979, -0.00013591110473498702, 1.0, 0.9993035197257996, 0.03731561079621315, -4.665080632548779e-05, 1.0, 0.9998496770858765, 0.017340997233986855, -5.419953231466934e-05, 1.0, 0.999995231628418, 0.0030947234481573105, 2.833895086951088e-05, 1.0, 0.9999993443489075, -0.0010817252332344651, 0.000146489663165994, 1.0, 0.999988853931427, 0.004720145370811224, 0.00012737727956846356, 1.0, 0.9999169111251831, 0.012883962132036686, -8.64671073941281e-06, 1.0, 0.9998623132705688, 0.01659347116947174, -3.0973428692959715e-06, 1.0, 0.9999112486839294, 0.013320679776370525, 7.1624485826760065e-06, 1.0, 0.9999995827674866, 0.0008814504253678024, -0.00011488922609714791, 1.0, 0.9999884963035583, -0.004795106127858162, -0.0002452719782013446, 1.0, 0.9999949932098389, -0.0031643325928598642, -0.00016697088722139597, 1.0, 0.9999930262565613, 0.0037370144855231047, -6.410245987353846e-05, 1.0, 0.9996387958526611, 0.0268715750426054, 9.503617911832407e-05, 1.0, 0.9986615777015686, 0.051721494644880295, 0.00015015648386906832, 1.0, 0.9984080195426941, 0.05640537291765213, 0.00019237208471167833, 1.0, 0.9992101788520813, 0.03973793610930443, 0.0003680193331092596, 1.0, 0.9997949600219727, 0.020244786515831947, 8.61183216329664e-05, 1.0, 0.9999323487281799, -0.011636079289019108, 5.702599082724191e-06, 1.0, 0.9992238879203796, -0.03938872739672661, 2.600506559247151e-05, 1.0, 0.9987398982048035, -0.05018604174256325, 0.0001300654112128541, 1.0, 0.9989181756973267, -0.04650032892823219, 0.00022913521388545632, 1.0, 0.9991552233695984, -0.04109453037381172, 5.5780699767638e-05, 1.0, 0.9998407959938049, -0.017840826883912086, -3.9365932025248185e-07, 1.0, 0.999792754650116, -0.020358910784125328, -1.1087432540080044e-05, 1.0, 0.9996099472045898, -0.027926422655582428, -1.522076581750298e-05, 1.0, 0.9994164109230042, -0.03415882587432861, -5.688462988473475e-05, 1.0, 0.9995205402374268, -0.03096330538392067, -8.28130112040526e-07, 1.0, 0.9997794032096863, -0.021004950627684593, 2.9451505270117195e-06, 1.0, 0.9999910593032837, 0.00422691972926259, -5.152410813025199e-05, 1.0, 0.9997585415840149, 0.02197471261024475, 6.448884960263968e-05, 1.0, 0.9998149275779724, 0.01923939771950245, 3.2871030271053314e-05, 1.0, 0.9995836615562439, 0.0288531631231308, -0.0001319715374847874, 1.0, 0.9997706413269043, 0.021415099501609802, -2.2403957700589672e-05, 1.0, 0.999976634979248, 0.0068244850262999535, 7.633137101947796e-06, 1.0, 0.9999998211860657, 0.0005069735925644636, 6.100688551669009e-05, 1.0, 0.9999904036521912, 0.0043886280618608, -5.325424353941344e-05, 1.0, 0.9999522566795349, 0.009769701398909092, 5.990833597024903e-05, 1.0, 0.9997789263725281, 0.021025845780968666, 4.770569285028614e-05, 1.0, 0.9996641874313354, 0.025914419442415237, -1.2815285117540043e-06, 1.0, 0.9997349381446838, 0.02302338369190693, 3.020095573447179e-05, 1.0, 0.9998557567596436, 0.016982190310955048, 0.00036045044544152915, 1.0, 0.9999996423721313, 0.0008238692535087466, -8.74111574376002e-05, 1.0, 1.0, 3.591352651710622e-05, 1.1876835515067796e-06, 1.0, 1.0, -0.00021061765437480062, -5.455648715724237e-05, 1.0, 0.999927282333374, 0.012059399858117104, 3.652223085737205e-06, 1.0, 0.99941486120224, 0.03420371934771538, 6.940276944078505e-05, 1.0, 0.9996324777603149, 0.027109187096357346, -7.0513880928047e-05, 1.0, 0.9997263550758362, 0.02339167520403862, -9.107402729569003e-05, 1.0, 0.9999836683273315, 0.005714583210647106, -3.053904265470919e-06, 1.0, 0.9997917413711548, -0.020406194031238556, 3.7391146179288626e-05, 1.0, 0.9993632435798645, -0.0356823168694973, -2.9923005513410317e-06, 1.0, 0.9991823434829712, -0.04043048247694969, 2.390589361311868e-05, 1.0, 0.9995610117912292, -0.029627725481987, -3.71652640751563e-06, 1.0, 0.9997848272323608, -0.02074320986866951, -6.919446605024859e-06, 1.0, 0.9999122023582458, -0.01324843242764473, -3.3557980714249425e-06, 1.0, 0.9998403787612915, -0.01786886900663376, 1.5742793948447797e-06, 1.0, 0.9997355937957764, -0.022994540631771088, 4.952163726557046e-05, 1.0, 0.9995304942131042, -0.03063926473259926, 5.030595389143855e-07, 1.0, 0.9995921850204468, -0.02855808287858963, -7.126468699425459e-05, 1.0, 0.9997488260269165, -0.02241470292210579, -1.8429256670060568e-05, 1.0, 0.9999933242797852, -0.003659007139503956, 0.00010644131543813273, 1.0, 0.9999021291732788, 0.013988710008561611, 1.921067996590864e-05, 1.0, 0.9999338984489441, 0.011501951143145561, 0.0002137223054887727, 1.0, 0.9998735785484314, 0.015904106199741364, 5.408592915046029e-05, 1.0, 0.9999553561210632, 0.009453060105443, 2.5123750674538314e-05, 1.0, 0.9999881386756897, 0.004880718421190977, -4.4585303839994594e-06, 1.0, 0.9999945759773254, 0.003315482521429658, -1.6734484233893454e-05, 1.0, 0.9999681115150452, 0.007992351427674294, 3.250662530263071e-06, 1.0, 0.9999085664749146, 0.013514143414795399, -7.451399869751185e-05, 1.0, 0.9997495412826538, 0.022382333874702454, -6.471983215305954e-05, 1.0, 0.9995667338371277, 0.029432618990540504, 7.03978912497405e-07, 1.0, 0.999602735042572, 0.028182610869407654, -5.091197817819193e-05, 1.0, 0.9997555017471313, 0.02210146375000477, 0.0006263494724407792, 1.0, 0.9999377727508545, 0.011159636080265045, 0.00011896146315848455, 1.0, 0.9999961853027344, 0.0027635465376079082, 6.631280848523602e-05, 1.0, 0.9999968409538269, 0.0025265170261263847, 1.3775606930721551e-05, 1.0, 0.9999784231185913, 0.006561605725437403, -1.5626768799847923e-05, 1.0, 0.9998775720596313, 0.015646018087863922, -4.126113708480261e-05, 1.0, 0.9998038411140442, 0.01980435475707054, -0.0001851000706665218, 1.0, 0.9999135136604309, 0.01315196044743061, -2.4068442144198343e-05, 1.0, 0.9999943971633911, -0.00337375164963305, -0.00017311009287368506, 1.0, 0.9996562004089355, -0.026221290230751038, -8.64823414303828e-06, 1.0, 0.9993569254875183, -0.03585847094655037, 4.617447484633885e-05, 1.0, 0.999526858329773, -0.030757540836930275, -3.834608378383564e-06, 1.0, 0.9997330904006958, -0.023103032261133194, -3.653338717413135e-05, 1.0, 0.999862015247345, -0.016610747203230858, -1.1932515917578712e-05, 1.0]
            u0 (float, 194):  [0.5, 0.5, 0.6528067588806152, 0.5, 0.6542496681213379, 0.46931785345077515, 0.6492866277694702, 0.4381634593009949, 0.6272684335708618, 0.41496193408966064, 0.6162801384925842, 0.38371986150741577, 0.5854200124740601, 0.3721598982810974, 0.55816251039505, 0.3595832586288452, 0.5306581854820251, 0.34587085247039795, 0.5, 0.34462571144104004, 0.46840959787368774, 0.3411843776702881, 0.43652984499931335, 0.3467695116996765, 0.4076792895793915, 0.36183226108551025, 0.3857320249080658, 0.3857320547103882, 0.36867979168891907, 0.4122546315193176, 0.34737297892570496, 0.43677979707717896, 0.34415698051452637, 0.4690008759498596, 0.3482164740562439, 0.5, 0.3496073782444, 0.5299149453639984, 0.3477837145328522, 0.5630500614643097, 0.3754451274871826, 0.583224892616272, 0.3864600956439972, 0.6135399043560028, 0.41339507699012756, 0.6296133995056152, 0.4412536323070526, 0.6418263018131256, 0.4703401029109955, 0.6491104066371918, 0.5, 0.6539323925971985, 0.5305860042572021, 0.6537662744522095, 0.5580776929855347, 0.6402118802070618, 0.5925825834274292, 0.6385596394538879, 0.6105962991714478, 0.6105962693691254, 0.6318486928939819, 0.5880984663963318, 0.6495497226715088, 0.5619455277919769, 0.6555995345115662, 0.530950665473938, 0.8226882815361023, 0.5, 0.832894504070282, 0.4337831735610962, 0.8060315847396851, 0.3732375502586365, 0.7852632999420166, 0.30939316749572754, 0.7377715706825256, 0.26222842931747437, 0.6813795566558838, 0.22854632139205933, 0.6211000084877014, 0.20763874053955078, 0.5550248622894287, 0.2233712077140808, 0.5, 0.1713741421699524, 0.43829330801963806, 0.18977952003479004, 0.3858930170536041, 0.22452133893966675, 0.33920565247535706, 0.25935429334640503, 0.26992344856262207, 0.26992344856262207, 0.23215080797672272, 0.3210288882255554, 0.23941463232040405, 0.3920620083808899, 0.18837688863277435, 0.43801432847976685, 0.2043595016002655, 0.5, 0.20275543630123138, 0.5591256320476532, 0.18507014214992523, 0.6304482221603394, 0.26382049918174744, 0.6578100919723511, 0.2640129327774048, 0.7359870672225952, 0.32954609394073486, 0.7551023215055466, 0.38800063729286194, 0.7703903615474701, 0.4439783990383148, 0.7816396802663803, 0.5, 0.8441657274961472, 0.5596799850463867, 0.8000314086675644, 0.6243687868118286, 0.8002528846263885, 0.6843766570091248, 0.7759391665458679, 0.7362945079803467, 0.7362945377826691, 0.7379732131958008, 0.6590086221694946, 0.7773717641830444, 0.6148911416530609, 0.8176670074462891, 0.5631878972053528, 0.9464018940925598, 0.5, 0.9159322381019592, 0.41726595163345337, 0.9709345102310181, 0.30493253469467163, 0.890473484992981, 0.23909395933151245, 0.8620573282241821, 0.13794267177581787, 0.7559217810630798, 0.1169859766960144, 0.6977713108062744, 0.02253776788711548, 0.5840118527412415, 0.0776439905166626, 0.5, 0.05223590135574341, 0.41085121035575867, 0.05181884765625, 0.3022649586200714, 0.022625386714935303, 0.2232120782136917, 0.08575761318206787, 0.18223091959953308, 0.1822308897972107, 0.138000950217247, 0.25811994075775146, 0.0356350839138031, 0.3076537251472473, 8.64662288222462e-05, 0.40056103467941284, 0.018725058063864708, 0.5, -0.008341952227056026, 0.601115494966507, 0.11054056882858276, 0.661319375038147, 0.11972042918205261, 0.7540946900844574, 0.1769876480102539, 0.8230123519897461, 0.2609649896621704, 0.8577411621809006, 0.30323565006256104, 0.9750311374664307, 0.4193139374256134, 0.9056361541152, 0.5, 0.9107720777392387, 0.584557056427002, 0.9250970780849457, 0.6800625324249268, 0.9347094744443893, 0.7540906667709351, 0.8802735358476639, 0.8198307752609253, 0.8198308050632477, 0.8963329792022705, 0.764821246266365, 0.9347003698348999, 0.6800587773323059, 0.9419387578964233, 0.587907075881958]
            tri (int, 480):  [0, 2, 1, 0, 3, 2, 0, 4, 3, 0, 5, 4, 0, 6, 5, 0, 7, 6, 0, 8, 7, 0, 9, 8, 0, 10, 9, 0, 11, 10, 0, 12, 11, 0, 13, 12, 0, 14, 13, 0, 15, 14, 0, 16, 15, 0, 17, 16, 0, 18, 17, 0, 19, 18, 0, 20, 19, 0, 21, 20, 0, 22, 21, 0, 23, 22, 0, 24, 23, 0, 25, 24, 0, 26, 25, 0, 27, 26, 0, 28, 27, 0, 29, 28, 0, 30, 29, 0, 31, 30, 0, 32, 31, 0, 1, 32, 1, 34, 33, 1, 2, 34, 2, 35, 34, 2, 3, 35, 3, 36, 35, 3, 4, 36, 4, 37, 36, 4, 5, 37, 5, 38, 37, 5, 6, 38, 6, 39, 38, 6, 7, 39, 7, 40, 39, 7, 8, 40, 8, 41, 40, 8, 9, 41, 9, 42, 41, 9, 10, 42, 10, 43, 42, 10, 11, 43, 11, 44, 43, 11, 12, 44, 12, 45, 44, 12, 13, 45, 13, 46, 45, 13, 14, 46, 14, 47, 46, 14, 15, 47, 15, 48, 47, 15, 16, 48, 16, 49, 48, 16, 17, 49, 17, 50, 49, 17, 18, 50, 18, 51, 50, 18, 19, 51, 19, 52, 51, 19, 20, 52, 20, 53, 52, 20, 21, 53, 21, 54, 53, 21, 22, 54, 22, 55, 54, 22, 23, 55, 23, 56, 55, 23, 24, 56, 24, 57, 56, 24, 25, 57, 25, 58, 57, 25, 26, 58, 26, 59, 58, 26, 27, 59, 27, 60, 59, 27, 28, 60, 28, 61, 60, 28, 29, 61, 29, 62, 61, 29, 30, 62, 30, 63, 62, 30, 31, 63, 31, 64, 63, 31, 32, 64, 32, 33, 64, 33, 32, 1, 33, 66, 65, 33, 34, 66, 34, 67, 66, 34, 35, 67, 35, 68, 67, 35, 36, 68, 36, 69, 68, 36, 37, 69, 37, 70, 69, 37, 38, 70, 38, 71, 70, 38, 39, 71, 39, 72, 71, 39, 40, 72, 40, 73, 72, 40, 41, 73, 41, 74, 73, 41, 42, 74, 42, 75, 74, 42, 43, 75, 43, 76, 75, 43, 44, 76, 44, 77, 76, 44, 45, 77, 45, 78, 77, 45, 46, 78, 46, 79, 78, 46, 47, 79, 47, 80, 79, 47, 48, 80, 48, 81, 80, 48, 49, 81, 49, 82, 81, 49, 50, 82, 50, 83, 82, 50, 51, 83, 51, 84, 83, 51, 52, 84, 52, 85, 84, 52, 53, 85, 53, 86, 85, 53, 54, 86, 54, 87, 86, 54, 55, 87, 55, 88, 87, 55, 56, 88, 56, 89, 88, 56, 57, 89, 57, 90, 89, 57, 58, 90, 58, 91, 90, 58, 59, 91, 59, 92, 91, 59, 60, 92, 60, 93, 92, 60, 61, 93, 61, 94, 93, 61, 62, 94, 62, 95, 94, 62, 63, 95, 63, 96, 95, 63, 64, 96, 64, 65, 96, 65, 64, 33]
            boundingsphere (float, 4):  [-0.386044979095459, 0.20633772015571594, 0.025088787078857422, 10.870076192707078]
            aabb:
                min (float, 3):  [-10.492177963256836, 0.06707541644573212, -9.804642677307129]
                max (float, 3):  [9.720088005065918, 0.3456000089645386, 9.854820251464844]
            material:
                shader (str, 1):  ['PdxMeshAdvanced']
                diff (str, 1):  ['air_winter_polar_subpolar_phase_2_diff.dds']
                spec (str, 1):  ['air_winter_polar_subpolar_spec.dds']
                n (str, 1):  ['air_winter_polar_subpolar_n.dds']
locator:
