pdxasset (int, 2):  [1, 0]
object:
    air_winter_equatorial_rainforest_phase_4:
        mesh:
            p (float, 291):  [0.0, 0.4032000005245209, 0.0, 3.1135947704315186, 0.3265286386013031, 0.0, 3.2388927936553955, 0.27877023816108704, 0.6442558169364929, 3.1806440353393555, 0.2313319593667984, 1.317465901374817, 2.6066207885742188, 0.20020340383052826, 1.7416883707046509, 2.397434711456299, 0.19587677717208862, 2.397434711456299, 1.7434808015823364, 0.21981041133403778, 2.6093034744262695, 1.2375401258468628, 0.26393720507621765, 2.9876861572265625, 0.664506196975708, 0.3133837878704071, 3.340698003768921, 1.9545870240022178e-16, 0.35148361325263977, 3.192082643508911, -0.6494765281677246, 0.3653947412967682, 3.265138864517212, -1.190899133682251, 0.3504282832145691, 2.87508487701416, -1.885278582572937, 0.3116288185119629, 2.821518898010254, -2.2997922897338867, 0.26207417249679565, 2.2997922897338867, -2.5657477378845215, 0.21846722066402435, 1.7143778800964355, -2.897876739501953, 0.19550618529319763, 1.2003397941589355, -3.1876816749572754, 0.20093032717704773, 0.6340693235397339, -3.366553783416748, 0.2329113781452179, 4.122839432438313e-16, -3.221864700317383, 0.28066977858543396, -0.6408687233924866, -3.1728599071502686, 0.3281080424785614, -1.3142415285110474, -2.591810464859009, 0.35923659801483154, -1.7317924499511719, -2.2857589721679688, 0.3635632395744324, -2.2857589721679688, -1.7301403284072876, 0.339629590511322, -2.5893380641937256, -1.2953976392745972, 0.29550278186798096, -3.127366542816162, -0.6534640789031982, 0.2460562288761139, -3.2851858139038086, -6.319868461768393e-16, 0.20795638859272003, -3.4403762817382812, 0.6021661758422852, 0.1940452605485916, -3.0272936820983887, 1.3019987344741821, 0.2090117335319519, -3.143303155899048, 1.7425199747085571, 0.24781116843223572, -2.607865571975708, 2.2381021976470947, 0.29736584424972534, -2.2381021976470947, 2.5923714637756348, 0.34097278118133545, -1.7321672439575195, 2.9632914066314697, 0.363933801651001, -1.2274354696273804, 3.3028042316436768, 0.3585096597671509, -0.6569686532020569, 6.311009407043457, 0.2408486306667328, 0.0, 6.4901251792907715, 0.19309023022651672, 1.2909661531448364, 6.323676586151123, 0.14565196633338928, 2.6193525791168213, 5.831501007080078, 0.11452340334653854, 3.896484375, 4.675063610076904, 0.11019676923751831, 4.675063610076904, 3.6576955318450928, 0.13413040339946747, 5.474128246307373, 2.4422860145568848, 0.17825721204280853, 5.896200180053711, 1.34409499168396, 0.2277037799358368, 6.7572221755981445, 3.9717266370657776e-16, 0.26580360531806946, 6.486321926116943, -1.4051430225372314, 0.2797147333621979, 7.064130783081055, -2.7318522930145264, 0.2647482752799988, 6.595274925231934, -3.4576287269592285, 0.22594882547855377, 5.174706935882568, -5.10844612121582, 0.17639416456222534, 5.10844612121582, -5.9330878257751465, 0.13278722763061523, 3.964362382888794, -6.108768939971924, 0.10982619225978851, 2.530334949493408, -6.968165874481201, 0.11525032669305801, 1.3860543966293335, -6.258396148681641, 0.14723137021064758, 7.664324683671333e-16, -6.421422004699707, 0.19498977065086365, -1.277300238609314, -6.176876544952393, 0.2424280345439911, -2.5585460662841797, -5.116053581237793, 0.27355659008026123, -3.4184377193450928, -4.924273490905762, 0.27788323163986206, -4.924273490905762, -3.8349294662475586, 0.2539495825767517, -5.739377498626709, -2.4195783138275146, 0.20982278883457184, -5.841379165649414, -1.207785964012146, 0.16037622094154358, -6.0719499588012695, -1.2791603578232377e-15, 0.12227639555931091, -6.963424205780029, 1.2183550596237183, 0.1083652675151825, -6.125084400177002, 2.356412887573242, 0.12333172559738159, -5.6888837814331055, 3.6641836166381836, 0.1621311753988266, -5.4838385581970215, 4.154599189758301, 0.21168583631515503, -4.154599189758301, 4.9904961585998535, 0.25529277324676514, -3.334542751312256, 5.7787041664123535, 0.27825382351875305, -2.393617630004883, 6.517359256744385, 0.27282968163490295, -1.296383261680603, 10.787103652954102, 0.12488069385290146, 0.0, 8.078596115112305, 0.10802478343248367, 1.6069326400756836, 10.035609245300293, 0.09128186851739883, 4.156885623931885, 7.792890548706055, 0.08029531687498093, 5.207043170928955, 6.089173316955566, 0.0787682756781578, 6.089173316955566, 5.506704330444336, 0.08721543848514557, 8.241365432739258, 3.9418814182281494, 0.10278960317373276, 9.5165433883667, 1.989431619644165, 0.12024133652448654, 10.001547813415527, 5.000118073354492e-16, 0.1336883306503296, 8.165812492370605, -2.0942916870117188, 0.13859814405441284, 10.528715133666992, -3.2205023765563965, 0.13331586122512817, 7.774980545043945, -4.871273040771484, 0.11962193995714188, 7.290375232696533, -6.366118907928467, 0.10213205963373184, 6.366118907928467, -9.168326377868652, 0.0867413729429245, 6.12608003616333, -9.821807861328125, 0.07863748073577881, 4.068325996398926, -9.490620613098145, 0.080551877617836, 1.8878017663955688, -8.211018562316895, 0.09183930605649948, 1.0055597161350341e-15, -8.53056526184082, 0.10869521647691727, -1.696834921836853, -8.145660400390625, 0.1254381388425827, -3.3740427494049072, -7.668121337890625, 0.13642467558383942, -5.1236748695373535, -7.577949047088623, 0.13795173168182373, -7.577949047088623, -4.562900066375732, 0.12950456142425537, -6.82886266708374, -3.9753224849700928, 0.11393039673566818, -9.597277641296387, -2.070143222808838, 0.0964786633849144, -10.407312393188477, -1.5413854529089345e-15, 0.08303166925907135, -8.390912055969238, 1.5675138235092163, 0.0781218558549881, -7.8804240226745605, 4.173459529876709, 0.08340413868427277, -10.07562255859375, 6.116478443145752, 0.09709805995225906, -9.15395736694336, 7.6596903800964355, 0.1145879402756691, -7.6596903800964355, 8.572052955627441, 0.12997862696647644, -5.727662563323975, 8.50515079498291, 0.13808251917362213, -3.522948980331421, 8.130008697509766, 0.13616812229156494, -1.617159366607666]
            n (float, 291):  [-4.7386009100591764e-05, 1.0, 0.0001923727395478636, 0.025228938087821007, 0.9982300400733948, 0.05385496839880943, 0.02063940465450287, 0.9981042146682739, 0.05798222869634628, 0.012616181746125221, 0.9982462525367737, 0.05783926323056221, 0.026501914486289024, 0.9984936118125916, 0.04804364964365959, 0.03451311215758324, 0.9992074370384216, 0.01982867904007435, 0.05757218226790428, 0.9982304573059082, 0.014881745912134647, 0.0742361769080162, 0.9972211122512817, 0.006256722845137119, 0.05788177251815796, 0.9982247948646545, 0.014027820900082588, 0.0337560698390007, 0.9992327690124512, 0.01985847018659115, -0.0018880593124777079, 0.999851405620575, 0.017134040594100952, -0.0415482260286808, 0.9991303086280823, 0.0035044378601014614, -0.058742865920066833, 0.9982433319091797, -0.007707072421908379, -0.0659031942486763, 0.9976028203964233, -0.02110208384692669, -0.061992984265089035, 0.997931182384491, -0.017037954181432724, -0.04430294781923294, 0.9989607334136963, 0.01070559024810791, -0.035667043179273605, 0.998698890209198, 0.0364474356174469, -0.03742562234401703, 0.9981153607368469, 0.04863138496875763, -0.04410253465175629, 0.9974578022956848, 0.05597219243645668, -0.039374999701976776, 0.9987101554870605, 0.03205772861838341, -0.02862211875617504, 0.9995577931404114, 0.008069283328950405, -0.006177439820021391, 0.9997947812080383, -0.019294386729598045, 0.025038039311766624, 0.9987680912017822, -0.042841024696826935, 0.043066900223493576, 0.9978355169296265, -0.04969428852200508, 0.04375944659113884, 0.9979051351547241, -0.04765012487769127, 0.03682508319616318, 0.9986315965652466, -0.03713364526629448, 0.012796446681022644, 0.9985778331756592, -0.05175424739718437, -0.01873430423438549, 0.9985918998718262, -0.04963059723377228, -0.020788947120308876, 0.9978924989700317, -0.06146853044629097, -0.02014400064945221, 0.9977339506149292, -0.06419620662927628, -0.0060393186286091805, 0.9985844492912292, -0.052845411002635956, 0.01186544168740511, 0.9996740818023682, -0.022602006793022156, 0.024685177952051163, 0.999502956867218, 0.01960728131234646, 0.03044905886054039, 0.9990856051445007, 0.030014922842383385, 0.022538751363754272, 0.9990292191505432, 0.03785121068358421, 0.011980210430920124, 0.9995529651641846, 0.027392566204071045, 0.007263629697263241, 0.9996920824050903, 0.023724986240267754, 0.019284121692180634, 0.9997543096542358, 0.010930625721812248, 0.03183252736926079, 0.9994852542877197, 0.003975400701165199, 0.04460664466023445, 0.9989748597145081, 0.0077234553173184395, 0.021985402330756187, 0.9993922710418701, 0.027050435543060303, 0.02316635474562645, 0.9990479946136475, 0.03696560487151146, 2.3544556825072505e-05, 0.9991971254348755, 0.04006511718034744, -0.04939992353320122, 0.9983457922935486, 0.02941412851214409, -0.047884244471788406, 0.9988065361976624, 0.00962076149880886, -0.03298947215080261, 0.9994262456893921, 0.007676997222006321, -0.026710161939263344, 0.9996163249015808, -0.007329416461288929, -0.02031550742685795, 0.9997932314872742, 0.0008325412636622787, -0.016776563599705696, 0.9998219609260559, 0.008638940751552582, -0.02857714146375656, 0.9991868734359741, 0.028442861512303352, -0.04131390154361725, 0.9986476898193359, 0.03155779093503952, -0.04565573111176491, 0.9989179372787476, 0.008862943388521671, -0.03890209645032883, 0.9992401003837585, -0.002418471034616232, -0.01953974738717079, 0.999362051486969, -0.029893307015299797, 0.0014143664157018065, 0.9988621473312378, -0.047670360654592514, 0.018668515607714653, 0.9991230368614197, -0.037478700280189514, 0.02636607550084591, 0.9991928339004517, -0.030307142063975334, 0.022205544635653496, 0.9995043277740479, -0.02231639251112938, 0.006915242411196232, 0.9997155666351318, -0.022825540974736214, -0.01516338437795639, 0.9994585514068604, -0.029199378564953804, -0.010391988791525364, 0.9995116591453552, -0.029470037668943405, -0.005156414583325386, 0.9991382360458374, -0.04118331894278526, 0.011298924684524536, 0.9993139505386353, -0.03526929393410683, 0.03262650966644287, 0.9993181228637695, -0.017282571643590927, 0.04247703403234482, 0.9990958571434021, -0.0017730345716699958, 0.03556235134601593, 0.999261736869812, 0.014540053904056549, 0.02750243991613388, 0.9992561340332031, 0.027033865451812744, 0.011976837180554867, 0.9997987747192383, 0.016089417040348053, 0.005059427581727505, 0.9997785687446594, 0.02042640559375286, 0.015119996853172779, 0.9998540282249451, 0.007963242940604687, 0.024217838421463966, 0.9996970891952515, 0.004364990163594484, 0.027471410110592842, 0.9995507597923279, 0.011984840966761112, 0.016076641157269478, 0.9995018839836121, 0.027156449854373932, 0.020538432523608208, 0.9982332587242126, 0.055753082036972046, -0.006834025494754314, 0.9986735582351685, 0.05103389173746109, -0.0599575899541378, 0.997334897518158, 0.0415709912776947, -0.04110729694366455, 0.9985673427581787, 0.03425559774041176, -0.023762738332152367, 0.9995787739753723, 0.016660176217556, -0.016030263155698776, 0.9998713731765747, -0.0004877970786765218, -0.012266973964869976, 0.9999226927757263, -0.0020133433863520622, -0.012433999218046665, 0.9999184012413025, 0.0029316991567611694, -0.02794238179922104, 0.9995244145393372, 0.013041862286627293, -0.046306975185871124, 0.998765230178833, 0.01798916421830654, -0.050790462642908096, 0.9987066984176636, -0.0022790064103901386, -0.05047211796045303, 0.9987068772315979, -0.006104269064962864, -0.028307830914855003, 0.9990954399108887, -0.03173407167196274, -0.007057055830955505, 0.998393177986145, -0.05622544884681702, 0.003969806712120771, 0.9996271133422852, -0.027015866711735725, 0.01643230766057968, 0.9995996356010437, -0.02303219586610794, 0.020738717168569565, 0.999566912651062, -0.020877402275800705, -0.0009804338915273547, 0.9998443126678467, -0.017622025683522224, -0.010564183816313744, 0.9997876882553101, -0.017691904678940773, -0.005338691640645266, 0.999771773815155, -0.020688125863671303, 0.0034905883949249983, 0.9996837973594666, -0.024902593344449997, 0.017246386036276817, 0.9995731711387634, -0.023579144850373268, 0.04218453913927078, 0.9990218877792358, -0.013255125842988491, 0.05013936385512352, 0.9986599087715149, -0.012828127481043339]
            ta (float, 388):  [1.0, 4.738610005006194e-05, -5.4105942837168186e-08, 1.0, 0.9996806979179382, -0.02526639588177204, 1.47118389577372e-05, 1.0, 0.9997861385345459, -0.02067783661186695, 6.284240225795656e-05, 1.0, 0.9999202489852905, -0.012623683549463749, -0.0002356746408622712, 1.0, 0.9996480941772461, -0.026527294889092445, -0.00010939790809061378, 1.0, 0.9994038939476013, -0.03452147915959358, 7.95701052993536e-05, 1.0, 0.9983409643173218, -0.0575798861682415, 8.862734830472618e-05, 1.0, 0.9972405433654785, -0.0742381364107132, 8.268317469628528e-05, 1.0, 0.9983230233192444, -0.05788900703191757, 0.00010919985652435571, 1.0, 0.9994298219680786, -0.033764492720365524, 8.874964260030538e-05, 1.0, 0.999998152256012, 0.0018889192724600434, -3.4024633350782096e-05, 1.0, 0.9991364479064941, 0.041548509150743484, -8.97800964594353e-06, 1.0, 0.9982730150222778, 0.058745406568050385, 0.00010210507025476545, 1.0, 0.9978247880935669, 0.06592187285423279, 0.00018942500173579901, 1.0, 0.9980760216712952, 0.06200286000967026, 5.130808858666569e-05, 1.0, 0.9990180134773254, 0.04430553317070007, -4.313034423830686e-06, 1.0, 0.9993628263473511, 0.03569209948182106, -3.677976565086283e-05, 1.0, 0.9992976188659668, 0.0374721996486187, -4.600692409439944e-05, 1.0, 0.999023973941803, 0.04416981339454651, 3.510118767735548e-05, 1.0, 0.9992236495018005, 0.03939749300479889, -7.009536784607917e-05, 1.0, 0.999590277671814, 0.02862314134836197, -1.1255389836151153e-05, 1.0, 0.9999809265136719, 0.006177275441586971, -6.811526691308245e-05, 1.0, 0.9996857643127441, -0.025069626048207283, -0.00020011280139442533, 1.0, 0.9990690350532532, -0.04313739389181137, -0.000346490676747635, 1.0, 0.9990386366844177, -0.04383554309606552, -0.0005527018220163882, 1.0, 0.9993203282356262, -0.03685877472162247, -0.0002229952224297449, 1.0, 0.9999179840087891, -0.012808066792786121, 0.00010718778503360227, 1.0, 0.9998237490653992, 0.01877172477543354, 0.0002879382809624076, 1.0, 0.9997826814651489, 0.020844722166657448, 0.00026620517019182444, 1.0, 0.9997951984405518, 0.020228881388902664, 0.0006724642007611692, 1.0, 0.9999815225601196, 0.00606008805334568, 0.00023282735492102802, 1.0, 0.9999294281005859, -0.011867981404066086, 2.178113027184736e-05, 1.0, 0.9996951818466187, -0.02468976378440857, -8.367180271307006e-06, 1.0, 0.9995357990264893, -0.030467508360743523, 0.00015744952543172985, 1.0, 0.9997451901435852, -0.02256864123046398, 0.0003626129182521254, 1.0, 0.9999281764030457, -0.011987818405032158, 0.00011348965927027166, 1.0, 0.9999735951423645, -0.007265513762831688, -6.820420367148472e-06, 1.0, 0.9998140335083008, -0.019285127520561218, -1.3457457498589065e-05, 1.0, 0.9994931817054749, -0.03183276951313019, -2.876122835004935e-06, 1.0, 0.9990044832229614, -0.04460800066590309, 3.5147240851074457e-06, 1.0, 0.9997580647468567, -0.021995114162564278, 6.15831813775003e-05, 1.0, 0.9997311234474182, -0.023184727877378464, 6.845127063570544e-05, 1.0, 1.0, -2.5150797227979638e-05, 3.958000161219388e-05, 1.0, 0.9987783432006836, 0.04941613972187042, 0.00017603187006898224, 1.0, 0.9988528490066528, 0.04788631573319435, 1.5108479601622093e-05, 1.0, 0.9994556307792664, 0.03299083933234215, -5.194540790398605e-05, 1.0, 0.9996432065963745, 0.026710987091064453, 1.468360915168887e-05, 1.0, 0.9997936487197876, 0.020315514877438545, 5.7730964897473314e-08, 1.0, 0.9998592138290405, 0.01677725464105606, -7.770439879095647e-06, 1.0, 0.9995912909507751, 0.02858792431652546, 2.7554197004064918e-05, 1.0, 0.9991454482078552, 0.04133252054452896, 6.228213896974921e-05, 1.0, 0.9989571571350098, 0.045657362788915634, 1.8042357623926364e-05, 1.0, 0.9992430210113525, 0.038902197033166885, -4.838609129365068e-06, 1.0, 0.9998087882995605, 0.019553162157535553, 0.0001564522972330451, 1.0, 0.9999989867210388, -0.0014156054239720106, 7.792760698066559e-06, 1.0, 0.9998253583908081, -0.01868797279894352, -0.00016881729243323207, 1.0, 0.9996520280838013, -0.026376530528068542, 5.4809530411148444e-05, 1.0, 0.9997532963752747, -0.02220798283815384, 0.00013865921937394887, 1.0, 0.9999760985374451, -0.006918801460415125, -7.69976686569862e-05, 1.0, 0.9998849034309387, 0.015169743448495865, -3.7391860132629517e-06, 1.0, 0.9999459385871887, 0.010398919694125652, 8.19276028778404e-05, 1.0, 0.9999866485595703, 0.005159751512110233, -2.5279699912061915e-05, 1.0, 0.999936044216156, -0.011305484920740128, 1.3387994840741158e-05, 1.0, 0.9994674324989319, -0.032631631940603256, -1.4563980585080571e-05, 1.0, 0.9990974068641663, -0.042477160692214966, -3.5814711736747995e-05, 1.0, 0.9993674159049988, -0.03556406497955322, -0.00014060809917282313, 1.0, 0.9996215105056763, -0.027513019740581512, 1.938978130056057e-05, 1.0, 0.9999282360076904, -0.01197790540754795, -3.0017083190614358e-05, 1.0, 0.9999871850013733, -0.005060607101768255, 6.068859420338413e-06, 1.0, 0.999885618686676, -0.015120472759008408, -2.2889925510583e-09, 1.0, 0.9997067451477051, -0.024218043312430382, -6.673421466985019e-06, 1.0, 0.999622642993927, -0.027472618967294693, -6.387720350176096e-05, 1.0, 0.999870777130127, -0.016072958707809448, -0.0003538776363711804, 1.0, 0.9997884035110474, -0.020569754764437675, -1.2108108421671204e-05, 1.0, 0.9999765753746033, 0.006843918468803167, -1.906088800751604e-05, 1.0, 0.9981986880302429, 0.05999378487467766, 0.00037735927617177367, 1.0, 0.9991537928581238, 0.0411299429833889, 4.3481584725668654e-05, 1.0, 0.9997175931930542, 0.023765970021486282, 4.096059001312824e-06, 1.0, 0.999871551990509, 0.016030263155698776, -2.1602761535177706e-06, 1.0, 0.9999247193336487, 0.012266997247934341, -6.851769853710721e-07, 1.0, 0.9999226331710815, 0.01243403647094965, 5.123456048750086e-06, 1.0, 0.9996094107627869, 0.027944831177592278, -5.484758730744943e-06, 1.0, 0.9989268183708191, 0.04631559178233147, -6.273326289374381e-05, 1.0, 0.9987093806266785, 0.05079063028097153, 1.3233906429377384e-05, 1.0, 0.998725414276123, 0.05047307908535004, 4.412243924889481e-06, 1.0, 0.9995989799499512, 0.028316296637058258, -0.00018259254284203053, 1.0, 0.9999749660491943, 0.007074702996760607, 0.00011483695561764762, 1.0, 0.9999921321868896, -0.003966167569160461, 0.00018828590691555291, 1.0, 0.9998649954795837, -0.016433129087090492, 0.0001535531337140128, 1.0, 0.9997848272323608, -0.020742524415254593, 3.417936386540532e-05, 1.0, 0.9999995827674866, 0.000980615965090692, 1.6806427538540447e-06, 1.0, 0.999944269657135, 0.01056461688131094, -6.906945782247931e-05, 1.0, 0.9999857544898987, 0.0053365775384008884, -0.0001574172347318381, 1.0, 0.9999939203262329, -0.003493723925203085, -8.240205352194607e-05, 1.0, 0.9998511672019958, -0.017252260819077492, -4.5683067583013326e-05, 1.0, 0.9991096258163452, -0.04218795895576477, 2.159818723157514e-05, 1.0, 0.9987420439720154, -0.050143446773290634, 3.012173465322121e-06, 1.0]
            u0 (float, 194):  [0.5, 0.5, 0.6508524417877197, 0.5, 0.6569231152534485, 0.4687860608100891, 0.6541009545326233, 0.43616926670074463, 0.6262897849082947, 0.41561585664749146, 0.6161547899246216, 0.3838452100753784, 0.5844709873199463, 0.37358027696609497, 0.5599583387374878, 0.35524773597717285, 0.5321950912475586, 0.3381444811820984, 0.5, 0.3453448414802551, 0.46853312849998474, 0.34180527925491333, 0.4423013925552368, 0.3607032299041748, 0.4086589813232422, 0.36329853534698486, 0.3885759711265564, 0.3885759711265564, 0.3756905198097229, 0.4169390797615051, 0.3595989942550659, 0.44184398651123047, 0.3455580472946167, 0.46927958726882935, 0.336891770362854, 0.5, 0.3439019024372101, 0.5310498476028442, 0.3462761640548706, 0.5636745095252991, 0.37442779541015625, 0.5839046835899353, 0.3892558515071869, 0.6107441484928131, 0.41617536544799805, 0.6254524290561676, 0.437238484621048, 0.6515196859836578, 0.4683399200439453, 0.6591659784317017, 0.5, 0.6666848957538605, 0.5291747450828552, 0.6466712057590485, 0.5630813241004944, 0.6522918045520782, 0.5844244360923767, 0.626350075006485, 0.6084352135658264, 0.608435183763504, 0.6255993843078613, 0.5839228332042694, 0.6435703039169312, 0.5594687759876251, 0.66001957654953, 0.5318298637866974, 0.8057659268379211, 0.5, 0.8144440650939941, 0.4374532103538513, 0.8063796758651733, 0.3730933666229248, 0.7825339436531067, 0.3112168312072754, 0.7265050411224365, 0.2734949588775635, 0.6772139072418213, 0.23478060960769653, 0.618327796459198, 0.21433138847351074, 0.5651208758354187, 0.17261523008346558, 0.5, 0.18574023246765137, 0.4319213628768921, 0.1577455997467041, 0.3676428198814392, 0.18046146631240845, 0.33247923851013184, 0.2492874264717102, 0.25249776244163513, 0.2524977922439575, 0.21254420280456543, 0.307928204536438, 0.2040325254201889, 0.3774062395095825, 0.16239507496356964, 0.43284618854522705, 0.1967831254005432, 0.5, 0.18888458609580994, 0.5618847012519836, 0.20073272287845612, 0.623960554599762, 0.2521291971206665, 0.6656219661235809, 0.2614208459854126, 0.7385791540145874, 0.31419914960861206, 0.7780706286430359, 0.3827723562717438, 0.7830125540494919, 0.4414832293987274, 0.7941836267709732, 0.5, 0.837375208735466, 0.5590288043022156, 0.7967579662799835, 0.6141672730445862, 0.7756242156028748, 0.6775282621383667, 0.7656898498535156, 0.7012887001037598, 0.7012887299060822, 0.7417876124382019, 0.6615573167800903, 0.779975950717926, 0.6159698367118835, 0.815763533115387, 0.5628092586994171, 1.022631049156189, 0.5, 0.8914048671722412, 0.42214471101760864, 0.9862213730812073, 0.2986004948616028, 0.8775625228881836, 0.24772077798843384, 0.7950180768966675, 0.20498192310333252, 0.766797661781311, 0.10070902109146118, 0.6909826397895813, 0.03892713785171509, 0.5963872075080872, 0.015428900718688965, 0.5, 0.10436952114105225, 0.3985323905944824, -0.010112166404724121, 0.34396791458129883, 0.12330520153045654, 0.2639887034893036, 0.14678412675857544, 0.19156400859355927, 0.19156402349472046, 0.05579812079668045, 0.2031937837600708, 0.0241372250020504, 0.30289119482040405, 0.040183112025260925, 0.40853673219680786, 0.10217933356761932, 0.5, 0.08669740706682205, 0.5822109878063202, 0.10534593462944031, 0.6634710729122162, 0.12848249077796936, 0.748240053653717, 0.13285131752490997, 0.86714868247509, 0.2789292633533478, 0.8308557569980621, 0.30739715695381165, 0.9649843797087669, 0.39970237016677856, 1.0042302692309022, 0.5, 0.9065364226698875, 0.5759454369544983, 0.881803497672081, 0.7022024989128113, 0.9881600188091397, 0.7963410019874573, 0.9435056783258915, 0.8711090087890625, 0.8711090236902237, 0.915312647819519, 0.777503028512001, 0.9120712876319885, 0.6706854999065399, 0.8938958048820496, 0.5783507525920868]
            tri (int, 480):  [0, 2, 1, 0, 3, 2, 0, 4, 3, 0, 5, 4, 0, 6, 5, 0, 7, 6, 0, 8, 7, 0, 9, 8, 0, 10, 9, 0, 11, 10, 0, 12, 11, 0, 13, 12, 0, 14, 13, 0, 15, 14, 0, 16, 15, 0, 17, 16, 0, 18, 17, 0, 19, 18, 0, 20, 19, 0, 21, 20, 0, 22, 21, 0, 23, 22, 0, 24, 23, 0, 25, 24, 0, 26, 25, 0, 27, 26, 0, 28, 27, 0, 29, 28, 0, 30, 29, 0, 31, 30, 0, 32, 31, 0, 1, 32, 1, 34, 33, 1, 2, 34, 2, 35, 34, 2, 3, 35, 3, 36, 35, 3, 4, 36, 4, 37, 36, 4, 5, 37, 5, 38, 37, 5, 6, 38, 6, 39, 38, 6, 7, 39, 7, 40, 39, 7, 8, 40, 8, 41, 40, 8, 9, 41, 9, 42, 41, 9, 10, 42, 10, 43, 42, 10, 11, 43, 11, 44, 43, 11, 12, 44, 12, 45, 44, 12, 13, 45, 13, 46, 45, 13, 14, 46, 14, 47, 46, 14, 15, 47, 15, 48, 47, 15, 16, 48, 16, 49, 48, 16, 17, 49, 17, 50, 49, 17, 18, 50, 18, 51, 50, 18, 19, 51, 19, 52, 51, 19, 20, 52, 20, 53, 52, 20, 21, 53, 21, 54, 53, 21, 22, 54, 22, 55, 54, 22, 23, 55, 23, 56, 55, 23, 24, 56, 24, 57, 56, 24, 25, 57, 25, 58, 57, 25, 26, 58, 26, 59, 58, 26, 27, 59, 27, 60, 59, 27, 28, 60, 28, 61, 60, 28, 29, 61, 29, 62, 61, 29, 30, 62, 30, 63, 62, 30, 31, 63, 31, 64, 63, 31, 32, 64, 32, 33, 64, 33, 32, 1, 33, 66, 65, 33, 34, 66, 34, 67, 66, 34, 35, 67, 35, 68, 67, 35, 36, 68, 36, 69, 68, 36, 37, 69, 37, 70, 69, 37, 38, 70, 38, 71, 70, 38, 39, 71, 39, 72, 71, 39, 40, 72, 40, 73, 72, 40, 41, 73, 41, 74, 73, 41, 42, 74, 42, 75, 74, 42, 43, 75, 43, 76, 75, 43, 44, 76, 44, 77, 76, 44, 45, 77, 45, 78, 77, 45, 46, 78, 46, 79, 78, 46, 47, 79, 47, 80, 79, 47, 48, 80, 48, 81, 80, 48, 49, 81, 49, 82, 81, 49, 50, 82, 50, 83, 82, 50, 51, 83, 51, 84, 83, 51, 52, 84, 52, 85, 84, 52, 53, 85, 53, 86, 85, 53, 54, 86, 54, 87, 86, 54, 55, 87, 55, 88, 87, 55, 56, 88, 56, 89, 88, 56, 57, 89, 57, 90, 89, 57, 58, 90, 58, 91, 90, 58, 59, 91, 59, 92, 91, 59, 60, 92, 60, 93, 92, 60, 61, 93, 61, 94, 93, 61, 62, 94, 62, 95, 94, 62, 63, 95, 63, 96, 95, 63, 64, 96, 64, 65, 96, 65, 64, 33]
            boundingsphere (float, 4):  [0.4826478958129883, 0.24066093564033508, 0.06070137023925781, 11.399728663739026]
            aabb:
                min (float, 3):  [-9.821807861328125, 0.0781218558549881, -10.407312393188477]
                max (float, 3):  [10.787103652954102, 0.4032000005245209, 10.528715133666992]
            material:
                shader (str, 1):  ['PdxMeshAdvanced']
                diff (str, 1):  ['air_winter_equatorial_rainforest_phase_4_diff.dds']
                spec (str, 1):  ['air_winter_equatorial_rainforest_spec.dds']
                n (str, 1):  ['air_winter_equatorial_rainforest_n.dds']
locator:
