pdxasset (int, 2):  [1, 0]
object:
    air_winter_mediterranean_dead_vegetation:
        mesh:
            p (float, 36):  [-6.153206825256348, 0.10000000149011612, -5.423840522766113, 5.423840522766113, 0.10000000149011612, -6.153206825256348, 6.153206825256348, 0.10000000149011612, 5.423840522766113, -5.423840522766113, 0.10000000149011612, 6.153206825256348, 1.7514934539794922, -1.203147292137146, -7.88945198059082, 7.833066940307617, -1.203147292137146, 1.9885265827178955, -1.7514934539794922, 1.6031473875045776, 7.88945198059082, -7.833066940307617, 1.6031473875045776, -1.9885265827178955, 7.150907516479492, 1.995755910873413, -3.642655372619629, 3.3197429180145264, 1.995755910873413, 7.3064165115356445, -7.150907516479492, -1.3957557678222656, 3.642655372619629, -3.3197429180145264, -1.3957557678222656, -7.3064165115356445]
            n (float, 36):  [1.6610983422093994e-10, 1.0, 0.0, 1.6610983422093994e-10, 1.0, 0.0, 1.6610983422093994e-10, 1.0, 0.0, 1.6610983422093994e-10, 1.0, 0.0, 0.20600861310958862, 0.9702957272529602, -0.12683328986167908, 0.20600861310958862, 0.9702957272529602, -0.12683328986167908, 0.20600861310958862, 0.9702957272529602, -0.12683328986167908, 0.20600861310958862, 0.9702957272529602, -0.12683328986167908, -0.2759653925895691, 0.9563047289848328, -0.09656241536140442, -0.2759653925895691, 0.9563047289848328, -0.09656241536140442, -0.2759653925895691, 0.9563047289848328, -0.09656241536140442, -0.2759653925895691, 0.9563047289848328, -0.09656241536140442]
            ta (float, 48):  [0.9980213046073914, -1.6578115269449967e-10, -0.06287641078233719, 1.0, 0.9980212450027466, -1.6578113881671186e-10, -0.06287640333175659, 1.0, 0.9980213046073914, -1.6578115269449967e-10, -0.06287641078233719, 1.0, 0.9980212450027466, -1.6578113881671186e-10, -0.06287640333175659, 1.0, 0.5242735743522644, -7.229266518749e-09, 0.8515498638153076, 1.0, 0.5242735743522644, -7.22926696283821e-09, 0.8515499234199524, 1.0, 0.5242735743522644, -7.229266518749e-09, 0.8515498638153076, 1.0, 0.5242735743522644, -7.22926696283821e-09, 0.8515499234199524, 1.0, -0.3302728235721588, -7.125025014431685e-09, 0.9438855051994324, 1.0, -0.3302727937698364, -7.125024570342475e-09, 0.9438853859901428, 1.0, -0.3302728235721588, -7.125025014431685e-09, 0.9438855051994324, 1.0, -0.3302727937698364, -7.125024570342475e-09, 0.9438853859901428, 1.0]
            u0 (float, 24):  [0.0, 1.0, 1.0, 1.0, 1.0, 0.0, 0.0, 0.0, 0.0, 1.0, 1.0, 1.0, 1.0, 0.0, 0.0, 0.0, 0.0, 1.0, 1.0, 1.0, 1.0, 0.0, 0.0, 0.0]
            tri (int, 18):  [0, 2, 1, 0, 3, 2, 4, 6, 5, 4, 7, 6, 8, 10, 9, 8, 11, 10]
            boundingsphere (float, 4):  [0.0, 0.30000007152557373, 0.0, 8.220135967169648]
            aabb:
                min (float, 3):  [-7.833066940307617, -1.3957557678222656, -7.88945198059082]
                max (float, 3):  [7.833066940307617, 1.995755910873413, 7.88945198059082]
            material:
                shader (str, 1):  ['PdxMeshAlphaBlend']
                diff (str, 1):  ['air_winter_mediterranean_dead_vegetation_diff.dds']
                spec (str, 1):  ['air_winter_mediterranean_dead_vegetation_spec.dds']
                n (str, 1):  ['air_winter_mediterranean_dead_vegetation_n.dds']
locator:
