pdxasset (int, 2):  [1, 0]
object:
    air_winter_temperate_maritime_phase_4:
        mesh:
            p (float, 291):  [0.0, 0.4032000005245209, 0.0, 3.1437034606933594, 0.2441265881061554, 0.0, 3.2681078910827637, 0.20682570338249207, 0.6500670909881592, 3.060323476791382, 0.19409461319446564, 1.267627477645874, 2.7076776027679443, 0.21022449433803558, 1.809212327003479, 2.23589825630188, 0.24977858364582062, 2.23589825630188, 1.8717533349990845, 0.2994247376918793, 2.801276922225952, 1.2913775444030762, 0.3424292206764221, 3.1176609992980957, 0.6376473307609558, 0.3642968535423279, 3.205669403076172, 1.9997412916291605e-16, 0.35765698552131653, 3.2658255100250244, -0.6182868480682373, 0.32474759221076965, 3.108337640762329, -1.180816411972046, 0.2766611576080322, 2.850743055343628, -1.78765869140625, 0.2296057641506195, 2.6754202842712402, -2.3296682834625244, 0.19944189488887787, 2.3296682834625244, -2.585329055786133, 0.19633664190769196, 1.7274616956710815, -3.112982749938965, 0.22133663296699524, 1.2894396781921387, -3.1069982051849365, 0.2660153806209564, 0.6180204153060913, -3.1680266857147217, 0.3153133988380432, 3.879713977401135e-16, -3.0401206016540527, 0.35261431336402893, -0.6047176122665405, -3.180588722229004, 0.36534538865089417, -1.3174430131912231, -2.785172462463379, 0.3492155075073242, -1.8609927892684937, -2.4032113552093506, 0.3096614181995392, -2.4032113552093506, -1.8364980220794678, 0.26001524925231934, -2.748513698577881, -1.1850606203079224, 0.21701079607009888, -2.8609893321990967, -0.6247920989990234, 0.19514313340187073, -3.1410422325134277, -5.994256291349631e-16, 0.20178303122520447, -3.2631211280822754, 0.6098641157150269, 0.23469240963459015, -3.0659940242767334, 1.3111779689788818, 0.2827788293361664, -3.16546368598938, 1.7871400117874146, 0.3298342525959015, -2.6746439933776855, 2.220360517501831, 0.35999810695648193, -2.220360517501831, 2.8087031841278076, 0.36310335993766785, -1.8767154216766357, 2.891110897064209, 0.33810335397720337, -1.1975373029708862, 3.3519797325134277, 0.2934246361255646, -0.6667502522468567, 6.460683822631836, 0.15844659507274628, 0.0, 6.475815773010254, 0.12114570289850235, 1.2881197929382324, 5.822667598724365, 0.10841462016105652, 2.411827802658081, 5.409567832946777, 0.12454449385404587, 3.6145577430725098, 4.298043251037598, 0.1640985757112503, 4.298043251037598, 3.2574517726898193, 0.21374474465847015, 4.875121116638184, 2.6992461681365967, 0.2567492127418518, 6.516556739807129, 1.1992641687393188, 0.27861687541007996, 6.029108047485352, 4.243705740055581e-16, 0.2719769775867462, 6.930497169494629, -1.191894292831421, 0.23906758427619934, 5.9920573234558105, -2.7557904720306396, 0.1909811645746231, 6.653066635131836, -3.941102981567383, 0.1439257562160492, 5.898277282714844, -4.874739646911621, 0.11376189440488815, 4.874739646911621, -5.741640567779541, 0.11065663397312164, 3.8364415168762207, -6.138248443603516, 0.13565663993358612, 2.542545795440674, -6.726194381713867, 0.1803353726863861, 1.337923288345337, -5.985817909240723, 0.2296334058046341, 7.330512704927558e-16, -6.3692193031311035, 0.2669343054294586, -1.2669163942337036, -6.4649858474731445, 0.27966538071632385, -2.677884817123413, -5.07088565826416, 0.2635354995727539, -3.3882575035095215, -5.045727252960205, 0.22398142516613007, -5.045727252960205, -3.9359915256500244, 0.17433525621891022, -5.890627861022949, -2.4484751224517822, 0.13133078813552856, -5.911141395568848, -1.235787034034729, 0.10946314036846161, -6.21272087097168, -1.1863318995512708e-15, 0.11610303074121475, -6.458090305328369, 1.2415467500686646, 0.14901241660118103, -6.2416768074035645, 2.77012038230896, 0.19709883630275726, -6.687662124633789, 3.5362765789031982, 0.24415424466133118, -5.292411804199219, 4.135486125946045, 0.2743180990219116, -4.135486125946045, 4.942138671875, 0.27742335200309753, -3.302231550216675, 6.320459365844727, 0.25242337584495544, -2.6180200576782227, 7.096739768981934, 0.20774462819099426, -1.411629319190979, 9.587362289428711, 0.09579762071371078, 0.0, 9.389250755310059, 0.08263260126113892, 1.8676382303237915, 9.016847610473633, 0.0781392753124237, 3.73490047454834, 8.635828018188477, 0.08383217453956604, 5.770275592803955, 6.1655473709106445, 0.09779243916273117, 6.1655473709106445, 5.525145530700684, 0.11531461775302887, 8.268964767456055, 3.7422425746917725, 0.1304926574230194, 9.03457260131836, 1.9486535787582397, 0.13821065425872803, 9.79654312133789, 5.258869698081736e-16, 0.1358671635389328, 8.588385581970215, -1.668968677520752, 0.124252088367939, 8.390471458435059, -3.489736318588257, 0.10728041082620621, 8.424968719482422, -6.085143566131592, 0.09067261964082718, 9.107061386108398, -6.444621562957764, 0.0800265520811081, 6.444621562957764, -8.238238334655762, 0.0789305791258812, 5.504615306854248, -8.303231239318848, 0.08775410801172256, 3.4393110275268555, -8.182857513427734, 0.10352307558059692, 1.6276715993881226, -8.223959922790527, 0.12092237919569016, 1.0071446206584653e-15, -10.39023208618164, 0.13408739864826202, -2.0667455196380615, -9.680035591125488, 0.13858072459697723, -4.009602069854736, -7.652518272399902, 0.1328878253698349, -5.1132493019104, -7.198954105377197, 0.11892756074666977, -7.198954105377197, -5.643069744110107, 0.10140538215637207, -8.445450782775879, -4.157118320465088, 0.08622733503580093, -10.036171913146973, -2.1561052799224854, 0.07850934565067291, -10.839473724365234, -1.7093783443708271e-15, 0.08085283637046814, -9.30542278289795, 2.175159454345703, 0.09246791154146194, -10.935264587402344, 4.233171463012695, 0.10943958908319473, -10.219779014587402, 5.492791652679443, 0.12604737281799316, -8.22054386138916, 7.646568775177002, 0.13669344782829285, -7.646568775177002, 7.958169460296631, 0.13778942823410034, -5.317478656768799, 8.505026817321777, 0.12896589934825897, -3.522897481918335, 8.630081176757812, 0.11319692432880402, -1.7166298627853394]
            n (float, 291):  [-0.00029935990460217, 0.9999999403953552, -4.783314125234028e-06, 0.04028981178998947, 0.9973793625831604, 0.060092393308877945, 0.03432820737361908, 0.9987620711326599, 0.03599826619029045, 0.04137463867664337, 0.9989962577819824, 0.017163481563329697, 0.05280718207359314, 0.9986017346382141, -0.0024420060217380524, 0.07052017003297806, 0.9974117279052734, -0.014027443714439869, 0.07151303440332413, 0.9973753094673157, -0.011333568952977657, 0.046262286603450775, 0.9989191889762878, 0.004493134096264839, 0.012307565659284592, 0.9997811913490295, 0.016913356259465218, -0.026735734194517136, 0.9994547963142395, 0.0193752683699131, -0.057823773473501205, 0.9982306957244873, 0.01385442167520523, -0.06654256582260132, 0.9977582693099976, 0.00710331043228507, -0.0582360215485096, 0.9982860684394836, 0.005789654329419136, -0.044576819986104965, 0.998943567276001, 0.01116860006004572, -0.031590353697538376, 0.9986755847930908, 0.04060855880379677, -0.016132960096001625, 0.9984108805656433, 0.05399445816874504, -0.02332174777984619, 0.9979039430618286, 0.06036395952105522, -0.027512498199939728, 0.9980931282043457, 0.055256187915802, -0.027371399104595184, 0.9990203976631165, 0.03477216884493828, -0.01661873608827591, 0.9998211860656738, -0.009029400534927845, 0.0015921765007078648, 0.9991552233695984, -0.04106537625193596, 0.018732404336333275, 0.9983605742454529, -0.05408467724919319, 0.03712346777319908, 0.9973224997520447, -0.06300655752420425, 0.02724354900419712, 0.9978261590003967, -0.060005661100149155, -0.003499021055176854, 0.998967707157135, -0.045290756970644, -0.023867391049861908, 0.9988287687301636, -0.042088933289051056, -0.0499906986951828, 0.9973413348197937, -0.053021594882011414, -0.044368989765644073, 0.9978708028793335, -0.047805119305849075, -0.02094096876680851, 0.9988183975219727, -0.04385453090071678, -0.0009008842171169817, 0.9995288848876953, -0.030678970739245415, 0.023556286469101906, 0.9997081756591797, -0.0053434525616467, 0.03628331422805786, 0.9988937377929688, 0.029912637546658516, 0.03648751974105835, 0.9979649782180786, 0.05229360982775688, 0.02551211416721344, 0.9990385174751282, 0.03565366938710213, 0.015966368839144707, 0.9996654987335205, 0.02034611813724041, 0.01950525864958763, 0.9997856616973877, 0.00694994768127799, 0.023933077231049538, 0.9997120499610901, -0.0017377481563016772, 0.040514569729566574, 0.9991724491119385, -0.0036228729877620935, 0.056034740060567856, 0.9984270334243774, -0.0018810410983860493, 0.030162161216139793, 0.99928879737854, 0.02263261377811432, 0.008021662943065166, 0.9994686245918274, 0.031592294573783875, -0.02260870300233364, 0.9987014532089233, 0.045652445405721664, -0.03915764018893242, 0.9988376498222351, 0.028107361868023872, -0.0252145417034626, 0.9994280934333801, 0.02253366820514202, -0.03265666961669922, 0.9994627833366394, 0.002784038195386529, -0.023601878434419632, 0.9997134208679199, 0.004026039503514767, -0.012323906645178795, 0.9998065233230591, 0.015331540256738663, -0.014125964604318142, 0.9994289875030518, 0.030692175030708313, -0.03079383634030819, 0.999147355556488, 0.02750054933130741, -0.034353215247392654, 0.9986425042152405, 0.03915243223309517, -0.0370134636759758, 0.9989238381385803, 0.02794976532459259, -0.02621566876769066, 0.9994237422943115, -0.02156439796090126, -0.013484048657119274, 0.9992165565490723, -0.037207964807748795, -0.008534037508070469, 0.9994330406188965, -0.03257143497467041, 0.013650431297719479, 0.999255895614624, -0.03607283532619476, 0.017740778625011444, 0.9994192123413086, -0.029093876481056213, 0.0019756415858864784, 0.9998123049736023, -0.019271431490778923, -0.014187577180564404, 0.9997210502624512, -0.018884489312767982, -0.032211337238550186, 0.9990702867507935, -0.028652556240558624, -0.01198057271540165, 0.9995209574699402, -0.028536774218082428, -0.0018285166006535292, 0.9994075894355774, -0.0343683585524559, 0.014185354113578796, 0.9995017051696777, -0.028195811435580254, 0.03053588792681694, 0.9994627833366394, -0.01189770083874464, 0.04126453399658203, 0.9991458058357239, 0.0022211784962564707, 0.0413179025053978, 0.998918354511261, 0.021329110488295555, 0.02342258021235466, 0.9995772838592529, 0.01722666807472706, 0.011743159033358097, 0.9998509287834167, 0.012657375074923038, 0.011051539331674576, 0.9999372959136963, 0.0017848056741058826, 0.01440031174570322, 0.9998963475227356, 5.651043466059491e-06, 0.027863798663020134, 0.9996076822280884, 0.0028505525551736355, 0.040270835161209106, 0.9991455078125, 0.009307429194450378, 0.026283156126737595, 0.9992851614952087, 0.02717410959303379, 0.004663779865950346, 0.9990286231040955, 0.04381841793656349, -0.020246613770723343, 0.998329222202301, 0.05411982163786888, -0.022877631708979607, 0.9984685778617859, 0.05036972835659981, -0.014722655527293682, 0.9995309114456177, 0.026855481788516045, -0.021555200219154358, 0.9997371435165405, 0.007809328846633434, -0.018005765974521637, 0.9998325705528259, 0.003246441250666976, -0.009629110805690289, 0.9998989105224609, 0.010455217212438583, -0.016491994261741638, 0.9997336864471436, 0.016142601147294044, -0.036374691873788834, 0.9991691708564758, 0.018381714820861816, -0.04659097641706467, 0.9983283877372742, 0.03420175611972809, -0.03947796672582626, 0.999137282371521, 0.012893268838524818, -0.031059378758072853, 0.999325156211853, -0.019613424316048622, -0.0271760243922472, 0.9990205764770508, -0.03491881862282753, -0.015601293183863163, 0.9994661211967468, -0.02870839647948742, 0.0030626754742115736, 0.9996048808097839, -0.027941033244132996, 0.006560973823070526, 0.9998635649681091, -0.015156511217355728, 0.003911466337740421, 0.9999435544013977, -0.009876972995698452, -0.009198122657835484, 0.99988853931427, -0.01175432838499546, -0.01732814870774746, 0.9996560215950012, -0.0196844469755888, -0.005590124987065792, 0.9997053146362305, -0.023623473942279816, 0.009176845662295818, 0.9995142817497253, -0.029783140867948532, 0.018393512815237045, 0.9995420575141907, -0.02402718923985958, 0.03517729043960571, 0.9992743134498596, -0.014611243270337582, 0.04855689778923988, 0.9987778663635254, -0.009221291169524193, 0.04644446074962616, 0.998866617679596, 0.010410756804049015]
            ta (float, 388):  [0.9999998807907104, 0.0002993601083289832, -1.987525166669002e-08, 1.0, 0.9991852045059204, -0.040361836552619934, -1.5268358765752055e-05, 1.0, 0.9994098544120789, -0.03435102850198746, 1.5500590961892158e-05, 1.0, 0.9991434812545776, -0.041380688548088074, -2.99991756946838e-06, 1.0, 0.9986047148704529, -0.052807364612817764, -1.0031816600530874e-05, 1.0, 0.9975097179412842, -0.07052890956401825, -0.00012918330321554095, 1.0, 0.9974392652511597, -0.07151912897825241, -0.0001334530970780179, 1.0, 0.9989293813705444, -0.04626284912228584, 1.907241494336631e-05, 1.0, 0.9999243021011353, -0.01230967603623867, 2.048389069386758e-05, 1.0, 0.9996424317359924, 0.026742249727249146, -7.72532875998877e-05, 1.0, 0.998326301574707, 0.05783231928944588, -0.00021724840917158872, 1.0, 0.9977834224700928, 0.06654490530490875, -9.385052544530481e-05, 1.0, 0.9983028173446655, 0.05823720246553421, -3.738577652256936e-05, 1.0, 0.9990057945251465, 0.044579945504665375, -3.171024582115933e-05, 1.0, 0.9994999766349792, 0.03161608427762985, 8.497971975884866e-06, 1.0, 0.9998697638511658, 0.016141587868332863, 0.0002763586235232651, 1.0, 0.9997270703315735, 0.02336501143872738, -1.088962108042324e-05, 1.0, 0.9996201395988464, 0.027559591457247734, -9.03408945305273e-05, 1.0, 0.9996249675750732, 0.027387507259845734, 1.307128604821628e-05, 1.0, 0.9998619556427002, 0.01661943830549717, 2.7583600967773236e-06, 1.0, 0.9999988079071045, -0.001597637659870088, -0.00010017616295954213, 1.0, 0.9998235702514648, -0.018781278282403946, -0.00039542163722217083, 1.0, 0.9993060827255249, -0.037240393459796906, -0.0006820900598540902, 1.0, 0.999626874923706, -0.027313806116580963, -0.00035074149491265416, 1.0, 0.9999938607215881, 0.003501557046547532, -2.3350687115453184e-05, 1.0, 0.9997144341468811, 0.023894522339105606, 0.00014162968727760017, 1.0, 0.9987450838088989, 0.050081539899110794, 0.0003852130612358451, 1.0, 0.9990118145942688, 0.044441159814596176, 0.0004474540473893285, 1.0, 0.9997799396514893, 0.02097347192466259, 0.0002811110462062061, 1.0, 0.9999995827674866, 0.0009051241795532405, 0.0001243067381437868, 1.0, 0.9997224807739258, -0.023556847125291824, -4.165391146671027e-05, 1.0, 0.9993407130241394, -0.036304570734500885, 0.0001675707462709397, 1.0, 0.9993321299552917, -0.03654211387038231, 8.797742339083925e-05, 1.0, 0.9996740221977234, -0.025532051920890808, 0.00010391594696557149, 1.0, 0.9998725056648254, -0.01596955768764019, -5.754709945904324e-06, 1.0, 0.999809741973877, -0.019505681470036507, -6.646861038461793e-06, 1.0, 0.9997134804725647, -0.02393311634659767, -1.6789236951808562e-06, 1.0, 0.9991788864135742, -0.040514834225177765, 2.8332686952126096e-07, 1.0, 0.9984288811683655, -0.056034840643405914, 5.949758588030818e-07, 1.0, 0.9995447993278503, -0.030169716104865074, -7.630505933775567e-06, 1.0, 0.9999677538871765, -0.008026362396776676, 2.1988720618537627e-05, 1.0, 0.9997444152832031, 0.022584477439522743, 0.001046439167112112, 1.0, 0.9992325305938721, 0.039172083139419556, 3.6792127502849326e-05, 1.0, 0.9996817708015442, 0.025224413722753525, -0.0001539090008009225, 1.0, 0.9994666576385498, 0.032656796276569366, 5.612724294223881e-07, 1.0, 0.9997214078903198, 0.0236020777374506, -2.246274107164936e-06, 1.0, 0.9999240040779114, 0.012325572781264782, -1.422551940777339e-05, 1.0, 0.9999001622200012, 0.014134724624454975, -6.842520087957382e-05, 1.0, 0.9995253086090088, 0.03080902248620987, -0.00012841742136515677, 1.0, 0.9994087815284729, 0.03437965735793114, -2.0016550479340367e-06, 1.0, 0.9993142485618591, 0.03702815622091293, -8.176933988579549e-06, 1.0, 0.9996561408042908, 0.02622116170823574, -2.793865860439837e-05, 1.0, 0.999908983707428, 0.01349333580583334, -1.4867956679154304e-06, 1.0, 0.9999635815620422, 0.008540257811546326, 5.190249066799879e-05, 1.0, 0.9999064803123474, -0.013670056127011776, -0.00029738014563918114, 1.0, 0.9998424649238586, -0.01774950511753559, -4.1753814002731815e-05, 1.0, 0.9999980330467224, -0.0019758485723286867, 8.305419214593712e-06, 1.0, 0.9998992681503296, 0.014190806075930595, 3.706677307491191e-05, 1.0, 0.9994806051254272, 0.03222547471523285, 3.148644827888347e-05, 1.0, 0.9999281764030457, 0.011987658217549324, 7.72483108448796e-05, 1.0, 0.9999984502792358, 0.0018254464957863092, -0.0001207097084261477, 1.0, 0.9998993277549744, -0.014192027971148491, -3.659596768557094e-05, 1.0, 0.9995336532592773, -0.03053741343319416, 5.346171747078188e-05, 1.0, 0.9991482496261597, -0.0412646122276783, -8.734394214116037e-06, 1.0, 0.9991453289985657, -0.04133361205458641, 0.00029574570362456143, 1.0, 0.9997256994247437, -0.02342398837208748, -0.00012026229524053633, 1.0, 0.9999310374259949, -0.011744128540158272, 2.3711002086201916e-06, 1.0, 0.99993896484375, -0.011051559820771217, 1.1631279903667746e-06, 1.0, 0.9998962879180908, -0.01440031174570322, 1.6536463931515755e-07, 1.0, 0.9996117353439331, -0.027863895520567894, -5.5452851484005805e-06, 1.0, 0.9991887807846069, -0.04027220979332924, -3.994066719315015e-05, 1.0, 0.9996543526649475, -0.0262908898293972, -7.270110654644668e-05, 1.0, 0.9999891519546509, -0.004658362362533808, -0.00022573111345991492, 1.0, 0.9997947812080383, 0.0202549546957016, 0.000394421600503847, 1.0, 0.9997376799583435, 0.02290145866572857, 0.0001040580973494798, 1.0, 0.9998915791511536, 0.014727028086781502, 3.500489765428938e-05, 1.0, 0.9997676610946655, 0.021555399522185326, 5.836292984895408e-05, 1.0, 0.9998379349708557, 0.018005860969424248, 7.289889367712021e-07, 1.0, 0.9999536871910095, 0.009629431180655956, 1.9736566173378378e-05, 1.0, 0.9998639225959778, 0.016493383795022964, 4.694977178587578e-05, 1.0, 0.9993379712104797, 0.036380983889102936, -7.873053618823178e-06, 1.0, 0.9989127516746521, 0.046618133783340454, 3.36311723003746e-06, 1.0, 0.9992202520370483, 0.03948125243186951, -6.753768388989556e-07, 1.0, 0.9995173811912537, 0.03106621652841568, 4.399629688123241e-05, 1.0, 0.9996301531791687, 0.027193395420908928, 2.2575555703951977e-05, 1.0, 0.9998779892921448, 0.015613986179232597, 0.00021810713224112988, 1.0, 0.999995231628418, -0.0030607806984335184, 0.00011058065865654498, 1.0, 0.9999785423278809, -0.006560545414686203, 7.800469757057726e-05, 1.0, 0.9999924302101135, -0.003911492880433798, 1.673245060374029e-05, 1.0, 0.9999576807022095, 0.009198601357638836, -1.3368867257668171e-05, 1.0, 0.9998498558998108, 0.017329171299934387, -0.00011875026393681765, 1.0, 0.9999843239784241, 0.005585034377872944, -0.0002814623585436493, 1.0, 0.9999578595161438, -0.009181194938719273, -9.28755798668135e-06, 1.0, 0.9998307824134827, -0.018398750573396683, 3.110733132416499e-06, 1.0, 0.9993809461593628, -0.03518153727054596, -3.3504362363601103e-05, 1.0, 0.9988203048706055, -0.048559486865997314, -5.6328397477045655e-05, 1.0, 0.998920738697052, -0.04644692316651344, -5.377803518058499e-06, 1.0]
            u0 (float, 194):  [0.5, 0.5, 0.6523112058639526, 0.5, 0.6583385467529297, 0.46850448846817017, 0.6482715010643005, 0.4385839104652405, 0.6311859488487244, 0.4123443365097046, 0.6083284020423889, 0.3916715979576111, 0.5906857252120972, 0.36427921056747437, 0.5625667572021484, 0.34895050525665283, 0.5308937430381775, 0.3446865677833557, 0.5, 0.34177201986312866, 0.47004425525665283, 0.3494022488594055, 0.4427899122238159, 0.36188262701034546, 0.4133886396884918, 0.37037694454193115, 0.38712847232818604, 0.38712847232818604, 0.3747418224811554, 0.4163051247596741, 0.34917718172073364, 0.4375271201133728, 0.34946712851524353, 0.4700571298599243, 0.3465103209018707, 0.5, 0.3527073264122009, 0.529298335313797, 0.3459016978740692, 0.5638296008110046, 0.3650594651699066, 0.5901643633842468, 0.38356533646583557, 0.6164346635341644, 0.4110223948955536, 0.6331644058227539, 0.4425842761993408, 0.6386138200759888, 0.46972906589508057, 0.6521822810173035, 0.5, 0.658096969127655, 0.5295476913452148, 0.6485462188720703, 0.5635260939598083, 0.6533654928207397, 0.5865862369537354, 0.629585474729538, 0.6075755953788757, 0.6075756251811981, 0.6360805630683899, 0.5909261405467987, 0.6400731801986694, 0.5580202341079712, 0.6624020934104919, 0.5323037803173065, 0.8130176067352295, 0.5, 0.8137507438659668, 0.4375910758972168, 0.7821059823036194, 0.3831478953361511, 0.7620914578437805, 0.324876070022583, 0.7082385420799255, 0.29176145792007446, 0.6578222513198853, 0.26380228996276855, 0.6307774186134338, 0.1842753291130066, 0.5581038594245911, 0.2078920602798462, 0.5, 0.16422009468078613, 0.4422531723976135, 0.20968711376190186, 0.36648303270339966, 0.1776614785194397, 0.3090550899505615, 0.2142307162284851, 0.2638207674026489, 0.2638207674026489, 0.22181974351406097, 0.3141258955001831, 0.2026042342185974, 0.37681466341018677, 0.17411848902702332, 0.43517816066741943, 0.20998944342136383, 0.5, 0.19141380488872528, 0.561381608247757, 0.18677394092082977, 0.6297424733638763, 0.2543175518512726, 0.664159744977951, 0.2555364668369293, 0.7444635331630707, 0.3093027174472809, 0.7853986322879791, 0.381372332572937, 0.7863925248384476, 0.44012659788131714, 0.8010039180517197, 0.5, 0.812891960144043, 0.5601524710655212, 0.8024068176746368, 0.6342112421989441, 0.8240146338939667, 0.6713312268257141, 0.7564153075218201, 0.7003626823425293, 0.7003626823425293, 0.7394447326660156, 0.6599918305873871, 0.8062238097190857, 0.6268420517444611, 0.8438342809677124, 0.5683929026126862, 0.9645040035247803, 0.5, 0.9549055695533752, 0.4095136523246765, 0.9368627667427063, 0.3190455436706543, 0.9184024930000305, 0.22043240070343018, 0.7987183928489685, 0.2012816071510315, 0.7676911950111389, 0.09937185049057007, 0.6813101768493652, 0.06227844953536987, 0.5944114923477173, 0.025361299514770508, 0.5, 0.08389604091644287, 0.4191391170024872, 0.09348487854003906, 0.3309236168861389, 0.09181350469589233, 0.20517714321613312, 0.05876642465591431, 0.18776057660579681, 0.187760591506958, 0.10086052864789963, 0.23330354690551758, 0.09771165251731873, 0.3333666920661926, 0.1035437062382698, 0.4211399555206299, 0.1015523225069046, 0.5, -0.003402701113373041, 0.6001330316066742, 0.031006034463644028, 0.6942636668682098, 0.12923844158649445, 0.7477349638938904, 0.15121346712112427, 0.8487865328788757, 0.2265954613685608, 0.909178800880909, 0.29858922958374023, 0.9862486347556114, 0.39553752541542053, 1.0251682940870523, 0.5, 0.9508441090583801, 0.6053856015205383, 1.0298093408346176, 0.7050955295562744, 0.99514434998855, 0.7661235928535461, 0.8982821404933929, 0.870473325252533, 0.8704732954502106, 0.885570228099823, 0.757629781961441, 0.9120652675628662, 0.6706830263137817, 0.9181240797042847, 0.5831700563430786]
            tri (int, 480):  [0, 2, 1, 0, 3, 2, 0, 4, 3, 0, 5, 4, 0, 6, 5, 0, 7, 6, 0, 8, 7, 0, 9, 8, 0, 10, 9, 0, 11, 10, 0, 12, 11, 0, 13, 12, 0, 14, 13, 0, 15, 14, 0, 16, 15, 0, 17, 16, 0, 18, 17, 0, 19, 18, 0, 20, 19, 0, 21, 20, 0, 22, 21, 0, 23, 22, 0, 24, 23, 0, 25, 24, 0, 26, 25, 0, 27, 26, 0, 28, 27, 0, 29, 28, 0, 30, 29, 0, 31, 30, 0, 32, 31, 0, 1, 32, 1, 34, 33, 1, 2, 34, 2, 35, 34, 2, 3, 35, 3, 36, 35, 3, 4, 36, 4, 37, 36, 4, 5, 37, 5, 38, 37, 5, 6, 38, 6, 39, 38, 6, 7, 39, 7, 40, 39, 7, 8, 40, 8, 41, 40, 8, 9, 41, 9, 42, 41, 9, 10, 42, 10, 43, 42, 10, 11, 43, 11, 44, 43, 11, 12, 44, 12, 45, 44, 12, 13, 45, 13, 46, 45, 13, 14, 46, 14, 47, 46, 14, 15, 47, 15, 48, 47, 15, 16, 48, 16, 49, 48, 16, 17, 49, 17, 50, 49, 17, 18, 50, 18, 51, 50, 18, 19, 51, 19, 52, 51, 19, 20, 52, 20, 53, 52, 20, 21, 53, 21, 54, 53, 21, 22, 54, 22, 55, 54, 22, 23, 55, 23, 56, 55, 23, 24, 56, 24, 57, 56, 24, 25, 57, 25, 58, 57, 25, 26, 58, 26, 59, 58, 26, 27, 59, 27, 60, 59, 27, 28, 60, 28, 61, 60, 28, 29, 61, 29, 62, 61, 29, 30, 62, 30, 63, 62, 30, 31, 63, 31, 64, 63, 31, 32, 64, 32, 33, 64, 33, 32, 1, 33, 66, 65, 33, 34, 66, 34, 67, 66, 34, 35, 67, 35, 68, 67, 35, 36, 68, 36, 69, 68, 36, 37, 69, 37, 70, 69, 37, 38, 70, 38, 71, 70, 38, 39, 71, 39, 72, 71, 39, 40, 72, 40, 73, 72, 40, 41, 73, 41, 74, 73, 41, 42, 74, 42, 75, 74, 42, 43, 75, 43, 76, 75, 43, 44, 76, 44, 77, 76, 44, 45, 77, 45, 78, 77, 45, 46, 78, 46, 79, 78, 46, 47, 79, 47, 80, 79, 47, 48, 80, 48, 81, 80, 48, 49, 81, 49, 82, 81, 49, 50, 82, 50, 83, 82, 50, 51, 83, 51, 84, 83, 51, 52, 84, 52, 85, 84, 52, 53, 85, 53, 86, 85, 53, 54, 86, 54, 87, 86, 54, 55, 87, 55, 88, 87, 55, 56, 88, 56, 89, 88, 56, 57, 89, 57, 90, 89, 57, 58, 90, 58, 91, 90, 58, 59, 91, 59, 92, 91, 59, 60, 92, 60, 93, 92, 60, 61, 93, 61, 94, 93, 61, 62, 94, 62, 95, 94, 62, 63, 95, 63, 96, 95, 63, 64, 96, 64, 65, 96, 65, 64, 33]
            boundingsphere (float, 4):  [-0.40143489837646484, 0.2406696379184723, -0.5693607330322266, 11.22319873483882]
            aabb:
                min (float, 3):  [-10.39023208618164, 0.0781392753124237, -10.935264587402344]
                max (float, 3):  [9.587362289428711, 0.4032000005245209, 9.79654312133789]
            material:
                shader (str, 1):  ['PdxMeshAdvanced']
                diff (str, 1):  ['air_winter_temperate_maritime_phase_4_diff.dds']
                spec (str, 1):  ['air_winter_temperate_maritime_spec.dds']
                n (str, 1):  ['air_winter_temperate_maritime_n.dds']
locator:
