pdxasset (int, 2):  [1, 0]
object:
    air_winter_desert_arid_plateau_phase_1:
        mesh:
            p (float, 291):  [0.0, 0.31679999828338623, 0.0, 3.43574857711792, 0.2569415867328644, 0.0, 3.044412136077881, 0.21949249505996704, 0.6055712699890137, 3.0903968811035156, 0.1821403056383133, 1.2800843715667725, 2.709099054336548, 0.15747497975826263, 1.81016206741333, 2.4201409816741943, 0.15381023287773132, 2.4201409816741943, 1.7948013544082642, 0.17238129675388336, 2.686110019683838, 1.3066821098327637, 0.20692861080169678, 3.1546096801757812, 0.6128997206687927, 0.24580763280391693, 3.0812549591064453, 2.107400238016366e-16, 0.2759137451648712, 3.441645860671997, -0.6306794285774231, 0.2870993912220001, 3.170639753341675, -1.2055437564849854, 0.2755942940711975, 2.910439968109131, -1.7826822996139526, 0.24527639150619507, 2.6679725646972656, -2.341202974319458, 0.20636466145515442, 2.341202974319458, -2.574859380722046, 0.17197471857070923, 1.7204660177230835, -2.9781205654144287, 0.15369804203510284, 1.2335779666900635, -3.0291223526000977, 0.15769502520561218, 0.6025299429893494, -3.1093859672546387, 0.1826183944940567, 3.807899612457159e-16, -3.0851800441741943, 0.22006750106811523, -0.6136804819107056, -2.9261889457702637, 0.2574197053909302, -1.2120671272277832, -2.646557331085205, 0.28208503127098083, -1.7683730125427246, -2.378610610961914, 0.28574976325035095, -2.378610610961914, -1.7966257333755493, 0.2671787142753601, -2.688840389251709, -1.2981902360916138, 0.2326313853263855, -3.134108304977417, -0.6646876931190491, 0.19375237822532654, -3.3416106700897217, -6.256528926159492e-16, 0.16364625096321106, -3.405895709991455, 0.6681323647499084, 0.15246061980724335, -3.3589284420013428, 1.259502649307251, 0.16396570205688477, -3.040708303451538, 1.8475261926651, 0.1942836046218872, -2.7650182247161865, 2.4048526287078857, 0.23319533467292786, -2.4048526287078857, 2.726963996887207, 0.26758527755737305, -1.8220990896224976, 2.896885633468628, 0.28586193919181824, -1.1999293565750122, 3.2084808349609375, 0.2818649709224701, -0.6382065415382385, 6.571234226226807, 0.18962159752845764, 0.0, 5.951333522796631, 0.1521725058555603, 1.1837937831878662, 5.4906792640686035, 0.11482030898332596, 2.2743139266967773, 5.0511088371276855, 0.0901549756526947, 3.3750429153442383, 4.816457748413086, 0.08649022877216339, 4.816457748413086, 3.876007556915283, 0.10506130009889603, 5.8008551597595215, 2.5842041969299316, 0.13960862159729004, 6.238821029663086, 1.2530018091201782, 0.178487628698349, 6.299265384674072, 3.5825734960153463e-16, 0.20859375596046448, 5.850786209106445, -1.1346598863601685, 0.2197793871164322, 5.704320430755615, -2.5832736492156982, 0.20827428996562958, 6.236574172973633, -3.650395393371582, 0.17795640230178833, 5.463202953338623, -4.572006702423096, 0.1390446573495865, 4.572006702423096, -5.035627841949463, 0.1046547144651413, 3.364699125289917, -5.5312676429748535, 0.08637804538011551, 2.291126251220703, -5.951855182647705, 0.09037502110004425, 1.183897614479065, -5.994534492492676, 0.11529839783906937, 7.34118743764533e-16, -6.542586326599121, 0.1527474969625473, -1.3014012575149536, -5.775125503540039, 0.19009970128536224, -2.3921351432800293, -5.4933319091796875, 0.2147650271654129, -3.670527219772339, -4.54414176940918, 0.2184297740459442, -4.54414176940918, -3.6649699211120605, 0.19985869526863098, -5.485014915466309, -2.6324360370635986, 0.16531138122081757, -6.355262756347656, -1.3521405458450317, 0.1264323741197586, -6.797669887542725, -1.1067641655850436e-15, 0.09632624685764313, -6.024943828582764, 1.402360200881958, 0.08514061570167542, -7.050140857696533, 2.6922147274017334, 0.09664570540189743, -6.499581336975098, 3.8820362091064453, 0.12696360051631927, -5.809877872467041, 4.56828498840332, 0.16587533056735992, -4.56828498840332, 5.967518329620361, 0.2002652883529663, -3.987368106842041, 6.445675849914551, 0.2185419499874115, -2.669886350631714, 6.034945964813232, 0.21454498171806335, -1.200425386428833, 10.192152976989746, 0.09825585782527924, 0.0, 10.500463485717773, 0.08503852784633636, 2.088671922683716, 9.609429359436035, 0.07185540348291397, 3.980355978012085, 9.03478717803955, 0.06314998865127563, 6.036851406097412, 6.853338718414307, 0.061856549233198166, 6.853338718414307, 5.634778022766113, 0.06841104477643967, 8.4330415725708, 3.159799098968506, 0.08060421794652939, 7.628429412841797, 1.9742351770401, 0.09432622045278549, 9.925149917602539, 5.192096502662903e-16, 0.10495191067457199, 8.479336738586426, -2.0113959312438965, 0.10889977961778641, 10.111969947814941, -4.16153621673584, 0.10483916103839874, 10.04683780670166, -5.10743522644043, 0.0941387265920639, 7.64381742477417, -5.825191974639893, 0.08040517568588257, 5.825191974639893, -6.779180526733398, 0.06826754659414291, 4.529703617095947, -8.918136596679688, 0.06181695684790611, 3.6940133571624756, -8.346455574035645, 0.06322765350341797, 1.6602132320404053, -10.357381820678711, 0.0720241442322731, 1.268413415546712e-15, -9.756340980529785, 0.08524147421121597, -1.9406567811965942, -8.869796752929688, 0.09842459857463837, -3.67399001121521, -8.43290901184082, 0.1071300059556961, -5.634689807891846, -6.006025791168213, 0.10842344909906387, -6.006025791168213, -5.260101318359375, 0.10186894983053207, -7.872298240661621, -3.1235928535461426, 0.08967578411102295, -7.541020393371582, -1.9021904468536377, 0.07595378160476685, -9.562956809997559, -1.9342696152733433e-15, 0.06532809138298035, -10.529672622680664, 1.6590983867645264, 0.06138021498918533, -8.340850830078125, 3.902343988418579, 0.065440833568573, -9.42109203338623, 6.203070163726807, 0.07614126801490784, -9.283550262451172, 6.393025875091553, 0.08987482637166977, -6.393025875091553, 7.2137675285339355, 0.10201245546340942, -4.820085525512695, 8.144566535949707, 0.10846304148435593, -3.3735899925231934, 10.451226234436035, 0.10705234855413437, -2.078878164291382]
            n (float, 291):  [-0.0007429677061736584, 0.9999996423721313, 0.0004929453134536743, 0.019437506794929504, 0.9989783763885498, 0.04079722240567207, 0.017361102625727654, 0.9981947541236877, 0.05749648064374924, 0.014324533753097057, 0.9987965822219849, 0.046905409544706345, 0.023209795355796814, 0.999189019203186, 0.032902512699365616, 0.030384672805666924, 0.9994444251060486, 0.013695979490876198, 0.04654943570494652, 0.9988728165626526, 0.009288146160542965, 0.048227425664663315, 0.9988173246383667, 0.00617914367467165, 0.047173697501420975, 0.9987998008728027, 0.013174952007830143, 0.023995010182261467, 0.9995172619819641, 0.019736958667635918, -0.002334484364837408, 0.9998654127120972, 0.01623791828751564, -0.02972383424639702, 0.9995453953742981, 0.005055527668446302, -0.0482015386223793, 0.9988138675689697, -0.006893348880112171, -0.053764306008815765, 0.9984059929847717, -0.01717274822294712, -0.05193578451871872, 0.9985783696174622, -0.012000391259789467, -0.036069367080926895, 0.9993388056755066, 0.00457640690729022, -0.034091297537088394, 0.9991282224655151, 0.0240958109498024, -0.03255481272935867, 0.9984577894210815, 0.044968534260988235, -0.034550946205854416, 0.9983623027801514, 0.04559642821550369, -0.033713798969984055, 0.9989674091339111, 0.030453894287347794, -0.023990631103515625, 0.9996732473373413, 0.008822047151625156, -0.004571900237351656, 0.9998371601104736, -0.017455391585826874, 0.017666418105363846, 0.9993101358413696, -0.03266536816954613, 0.03089822642505169, 0.9988647699356079, -0.03625619783997536, 0.038880009204149246, 0.9985918402671814, -0.03609471768140793, 0.024930894374847412, 0.9991155862808228, -0.03386145457625389, 0.0051108961924910545, 0.9994876980781555, -0.0315958708524704, -0.009309512563049793, 0.9991730451583862, -0.03957987204194069, -0.02093992382287979, 0.998673141002655, -0.047046538442373276, -0.016508499160408974, 0.9987305998802185, -0.04758848994970322, -0.00431080861017108, 0.9993458986282349, -0.03590698167681694, 0.009779095649719238, 0.9998875260353088, -0.011370446532964706, 0.01926708035171032, 0.9997085928916931, 0.014542270451784134, 0.02126556634902954, 0.9995689392089844, 0.02023882232606411, 0.013190639205276966, 0.9993277788162231, 0.03420528396964073, 0.007683522533625364, 0.9995801448822021, 0.027937041595578194, 0.010109707713127136, 0.9998397827148438, 0.014772357419133186, 0.014523704536259174, 0.9998831748962402, 0.004761898890137672, 0.02084098383784294, 0.9997620582580566, 0.006443167570978403, 0.031899452209472656, 0.9994200468063354, 0.011918425559997559, 0.022488629445433617, 0.99953693151474, 0.020495347678661346, 0.015403523109853268, 0.9995030164718628, 0.02750485949218273, 0.003696601837873459, 0.999647855758667, 0.026276499032974243, -0.020700275897979736, 0.999659538269043, 0.015887780115008354, -0.041205473244190216, 0.9991458058357239, 0.0031250114552676678, -0.040536701679229736, 0.9991680979728699, -0.00446353480219841, -0.02959907241165638, 0.9995394945144653, -0.006680706515908241, -0.01755458302795887, 0.9998440146446228, 0.0019335671095177531, -0.014207563363015652, 0.9997961521148682, 0.01434415951371193, -0.01846061833202839, 0.9994025230407715, 0.02922155149281025, -0.023232903331518173, 0.999559760093689, 0.01844998449087143, -0.030785515904426575, 0.9994305372238159, 0.013811229728162289, -0.025690237060189247, 0.9996182322502136, -0.010170023888349533, -0.016556892544031143, 0.9995028376579285, -0.026833688840270042, -0.003006784012541175, 0.9993962645530701, -0.0346120148897171, 0.010554148815572262, 0.9992696046829224, -0.03672901913523674, 0.014365855604410172, 0.9996364116668701, -0.02281588688492775, 0.016520602628588676, 0.9996700882911682, -0.019666194915771484, 0.0007220490952022374, 0.9998928308486938, -0.014620931819081306, -0.008590782061219215, 0.9997565150260925, -0.02032294310629368, -0.005086171440780163, 0.9997198581695557, -0.023114461451768875, -0.0013508298434317112, 0.9993590116500854, -0.03577305004000664, 0.02207176387310028, 0.9991008043289185, -0.03620094433426857, 0.02895224839448929, 0.999376118183136, -0.02022683620452881, 0.02514825575053692, 0.9996716976165771, 0.00490731094032526, 0.021530993282794952, 0.9996880888938904, 0.012658939696848392, 0.011879642494022846, 0.9997562170028687, 0.018612710759043694, 0.004547783173620701, 0.9998682737350464, 0.015577813610434532, 0.0030357656069099903, 0.9999535083770752, 0.009146378375589848, 0.008386576548218727, 0.999955952167511, 0.0042063994333148, 0.012750593945384026, 0.9998916983604431, 0.007343224249780178, 0.02448876015841961, 0.999536395072937, 0.01809270679950714, 0.015412777662277222, 0.9995706081390381, 0.024921413511037827, 0.007660623174160719, 0.9994637370109558, 0.03183501213788986, 0.0051196967251598835, 0.999599277973175, 0.027841519564390182, -0.015641888603568077, 0.999671995639801, 0.020280659198760986, -0.04022037610411644, 0.9991387724876404, 0.010201629251241684, -0.03879986330866814, 0.999239444732666, 0.0038934906478971243, -0.01957990601658821, 0.9998077750205994, 0.0010200893739238381, -0.009591160342097282, 0.9999526739120483, 0.0016436161240562797, -0.008833584375679493, 0.9999078512191772, 0.010301563888788223, -0.013521936722099781, 0.9997733235359192, 0.016446439549326897, -0.020324109122157097, 0.9997453093528748, 0.00981927290558815, -0.030349476262927055, 0.999535858631134, 0.0026495049241930246, -0.02774280682206154, 0.9995127320289612, -0.014307796023786068, -0.024406729266047478, 0.9990809559822083, -0.03523700311779976, -0.01497537363320589, 0.9991261959075928, -0.03901899605989456, -0.0013329463545233011, 0.9991737008094788, -0.040621209889650345, 0.0060516782104969025, 0.9998346567153931, -0.01714523509144783, 0.010532177984714508, 0.999884307384491, -0.010977323167026043, 0.0009756138315424323, 0.9999253749847412, -0.0121742133051157, -0.0074276402592659, 0.9998344779014587, -0.016608048230409622, -0.00038496681372635067, 0.9998666644096375, -0.01632419414818287, 0.01440178882330656, 0.9995887875556946, -0.02479662001132965, 0.035470638424158096, 0.9986086487770081, -0.03901984170079231, 0.0388651080429554, 0.9989226460456848, -0.02535795420408249, 0.027432549744844437, 0.9996221661567688, -0.001708021736703813]
            ta (float, 388):  [0.9999997615814209, 0.0007429681136272848, -2.1953130868723747e-08, 1.0, 0.9998107552528381, -0.019452467560768127, -3.0271929063019343e-05, 1.0, 0.9998487830162048, -0.017385238781571388, -8.040782995522022e-05, 1.0, 0.9998971819877625, -0.014338761568069458, -3.3133968827314675e-05, 1.0, 0.9997303485870361, -0.023221416398882866, -2.8941796699655242e-05, 1.0, 0.9995381832122803, -0.030387604609131813, 5.595715265371837e-06, 1.0, 0.9989157915115356, -0.04655182734131813, 4.1851359128486365e-05, 1.0, 0.99883633852005, -0.048228804022073746, 7.461549830622971e-05, 1.0, 0.9988864064216614, -0.04717900604009628, 9.200758358929306e-05, 1.0, 0.9997118711471558, -0.02400410920381546, 0.000224408766371198, 1.0, 0.9999972581863403, 0.0023363798391073942, -9.77525269263424e-05, 1.0, 0.99955815076828, 0.02972433902323246, -2.44477250816999e-05, 1.0, 0.9988375902175903, 0.04820289835333824, 3.204530730727129e-05, 1.0, 0.9985532164573669, 0.05377350375056267, 7.365263445535675e-05, 1.0, 0.9986501932144165, 0.05193982645869255, 2.5212117179762572e-05, 1.0, 0.9993492960929871, 0.03606976196169853, -3.2603818453935673e-06, 1.0, 0.9994184374809265, 0.034101489931344986, -1.2042636626574676e-05, 1.0, 0.9994689226150513, 0.032587967813014984, -4.136189090786502e-06, 1.0, 0.9994015693664551, 0.034591127187013626, -9.230552677763626e-05, 1.0, 0.9994308352470398, 0.03373366966843605, -0.00013891438720747828, 1.0, 0.9997121691703796, 0.023991666734218597, -1.165758294519037e-05, 1.0, 0.9999895095825195, 0.0045724892988801, -6.194869911269052e-06, 1.0, 0.9998435974121094, -0.017680147662758827, -0.00013142050011083484, 1.0, 0.9995216131210327, -0.03092787228524685, -0.0002569246862549335, 1.0, 0.9992427229881287, -0.03891018405556679, -0.00013357879652176052, 1.0, 0.9996886849403381, -0.02495162934064865, -0.00018985581118613482, 1.0, 0.9999869465827942, -0.005115625448524952, -6.884386675665155e-05, 1.0, 0.9999565482139587, 0.009322060272097588, 0.00013247008610051125, 1.0, 0.9997799396514893, 0.020976915955543518, 0.0002926666056737304, 1.0, 0.9998630881309509, 0.016542522236704826, 0.00032117904629558325, 1.0, 0.9999906420707703, 0.004315677564591169, 5.8109140809392557e-05, 1.0, 0.9999521970748901, -0.009779665619134903, 5.660571332555264e-06, 1.0, 0.9998142719268799, -0.019269371405243874, 1.7520191249786876e-05, 1.0, 0.9997737407684326, -0.0212709940969944, 5.292446439852938e-05, 1.0, 0.9999129176139832, -0.013198134489357471, -6.6746088123181835e-06, 1.0, 0.9999704957008362, -0.0076844277791678905, -7.496053876820952e-05, 1.0, 0.9999489188194275, -0.010110937058925629, 8.477937626594212e-06, 1.0, 0.9998944997787476, -0.014523906633257866, 8.005922609299887e-06, 1.0, 0.9997828006744385, -0.020841393619775772, -3.1657270938012516e-06, 1.0, 0.9994910359382629, -0.031901728361845016, 9.778708545127301e-07, 1.0, 0.9997469782829285, -0.022492598742246628, -3.684933471959084e-05, 1.0, 0.9998812675476074, -0.015406589023768902, -0.0001004478835966438, 1.0, 0.9999931454658508, -0.003697930835187435, 2.0010829757666215e-06, 1.0, 0.9997856616973877, 0.020702200010418892, 4.321101732784882e-05, 1.0, 0.9991507530212402, 0.04120565205812454, 6.28177440376021e-06, 1.0, 0.9991780519485474, 0.04053708165884018, -5.024219717597589e-06, 1.0, 0.9995617866516113, 0.029599862173199654, 1.946653355844319e-05, 1.0, 0.9998459219932556, 0.017554618418216705, -1.935582076839637e-06, 1.0, 0.9998990893363953, 0.014208916574716568, 7.626915703440318e-06, 1.0, 0.9998295307159424, 0.018467366695404053, 3.897044371115044e-05, 1.0, 0.9997299909591675, 0.02323654107749462, 1.7311105693806894e-05, 1.0, 0.9995259046554565, 0.030788516625761986, -4.322315362514928e-06, 1.0, 0.9996699690818787, 0.025691721588373184, 1.5218122825899627e-05, 1.0, 0.999862790107727, 0.016565926373004913, 0.00011446094868006185, 1.0, 0.9999954700469971, 0.00301159149967134, 8.67642811499536e-05, 1.0, 0.9999443292617798, -0.010554900392889977, 0.00017345506057608873, 1.0, 0.999896764755249, -0.014370327815413475, -3.202064544893801e-05, 1.0, 0.9998634457588196, -0.01652386225759983, -3.2484661005582893e-06, 1.0, 0.9999997615814209, -0.0007211832562461495, 6.448931526392698e-05, 1.0, 0.999963104724884, 0.008592575788497925, 9.004170351545326e-07, 1.0, 0.9999870657920837, 0.00508724944666028, -1.2168256944278255e-05, 1.0, 0.9999990463256836, 0.0013565344270318747, 0.00013519631465896964, 1.0, 0.9997560977935791, -0.022085804492235184, 1.198654263134813e-05, 1.0, 0.999580442905426, -0.028964528813958168, -0.0003144396760035306, 1.0, 0.9996837377548218, -0.025148598477244377, 8.704671927262098e-06, 1.0, 0.9997681379318237, -0.021532580256462097, -1.0895677405642346e-05, 1.0, 0.9999293684959412, -0.011882098391652107, 2.1397427190095186e-05, 1.0, 0.9999895691871643, -0.0045487540774047375, 2.6926833015750162e-05, 1.0, 0.9999953508377075, -0.003035871312022209, -2.320343128303648e-06, 1.0, 0.9999648332595825, -0.008386639878153801, -2.4586568088125205e-06, 1.0, 0.9999186992645264, -0.012750700116157532, -3.234087489545345e-05, 1.0, 0.9997000694274902, -0.024493040516972542, 1.5056015399750322e-05, 1.0, 0.9998810887336731, -0.015415608882904053, -7.843774073990062e-05, 1.0, 0.9999706745147705, -0.007664456032216549, -1.6445046640001237e-06, 1.0, 0.9999868273735046, -0.005122569389641285, 3.1850042432779446e-05, 1.0, 0.9998776316642761, 0.015645595267415047, -2.4164055503206328e-05, 1.0, 0.9991906881332397, 0.04022246226668358, 4.716857233688643e-07, 1.0, 0.9992468953132629, 0.038800161331892014, -2.2342811689668451e-07, 1.0, 0.9998083114624023, 0.019579915329813957, 8.790184438112192e-07, 1.0, 0.9999539852142334, 0.009591164998710155, 4.870906650467077e-06, 1.0, 0.9999609589576721, 0.008834056556224823, -3.3157971301989164e-07, 1.0, 0.9999085664749146, 0.013524237088859081, -2.8678188755293377e-05, 1.0, 0.9997934103012085, 0.020325131714344025, -4.482279109652154e-06, 1.0, 0.9995394349098206, 0.030349574983119965, 2.9431673738145037e-06, 1.0, 0.9996150732040405, 0.027744894847273827, -5.2705701818922535e-05, 1.0, 0.9997017979621887, 0.024421067908406258, -2.3511838662670925e-05, 1.0, 0.9998877048492432, 0.014983359724283218, -8.775638707447797e-05, 1.0, 0.9999991655349731, 0.0013336255215108395, -1.0390009265393019e-05, 1.0, 0.9999816417694092, -0.006048882845789194, 0.00021484136232174933, 1.0, 0.9999445080757141, -0.010532506741583347, 2.7712756491382606e-05, 1.0, 0.9999995827674866, -0.0009757042862474918, -1.4657092606285005e-06, 1.0, 0.999972403049469, 0.0074284872971475124, -1.0707486580940895e-05, 1.0, 0.9999998807907104, 0.0003841246943920851, -5.471678377944045e-05, 1.0, 0.999896228313446, -0.014407687820494175, -5.926805533817969e-05, 1.0, 0.99936842918396, -0.03552553430199623, -0.000714227557182312, 1.0, 0.999243974685669, -0.038876719772815704, 3.508253212203272e-05, 1.0, 0.9996235966682434, -0.027432573959231377, 7.496362286474323e-06, 1.0]
            u0 (float, 194):  [0.5, 0.5, 0.6664606928825378, 0.5, 0.6475005745887756, 0.47066032886505127, 0.649728536605835, 0.43798041343688965, 0.6312547922134399, 0.412298321723938, 0.617254912853241, 0.38274508714675903, 0.5869574546813965, 0.3698590397834778, 0.5633082389831543, 0.3471603989601135, 0.5296947360038757, 0.35071438550949097, 0.5, 0.33325356245040894, 0.46944382786750793, 0.3463837504386902, 0.44159185886383057, 0.35899031162261963, 0.4136297404766083, 0.3707377314567566, 0.386569619178772, 0.386569619178772, 0.37524905800819397, 0.4166440963745117, 0.3557112216949463, 0.44023364782333374, 0.3532401919364929, 0.47080767154693604, 0.3493514657020569, 0.5, 0.3505242168903351, 0.5297325849533081, 0.35822728276252747, 0.5587241947650909, 0.3717753291130066, 0.5856769979000092, 0.38475722074508667, 0.6152427792549133, 0.412954181432724, 0.6302732825279236, 0.43710318207740784, 0.6518463492393494, 0.4677961468696594, 0.661899745464325, 0.5, 0.6650143265724182, 0.5323707461357117, 0.6627387702465057, 0.5610224008560181, 0.6473211348056793, 0.5895119309425354, 0.6339640617370605, 0.6165142059326172, 0.6165141761302948, 0.6321203708648682, 0.5882799923419952, 0.6403529644012451, 0.5581361055374146, 0.655449628829956, 0.5309208631515503, 0.8183737397193909, 0.5, 0.7883397936820984, 0.4426456689834595, 0.7660212516784668, 0.38981038331985474, 0.7447242736816406, 0.3364804983139038, 0.7333555221557617, 0.2666444778442383, 0.6877910494804382, 0.2189508080482483, 0.6252036690711975, 0.19773155450820923, 0.5607074499130249, 0.19480305910110474, 0.5, 0.2165316939353943, 0.445026159286499, 0.22362786531448364, 0.3748413920402527, 0.1978403925895691, 0.3231397569179535, 0.23530995845794678, 0.27848803997039795, 0.27848803997039795, 0.2560257911682129, 0.3369816541671753, 0.23201222717761993, 0.38899582624435425, 0.21163491904735565, 0.44264060258865356, 0.209567129611969, 0.5, 0.18301424384117126, 0.5630523860454559, 0.2201974093914032, 0.6158980131149292, 0.23385019600391388, 0.677835613489151, 0.27983808517456055, 0.7201619148254395, 0.32243362069129944, 0.7657468616962433, 0.3724595010280609, 0.8079100102186203, 0.43448930978775024, 0.8293444663286209, 0.5, 0.7919061928987503, 0.567943811416626, 0.8415765911340714, 0.6304367780685425, 0.8149021863937378, 0.6880831718444824, 0.7814863324165344, 0.7213316559791565, 0.7213316559791565, 0.7891239523887634, 0.6931864321231842, 0.8122904896736145, 0.6293549537658691, 0.7923908233642578, 0.5581601560115814, 0.9938058257102966, 0.5, 1.008743405342102, 0.3988046646118164, 0.9655731320381165, 0.30715328454971313, 0.937731921672821, 0.20751690864562988, 0.8320416212081909, 0.16795837879180908, 0.7730028033256531, 0.091422438621521, 0.6530910134315491, 0.13040554523468018, 0.5956509113311768, 0.019130289554595947, 0.5, 0.0891793966293335, 0.4025486409664154, 0.010078966617584229, 0.2983751595020294, 0.013234615325927734, 0.2525467276573181, 0.1296600103378296, 0.2177717089653015, 0.2177717089653015, 0.17155133187770844, 0.28053760528564453, 0.06791972368955612, 0.3210265040397644, 0.09561745077371597, 0.41956329345703125, -0.001811122172512114, 0.5, 0.027309078723192215, 0.5940240621566772, 0.07026179879903793, 0.6780034005641937, 0.09142883121967316, 0.7729985266923904, 0.20901037752628326, 0.7909896224737167, 0.2451501190662384, 0.8814098015427589, 0.3486631214618683, 0.8653595149517059, 0.4078396260738373, 0.9633215554058552, 0.5, 1.010158565826714, 0.5803826451301575, 0.9041109979152679, 0.6890670657157898, 0.9564482532441616, 0.8005363345146179, 0.9497844092547894, 0.8097396492958069, 0.8097396194934845, 0.8495042324066162, 0.733531266450882, 0.8946011066436768, 0.6634491384029388, 1.0063579082489014, 0.6007208526134491]
            tri (int, 480):  [0, 2, 1, 0, 3, 2, 0, 4, 3, 0, 5, 4, 0, 6, 5, 0, 7, 6, 0, 8, 7, 0, 9, 8, 0, 10, 9, 0, 11, 10, 0, 12, 11, 0, 13, 12, 0, 14, 13, 0, 15, 14, 0, 16, 15, 0, 17, 16, 0, 18, 17, 0, 19, 18, 0, 20, 19, 0, 21, 20, 0, 22, 21, 0, 23, 22, 0, 24, 23, 0, 25, 24, 0, 26, 25, 0, 27, 26, 0, 28, 27, 0, 29, 28, 0, 30, 29, 0, 31, 30, 0, 32, 31, 0, 1, 32, 1, 34, 33, 1, 2, 34, 2, 35, 34, 2, 3, 35, 3, 36, 35, 3, 4, 36, 4, 37, 36, 4, 5, 37, 5, 38, 37, 5, 6, 38, 6, 39, 38, 6, 7, 39, 7, 40, 39, 7, 8, 40, 8, 41, 40, 8, 9, 41, 9, 42, 41, 9, 10, 42, 10, 43, 42, 10, 11, 43, 11, 44, 43, 11, 12, 44, 12, 45, 44, 12, 13, 45, 13, 46, 45, 13, 14, 46, 14, 47, 46, 14, 15, 47, 15, 48, 47, 15, 16, 48, 16, 49, 48, 16, 17, 49, 17, 50, 49, 17, 18, 50, 18, 51, 50, 18, 19, 51, 19, 52, 51, 19, 20, 52, 20, 53, 52, 20, 21, 53, 21, 54, 53, 21, 22, 54, 22, 55, 54, 22, 23, 55, 23, 56, 55, 23, 24, 56, 24, 57, 56, 24, 25, 57, 25, 58, 57, 25, 26, 58, 26, 59, 58, 26, 27, 59, 27, 60, 59, 27, 28, 60, 28, 61, 60, 28, 29, 61, 29, 62, 61, 29, 30, 62, 30, 63, 62, 30, 31, 63, 31, 64, 63, 31, 32, 64, 32, 33, 64, 33, 32, 1, 33, 66, 65, 33, 34, 66, 34, 67, 66, 34, 35, 67, 35, 68, 67, 35, 36, 68, 36, 69, 68, 36, 37, 69, 37, 70, 69, 37, 38, 70, 38, 71, 70, 38, 39, 71, 39, 72, 71, 39, 40, 72, 40, 73, 72, 40, 41, 73, 41, 74, 73, 41, 42, 74, 42, 75, 74, 42, 43, 75, 43, 76, 75, 43, 44, 76, 44, 77, 76, 44, 45, 77, 45, 78, 77, 45, 46, 78, 46, 79, 78, 46, 47, 79, 47, 80, 79, 47, 48, 80, 48, 81, 80, 48, 49, 81, 49, 82, 81, 49, 50, 82, 50, 83, 82, 50, 51, 83, 51, 84, 83, 51, 52, 84, 52, 85, 84, 52, 53, 85, 53, 86, 85, 53, 54, 86, 54, 87, 86, 54, 55, 87, 55, 88, 87, 55, 56, 88, 56, 89, 88, 56, 57, 89, 57, 90, 89, 57, 58, 90, 58, 91, 90, 58, 59, 91, 59, 92, 91, 59, 60, 92, 60, 93, 92, 60, 61, 93, 61, 94, 93, 61, 62, 94, 62, 95, 94, 62, 63, 95, 63, 96, 95, 63, 64, 96, 64, 65, 96, 65, 64, 33]
            boundingsphere (float, 4):  [0.07154083251953125, 0.18909010291099548, -0.20885133743286133, 11.09527865446356]
            aabb:
                min (float, 3):  [-10.357381820678711, 0.06138021498918533, -10.529672622680664]
                max (float, 3):  [10.500463485717773, 0.31679999828338623, 10.111969947814941]
            material:
                shader (str, 1):  ['PdxMeshAdvanced']
                diff (str, 1):  ['air_winter_desert_arid_plateau_phase_1_diff.dds']
                spec (str, 1):  ['air_winter_desert_arid_plateau_spec.dds']
                n (str, 1):  ['air_winter_desert_arid_plateau_n.dds']
locator:
