pdxasset (int, 2):  [1, 0]
object:
    air_winter_mountain_highland_frozen_water:
        mesh:
            p (float, 291):  [0.0, 0.41600000858306885, 0.0, 2.500490188598633, 0.20059970021247864, 0.0, 2.3459999561309814, 0.21076539158821106, 0.4666483998298645, 2.343252658843994, 0.24716608226299286, 0.9706070423126221, 2.161227226257324, 0.2975325286388397, 1.444085955619812, 1.7796419858932495, 0.3448881506919861, 1.7796419858932495, 1.473242163658142, 0.37327125668525696, 2.204862594604492, 0.9728718400001526, 0.37311500310897827, 2.3487203121185303, 0.46785998344421387, 0.3444720506668091, 2.352091073989868, 1.5427025626721353e-16, 0.2969968318939209, 2.5194244384765625, -0.4900463819503784, 0.24669136106967926, 2.4636294841766357, -0.9918984770774841, 0.21051165461540222, 2.3946547508239746, -1.3631293773651123, 0.20065246522426605, 2.040067434310913, -1.8266757726669312, 0.2204369306564331, 1.8266757726669312, -2.018599033355713, 0.26319649815559387, 1.3487848043441772, -2.4150454998016357, 0.31451860070228577, 1.0003446340560913, -2.480302095413208, 0.3571045398712158, 0.49336275458335876, -2.461498498916626, 0.3766002953052521, 3.014466380709519e-16, -2.4650163650512695, 0.36643460392951965, -0.4903222322463989, -2.3393025398254395, 0.33003392815589905, -0.9689708352088928, -2.0785250663757324, 0.2796674966812134, -1.3888261318206787, -1.8297606706619263, 0.23231184482574463, -1.8297606706619263, -1.4137027263641357, 0.20392873883247375, -2.115755796432495, -0.9592275619506836, 0.20408499240875244, -2.3157801628112793, -0.49628764390945435, 0.23272794485092163, -2.495006561279297, -4.607684532518023e-16, 0.2802031636238098, -2.5083065032958984, 0.5141222476959229, 0.33050864934921265, -2.5846669673919678, 0.9214343428611755, 0.3666883409023285, -2.224539279937744, 1.4084110260009766, 0.37654754519462585, -2.1078360080718994, 1.6888729333877563, 0.3567630648612976, -1.6888729333877563, 2.0566229820251465, 0.31400349736213684, -1.3741915225982666, 2.205658197402954, 0.26268139481544495, -0.913613498210907, 2.3844544887542725, 0.2200954556465149, -0.47429749369621277, 5.289721965789795, 0.11219970136880875, 0.0, 5.248982906341553, 0.12236539274454117, 1.0440876483917236, 4.5326924324035645, 0.15876607596874237, 1.877502679824829, 4.399555206298828, 0.20913252234458923, 2.9396889209747314, 3.414865255355835, 0.2564881443977356, 3.414865255355835, 2.77272891998291, 0.28487125039100647, 4.14968204498291, 2.0629971027374268, 0.2847149968147278, 4.980515480041504, 1.0732821226119995, 0.256072074174881, 5.395753383636475, 3.2738890143496656e-16, 0.2085968255996704, 5.3466668128967285, -0.9704484343528748, 0.15829136967658997, 4.8787736892700195, -1.8319417238235474, 0.12211164832115173, 4.422698497772217, -2.578364133834839, 0.11225245893001556, 3.858794689178467, -3.92193865776062, 0.1320369392633438, 3.92193865776062, -3.919266939163208, 0.17479650676250458, 2.6187703609466553, -4.650212287902832, 0.22611859440803528, 1.9261809587478638, -5.086747169494629, 0.26870453357696533, 1.0118168592453003, -5.378776550292969, 0.2882002890110016, 6.587101533275612e-16, -4.81813383102417, 0.27803459763526917, -0.9583864212036133, -4.181178092956543, 0.24163392186164856, -1.7319005727767944, -3.842043876647949, 0.1912674754858017, -2.567171573638916, -3.6559300422668457, 0.14391185343265533, -3.6559300422668457, -2.7571301460266113, 0.11552873998880386, -4.126337051391602, -1.8448807001113892, 0.11568499356508255, -4.4539361000061035, -0.9484329223632812, 0.14432793855667114, -4.768094062805176, -9.781892228730507e-16, 0.19180317223072052, -5.325014114379883, 1.027499794960022, 0.24210864305496216, -5.165590286254883, 1.9366167783737183, 0.2782883644104004, -4.675406455993652, 2.5190467834472656, 0.28814753890037537, -3.770019769668579, 3.5258984565734863, 0.2683630585670471, -3.5258984565734863, 4.208803653717041, 0.22560349106788635, -2.812232494354248, 4.199380874633789, 0.17428140342235565, -1.7394405603408813, 4.575570106506348, 0.1316954493522644, -0.9101374745368958, 6.817015647888184, 0.08074107021093369, 0.0, 6.53870153427124, 0.08432896435260773, 1.3006285429000854, 7.075244426727295, 0.09717626124620438, 2.930662155151367, 6.500924110412598, 0.11495265364646912, 4.343778610229492, 5.096219539642334, 0.1316664069890976, 5.096219539642334, 3.785392999649048, 0.14168398082256317, 5.665241241455078, 3.0280942916870117, 0.14162883162498474, 7.310466766357422, 1.6090115308761597, 0.13151955604553223, 8.0890474319458, 4.832626837155611e-16, 0.11476358771324158, 7.892278671264648, -1.3138810396194458, 0.09700871258974075, 6.605325698852539, -2.893930673599243, 0.0842394083738327, 6.986566543579102, -3.692753553390503, 0.0807596892118454, 5.5265960693359375, -5.429486274719238, 0.08774244785308838, 5.429486274719238, -6.5185346603393555, 0.1028340607881546, 4.355545520782471, -5.803481101989746, 0.12094774097204208, 2.4038805961608887, -6.674689292907715, 0.1359780728816986, 1.3276782035827637, -8.001545906066895, 0.14285893738269806, 9.799067939318456e-16, -7.876093864440918, 0.13927103579044342, -1.5666524171829224, -7.373394966125488, 0.12642373144626617, -3.0541601181030273, -5.552465438842773, 0.10864734649658203, -3.710038661956787, -4.895577907562256, 0.09193359315395355, -4.895577907562256, -3.8943543434143066, 0.08191602677106857, -5.828312873840332, -2.762881278991699, 0.081971175968647, -6.670185565948486, -1.2828588485717773, 0.09208045154809952, -6.449366569519043, -1.5059718524171794e-15, 0.10883641242980957, -8.198129653930664, 1.4955495595932007, 0.1265912801027298, -7.518635272979736, 2.917630910873413, 0.13936059176921844, -7.043784141540527, 3.4358413219451904, 0.14284031093120575, -5.142099857330322, 5.719475746154785, 0.13585755228996277, -5.719475746154785, 5.205488681793213, 0.12076593935489655, -3.478196382522583, 7.685116291046143, 0.10265225917100906, -3.183279514312744, 8.290474891662598, 0.08762192726135254, -1.6490778923034668]
            n (float, 291):  [0.0007508700946345925, 0.9999997019767761, -4.7448313125642017e-05, 0.05527853965759277, 0.9984601736068726, 0.004635286051779985, 0.06842459738254547, 0.9972901344299316, -0.027028867974877357, 0.07459461688995361, 0.9958131313323975, -0.052837491035461426, 0.0755460113286972, 0.9961983561515808, -0.04337724298238754, 0.0666654109954834, 0.9975398778915405, -0.021676599979400635, 0.037738267332315445, 0.9992612600326538, 0.007256597280502319, -0.012904845178127289, 0.9994421601295471, 0.030804995447397232, -0.058100417256355286, 0.9974555373191833, 0.04131351038813591, -0.08019152283668518, 0.9960483908653259, 0.0381692610681057, -0.08120065182447433, 0.9960134625434875, 0.03692692890763283, -0.061031240969896317, 0.9975109100341797, 0.03531469404697418, -0.027490507811307907, 0.9977033734321594, 0.061906300485134125, 0.0008943097200244665, 0.9975013732910156, 0.0706413984298706, 0.0006854722159914672, 0.9955205917358398, 0.0945427194237709, -0.002105842810124159, 0.9959655404090881, 0.08971195667982101, -0.017560329288244247, 0.9983311295509338, 0.055015627294778824, -0.022974668070673943, 0.9997186660766602, 0.005904023535549641, -0.01894225925207138, 0.9986298084259033, -0.04878121241927147, -0.005822872743010521, 0.9963763356208801, -0.08485496789216995, 0.002976071322336793, 0.9958910942077637, -0.09051007032394409, 0.004568754695355892, 0.9970258474349976, -0.07693302631378174, -0.008720298297703266, 0.9978158473968506, -0.0654788464307785, -0.0454181507229805, 0.9978118538856506, -0.048050329089164734, -0.0754363164305687, 0.9963837265968323, -0.03909911587834358, -0.08618965744972229, 0.9953168630599976, -0.04376862570643425, -0.05717657878994942, 0.9973979592323303, -0.04391017183661461, -0.020952420309185982, 0.9990909099578857, -0.03712625056505203, 0.02360750548541546, 0.9995438456535339, -0.018836351111531258, 0.05763670429587364, 0.9982002973556519, 0.016558105126023293, 0.07711079716682434, 0.995834231376648, 0.048663429915905, 0.08146268129348755, 0.9948731660842896, 0.05992630869150162, 0.06675580888986588, 0.9972702860832214, 0.03155513107776642, 0.02526058256626129, 0.999674916267395, 0.0034502027556300163, 0.0320088192820549, 0.9993919134140015, -0.013825765810906887, 0.04798119515180588, 0.9983643889427185, -0.031084109097719193, 0.04823824018239975, 0.9987945556640625, -0.009087867103517056, 0.05278494954109192, 0.9985578656196594, 0.009801392443478107, 0.046782106161117554, 0.9984902739524841, 0.028784459456801414, 0.020968511700630188, 0.9989731311798096, 0.040162794291973114, -0.023915624246001244, 0.9987762570381165, 0.0432908721268177, -0.053284209221601486, 0.9979637265205383, 0.03506137430667877, -0.052635230123996735, 0.9983347058296204, 0.023605473339557648, -0.034338850528001785, 0.9992666840553284, 0.01693752035498619, -0.007123157847672701, 0.9994053840637207, 0.03373747691512108, 0.002244014060124755, 0.9993831515312195, 0.035048581659793854, -0.007292363792657852, 0.9985824227333069, 0.05272534117102623, -0.02910088188946247, 0.9977982640266418, 0.05959682911634445, -0.04479321464896202, 0.9974459409713745, 0.05563391000032425, -0.04539575055241585, 0.9988991618156433, 0.01181905996054411, -0.03217701613903046, 0.9988442063331604, -0.035706207156181335, -0.015909381210803986, 0.9978167414665222, -0.0640987977385521, -0.006402755156159401, 0.9981403350830078, -0.06062089279294014, -0.003770960960537195, 0.9991512894630432, -0.04101889207959175, -0.002299948362633586, 0.9994649291038513, -0.03262898698449135, -0.022090787068009377, 0.9995033144950867, -0.022474102675914764, -0.05028320476412773, 0.9984563589096069, -0.023588983342051506, -0.04915354773402214, 0.9982575178146362, -0.032648246735334396, -0.02402731589972973, 0.9987359642982483, -0.044148970395326614, 0.022780833765864372, 0.9988659024238586, -0.041807908564805984, 0.031526610255241394, 0.998781681060791, -0.03796422854065895, 0.043733712285757065, 0.9988390803337097, -0.020191071555018425, 0.061288803815841675, 0.9980200529098511, 0.01413271576166153, 0.04910643771290779, 0.9982961416244507, 0.031518325209617615, 0.032329458743333817, 0.9993070960044861, 0.018442675471305847, 0.019648896530270576, 0.9997696280479431, 0.008640080690383911, 0.028933672234416008, 0.9995197653770447, -0.011092088185250759, 0.03831019997596741, 0.9991328716278076, -0.016301816329360008, 0.040448449552059174, 0.9991803765296936, 0.001607104786671698, 0.042504388839006424, 0.9986148476600647, 0.031012732535600662, 0.05853305011987686, 0.9974344372749329, 0.04121275246143341, 0.02809862606227398, 0.9984995126724243, 0.04700127989053726, -0.009423119015991688, 0.9988252520561218, 0.047531578689813614, -0.03639468550682068, 0.9985182881355286, 0.040455162525177, -0.03797714412212372, 0.9989805817604065, 0.024399839341640472, -0.019296519458293915, 0.9997432827949524, 0.01187727227807045, -0.0046539874747395515, 0.9998068809509277, 0.019094398245215416, -0.0014464255655184388, 0.9995912909507751, 0.02854929491877556, -0.014528870582580566, 0.9995276927947998, 0.027077993378043175, -0.04672718048095703, 0.9978160262107849, 0.04668824374675751, -0.06304347515106201, 0.9962063431739807, 0.05998803302645683, -0.05276942998170853, 0.9985851049423218, 0.006570933386683464, -0.03868138790130615, 0.9988741874694824, -0.027464361861348152, -0.022955477237701416, 0.9987536668777466, -0.044320203363895416, -0.013273529708385468, 0.9986991286277771, -0.049233097583055496, -0.008469111286103725, 0.9994745850563049, -0.031286198645830154, -0.004459262825548649, 0.999784529209137, -0.020273704081773758, -0.011716431938111782, 0.9998237490653992, -0.014673156663775444, -0.037859704345464706, 0.9990513920783997, -0.021517017856240273, -0.028632542118430138, 0.9989997148513794, -0.0343480110168457, -0.007207775022834539, 0.9989363551139832, -0.04554429277777672, 0.024934958666563034, 0.9985334277153015, -0.048055000603199005, 0.038613904267549515, 0.9976184964179993, -0.057151537388563156, 0.04468820244073868, 0.9985332489013672, -0.030565869063138962, 0.06039657071232796, 0.9981731176376343, 0.0016357749700546265, 0.024132991209626198, 0.9996672868728638, 0.009110893122851849, 0.019472194835543633, 0.9996893405914307, 0.0155593017116189]
            ta (float, 388):  [0.9999996423721313, -0.0007508699782192707, 4.3779014191613896e-08, 1.0, 0.9984709024429321, -0.05527918413281441, 9.776098522706889e-06, 1.0, 0.9976544380187988, -0.06845235079526901, -0.00010181875404668972, 1.0, 0.9972040057182312, -0.07472513616085052, -0.0004960071528330445, 1.0, 0.9971358180046082, -0.07563057541847229, -0.0003094730491284281, 1.0, 0.9977740049362183, -0.06668572127819061, -0.00021501794981304556, 1.0, 0.9992876648902893, -0.03773920238018036, -8.498208444507327e-06, 1.0, 0.9999164938926697, 0.012918688356876373, -0.0002504668664187193, 1.0, 0.9983066916465759, 0.058168862015008926, -0.0004555371997412294, 1.0, 0.9967729449272156, 0.08027052134275436, -0.0005392839666455984, 1.0, 0.9966922998428345, 0.08126778155565262, -0.0003181934298481792, 1.0, 0.9981331825256348, 0.0610753633081913, -0.000170801708009094, 1.0, 0.9996203780174255, 0.027549616992473602, -0.00010132412717211992, 1.0, 0.9999995827674866, -0.0009102404583245516, 0.00019332446390762925, 1.0, 0.9999995231628418, -0.0007595145143568516, 0.0007471811841242015, 1.0, 0.9999976754188538, 0.0020441736560314894, 0.0007792862015776336, 1.0, 0.9998454451560974, 0.017578909173607826, 0.00014618017303291708, 1.0, 0.9997360110282898, 0.02297506295144558, 4.875505510426592e-07, 1.0, 0.9998201727867126, 0.018963908776640892, -1.9068009351030923e-05, 1.0, 0.999983012676239, 0.00581944128498435, -0.0002877923543564975, 1.0, 0.9999953508377075, -0.0030223808716982603, -0.00037459921441040933, 1.0, 0.9999893307685852, -0.004613883793354034, -0.0004088837013114244, 1.0, 0.9999619126319885, 0.00872454047203064, -0.00022116347099654377, 1.0, 0.9989652037620544, 0.045481160283088684, 0.0002182710450142622, 1.0, 0.9971451759338379, 0.07550656050443649, 0.0003210980794392526, 1.0, 0.9962695240974426, 0.08629529178142548, 0.0005263275816105306, 1.0, 0.9983595609664917, 0.05725434795022011, 0.0005142769659869373, 1.0, 0.999779999256134, 0.02097485400736332, 0.0002148497151210904, 1.0, 0.9997212290763855, -0.023613259196281433, -8.304368384415284e-05, 1.0, 0.9983370304107666, -0.057647377252578735, 0.00016771347145549953, 1.0, 0.9970144033432007, -0.0772155299782753, 0.000273163866950199, 1.0, 0.9966627955436707, -0.08162835240364075, 0.0003175000019837171, 1.0, 0.9977667331695557, -0.06679459661245346, 0.00017557495448272675, 1.0, 0.9996809363365173, -0.025260746479034424, 3.32588683704671e-06, 1.0, 0.9994875192642212, -0.032011911273002625, -2.2522942799696466e-06, 1.0, 0.998847246170044, -0.048002034425735474, 7.586927677039057e-05, 1.0, 0.9988357424736023, -0.04824022576212883, 8.206565667023824e-07, 1.0, 0.9986058473587036, -0.05278778076171875, 2.9769611501251347e-05, 1.0, 0.9989038109779358, -0.04680948704481125, 0.0002777018817141652, 1.0, 0.9997797608375549, -0.020986933261156082, 3.7093872379045933e-05, 1.0, 0.9997135400772095, 0.023936234414577484, 4.231412458466366e-05, 1.0, 0.9985775351524353, 0.05331837758421898, -3.9731596189085394e-05, 1.0, 0.9986127614974976, 0.052654705941677094, -0.0002037763042608276, 1.0, 0.9994100332260132, 0.03434421122074127, -2.5714058210724033e-05, 1.0, 0.9999746680259705, 0.0071252211928367615, 5.907924787607044e-05, 1.0, 0.9999975562095642, -0.0022459065075963736, 1.4628399185312446e-05, 1.0, 0.9999733567237854, 0.007313818205147982, -0.0002139568969141692, 1.0, 0.9995743632316589, 0.02917064167559147, -0.00030067222542129457, 1.0, 0.9989925026893616, 0.0448758527636528, -0.0002363370731472969, 1.0, 0.9989689588546753, 0.045398909598588943, 1.07106188806938e-06, 1.0, 0.999481737613678, 0.03219137340784073, -0.00017289847892243415, 1.0, 0.9998731017112732, 0.01593012735247612, -0.00018745094712357968, 1.0, 0.9999794363975525, 0.006417423952370882, 4.728805652121082e-05, 1.0, 0.9999929070472717, 0.0037753863725811243, 3.042223397642374e-05, 1.0, 0.9999973177909851, 0.0022975848987698555, -0.00010991892486345023, 1.0, 0.9997559189796448, 0.022096728906035423, 1.5946081475703977e-05, 1.0, 0.998734176158905, 0.05029938369989395, 9.240088547812775e-05, 1.0, 0.9987899661064148, 0.04917950555682182, -8.083505235845223e-06, 1.0, 0.9997106790542603, 0.02405296079814434, 4.963423270964995e-05, 1.0, 0.9997400641441345, -0.0228006299585104, 3.386311618669424e-06, 1.0, 0.9995019435882568, -0.031556881964206696, -0.00019820324087049812, 1.0, 0.9990427494049072, -0.043743256479501724, -3.103792914771475e-05, 1.0, 0.9981192350387573, -0.061301469802856445, 0.00046468889922834933, 1.0, 0.9987918734550476, -0.04913859814405441, 0.0002461183175910264, 1.0, 0.9994770884513855, -0.032334960997104645, 5.29037542662536e-08, 1.0, 0.9998068809509277, -0.01964949630200863, -1.5192532373475842e-05, 1.0, 0.9995813369750977, -0.02893543802201748, 1.0709852631407557e-06, 1.0, 0.9992656707763672, -0.03831527754664421, 6.562461294379318e-07, 1.0, 0.9991815686225891, -0.04044847935438156, -8.971492206910625e-06, 1.0, 0.9990958571434021, -0.04251439496874809, -0.00033717750920914114, 1.0, 0.9982828497886658, -0.058578524738550186, -0.0001044563323375769, 1.0, 0.9996041059494019, -0.028136126697063446, 0.0001363366754958406, 1.0, 0.9999555945396423, 0.009412307292222977, 0.00045125995529815555, 1.0, 0.9993366599082947, 0.03641703352332115, 0.000184589036507532, 1.0, 0.9992783069610596, 0.03798678517341614, 6.858557026134804e-05, 1.0, 0.9998137950897217, 0.019296744838356972, 9.570927795721218e-05, 1.0, 0.9999892115592957, 0.004655060824006796, -1.1726649972843006e-05, 1.0, 0.999998927116394, 0.0014492421178147197, -7.795565034030005e-05, 1.0, 0.9998943209648132, 0.01453365571796894, 2.0101853806409054e-05, 1.0, 0.9989052414894104, 0.0467781163752079, 1.39405972277018e-06, 1.0, 0.9980034232139587, 0.0631592869758606, -3.4486369258956984e-05, 1.0, 0.9986067414283752, 0.05277068167924881, -1.6844351193867624e-05, 1.0, 0.9992508292198181, 0.03870152682065964, 0.00020215637050569057, 1.0, 0.9997358322143555, 0.022986898198723793, 0.00019938728655688465, 1.0, 0.9999117255210876, 0.01329058688133955, 1.908642843773123e-05, 1.0, 0.9999639987945557, 0.00848096888512373, 0.0002463127311784774, 1.0, 0.9999899864196777, 0.004460979253053665, 3.943754200008698e-05, 1.0, 0.9999313354492188, 0.011716680601239204, -6.905430927872658e-05, 1.0, 0.9992828369140625, 0.037867650389671326, -3.8018610212020576e-05, 1.0, 0.9995898008346558, 0.02863672561943531, -0.00037023157346993685, 1.0, 0.9999740123748779, 0.007203069981187582, -0.00026741818874143064, 1.0, 0.9996882677078247, -0.02496977522969246, -0.00012426871398929507, 1.0, 0.9992517828941345, -0.038674626499414444, 4.350967356003821e-05, 1.0, 0.9990003108978271, -0.044701267033815384, 0.0002562867302913219, 1.0, 0.9981744289398193, -0.06039665266871452, 3.908701984300933e-08, 1.0, 0.9997086524963379, -0.024133209139108658, -8.547071047360078e-05, 1.0, 0.9998103976249695, -0.019473139196634293, -9.089064405998215e-05, 1.0]
            u0 (float, 194):  [0.5, 0.5, 0.6571646928787231, 0.5, 0.6474544405937195, 0.4706695079803467, 0.6472817659378052, 0.4389939308166504, 0.6358408331871033, 0.40923404693603516, 0.6118568181991577, 0.3881431818008423, 0.5925984978675842, 0.3614165782928467, 0.561148464679718, 0.3523745536804199, 0.5294066667556763, 0.3521627187728882, 0.5, 0.3416452407836914, 0.4691988527774811, 0.3451521396636963, 0.43765565752983093, 0.34948742389678955, 0.41432246565818787, 0.37177449464797974, 0.38518694043159485, 0.38518691062927246, 0.3731238842010498, 0.4152240753173828, 0.3482058048248291, 0.4371247887611389, 0.34410420060157776, 0.46899038553237915, 0.3452860713005066, 0.5, 0.3450649678707123, 0.5308184921741486, 0.3529665172100067, 0.5609032511711121, 0.36935731768608093, 0.5872926414012909, 0.3849930465221405, 0.6150069534778595, 0.4111437499523163, 0.6329827606678009, 0.4397091269493103, 0.6455550193786621, 0.46880656480789185, 0.6568200290203094, 0.5, 0.6576559841632843, 0.5323144197463989, 0.6624554991722107, 0.557915449142456, 0.6398201882839203, 0.5885236263275146, 0.6324849724769592, 0.6061516404151917, 0.606151670217514, 0.6292660236358643, 0.5863728225231171, 0.6386334300041199, 0.557423859834671, 0.6498714089393616, 0.529811292886734, 0.8324778079986572, 0.5, 0.8299171924591064, 0.4343754053115845, 0.7848958373069763, 0.38199228048324585, 0.7765277028083801, 0.315230131149292, 0.7146363854408264, 0.2853636145591736, 0.6742758750915527, 0.23917776346206665, 0.6296666860580444, 0.18695694208145142, 0.5674595832824707, 0.16085773706436157, 0.5, 0.16394299268722534, 0.4390038549900055, 0.19335174560546875, 0.3848559558391571, 0.22201770544052124, 0.33794066309928894, 0.2574610710144043, 0.25349223613739014, 0.25349223613739014, 0.2536601424217224, 0.3354009985923767, 0.2077176421880722, 0.3789327144622803, 0.18027988076210022, 0.43640369176864624, 0.1619247943162918, 0.5, 0.1971631646156311, 0.5602380037307739, 0.2371981143951416, 0.6088561117649078, 0.2585138976573944, 0.6613558530807495, 0.2702118158340454, 0.7297881841659546, 0.32670456171035767, 0.7593549340963364, 0.3840427100658417, 0.7799457013607025, 0.44038763642311096, 0.7996916472911835, 0.5, 0.8346960693597794, 0.5645819902420044, 0.8246756792068481, 0.6217232346534729, 0.7938658893108368, 0.658331036567688, 0.7369591295719147, 0.7216152548789978, 0.7216152250766754, 0.7645382285118103, 0.6767587959766388, 0.763945996761322, 0.609330028295517, 0.7875908613204956, 0.5572053790092468, 0.9284736514091492, 0.5, 0.9109805822372437, 0.4182508587837219, 0.9447042346000671, 0.31579744815826416, 0.9086061716079712, 0.22697806358337402, 0.8203154802322388, 0.17968451976776123, 0.7379254102706909, 0.1439194679260254, 0.6903265118598938, 0.04051119089126587, 0.6011320948600769, -0.008425354957580566, 0.5, 0.003942251205444336, 0.4174179136753082, 0.0848318338394165, 0.31810617446899414, 0.060869455337524414, 0.2678973376750946, 0.15263378620147705, 0.15873749554157257, 0.15873748064041138, 0.09028694033622742, 0.22623848915100098, 0.13523061573505402, 0.34890758991241455, 0.08047207444906235, 0.4165506958961487, -0.0029255980625748634, 0.5, 0.004959540907293558, 0.5984696745872498, 0.036555953323841095, 0.6919648051261902, 0.15100783109664917, 0.7331891059875488, 0.19229553639888763, 0.8077044636011124, 0.2552260160446167, 0.8663301765918732, 0.3263430893421173, 0.9192448630928993, 0.4193677604198456, 0.905365601181984, 0.5, 1.0152815328910947, 0.5940005779266357, 0.9725729208439589, 0.6833834648132324, 0.9427268579602242, 0.7159548401832581, 0.8231992423534393, 0.859489381313324, 0.8594893664121628, 0.8271834254264832, 0.7186169922351837, 0.9830368757247925, 0.7000804245471954, 1.0210857391357422, 0.6036503911018372]
            tri (int, 480):  [0, 2, 1, 0, 3, 2, 0, 4, 3, 0, 5, 4, 0, 6, 5, 0, 7, 6, 0, 8, 7, 0, 9, 8, 0, 10, 9, 0, 11, 10, 0, 12, 11, 0, 13, 12, 0, 14, 13, 0, 15, 14, 0, 16, 15, 0, 17, 16, 0, 18, 17, 0, 19, 18, 0, 20, 19, 0, 21, 20, 0, 22, 21, 0, 23, 22, 0, 24, 23, 0, 25, 24, 0, 26, 25, 0, 27, 26, 0, 28, 27, 0, 29, 28, 0, 30, 29, 0, 31, 30, 0, 32, 31, 0, 1, 32, 1, 34, 33, 1, 2, 34, 2, 35, 34, 2, 3, 35, 3, 36, 35, 3, 4, 36, 4, 37, 36, 4, 5, 37, 5, 38, 37, 5, 6, 38, 6, 39, 38, 6, 7, 39, 7, 40, 39, 7, 8, 40, 8, 41, 40, 8, 9, 41, 9, 42, 41, 9, 10, 42, 10, 43, 42, 10, 11, 43, 11, 44, 43, 11, 12, 44, 12, 45, 44, 12, 13, 45, 13, 46, 45, 13, 14, 46, 14, 47, 46, 14, 15, 47, 15, 48, 47, 15, 16, 48, 16, 49, 48, 16, 17, 49, 17, 50, 49, 17, 18, 50, 18, 51, 50, 18, 19, 51, 19, 52, 51, 19, 20, 52, 20, 53, 52, 20, 21, 53, 21, 54, 53, 21, 22, 54, 22, 55, 54, 22, 23, 55, 23, 56, 55, 23, 24, 56, 24, 57, 56, 24, 25, 57, 25, 58, 57, 25, 26, 58, 26, 59, 58, 26, 27, 59, 27, 60, 59, 27, 28, 60, 28, 61, 60, 28, 29, 61, 29, 62, 61, 29, 30, 62, 30, 63, 62, 30, 31, 63, 31, 64, 63, 31, 32, 64, 32, 33, 64, 33, 32, 1, 33, 66, 65, 33, 34, 66, 34, 67, 66, 34, 35, 67, 35, 68, 67, 35, 36, 68, 36, 69, 68, 36, 37, 69, 37, 70, 69, 37, 38, 70, 38, 71, 70, 38, 39, 71, 39, 72, 71, 39, 40, 72, 40, 73, 72, 40, 41, 73, 41, 74, 73, 41, 42, 74, 42, 75, 74, 42, 43, 75, 43, 76, 75, 43, 44, 76, 44, 77, 76, 44, 45, 77, 45, 78, 77, 45, 46, 78, 46, 79, 78, 46, 47, 79, 47, 80, 79, 47, 48, 80, 48, 81, 80, 48, 49, 81, 49, 82, 81, 49, 50, 82, 50, 83, 82, 50, 51, 83, 51, 84, 83, 51, 52, 84, 52, 85, 84, 52, 53, 85, 53, 86, 85, 53, 54, 86, 54, 87, 86, 54, 55, 87, 55, 88, 87, 55, 56, 88, 56, 89, 88, 56, 57, 89, 57, 90, 89, 57, 58, 90, 58, 91, 90, 58, 59, 91, 59, 92, 91, 59, 60, 92, 60, 93, 92, 60, 61, 93, 61, 94, 93, 61, 62, 94, 62, 95, 94, 62, 63, 95, 63, 96, 95, 63, 64, 96, 64, 65, 96, 65, 64, 33]
            boundingsphere (float, 4):  [0.14446449279785156, 0.24837054312229156, -0.05454111099243164, 8.302160591749098]
            aabb:
                min (float, 3):  [-8.001545906066895, 0.08074107021093369, -8.198129653930664]
                max (float, 3):  [8.290474891662598, 0.41600000858306885, 8.0890474319458]
            material:
                shader (str, 1):  ['PdxMeshAlphaBlend']
                diff (str, 1):  ['air_winter_mountain_highland_frozen_water_diff.dds']
                spec (str, 1):  ['air_winter_mountain_highland_frozen_water_spec.dds']
                n (str, 1):  ['air_winter_mountain_highland_frozen_water_n.dds']
locator:
