pdxasset (int, 2):  [1, 0]
object:
    air_winter_temperate_maritime_thaw_flood:
        mesh:
            p (float, 291):  [0.0, 0.19200000166893005, 0.0, 2.3810181617736816, 0.09858031570911407, 0.0, 2.3624444007873535, 0.11640940606594086, 0.4699194133281708, 2.2970802783966064, 0.13989795744419098, 0.9514817595481873, 2.1342878341674805, 0.16112887859344482, 1.4260855913162231, 1.7083728313446045, 0.17294608056545258, 1.7083728313446045, 1.338224172592163, 0.17136642336845398, 2.002794027328491, 0.9344263076782227, 0.1569223701953888, 2.2559046745300293, 0.5047554969787598, 0.13448244333267212, 2.5375771522521973, 1.4808519521658303e-16, 0.11161024868488312, 2.418414831161499, -0.503840982913971, 0.09601511061191559, 2.532979726791382, -0.9800068140029907, 0.09295354038476944, 2.365945816040039, -1.341935157775879, 0.10345747321844101, 2.008347988128662, -1.7860596179962158, 0.12398644536733627, 1.7860596179962158, -2.079954147338867, 0.14762094616889954, 1.389780879020691, -2.3021256923675537, 0.16639471054077148, 0.9535716772079468, -2.602384328842163, 0.17397983372211456, 0.5176464319229126, -2.4033894538879395, 0.16781967878341675, 2.943303172343745e-16, -2.337462902069092, 0.14999058842658997, -0.464950293302536, -2.4369351863861084, 0.12650205194950104, -1.0094115734100342, -2.06964373588562, 0.1052711233496666, -1.3828916549682617, -1.7200770378112793, 0.09345392882823944, -1.7200770378112793, -1.3717231750488281, 0.09503357112407684, -2.0529286861419678, -0.9485223293304443, 0.10947762429714203, -2.289935350418091, -0.5154202580451965, 0.1319175511598587, -2.5911924839019775, -4.47455001145096e-16, 0.1547897458076477, -2.4358315467834473, 0.4755631685256958, 0.17038488388061523, -2.390817642211914, 0.971823513507843, 0.17344646155834198, -2.346189498901367, 1.4051001071929932, 0.1629425287246704, -2.1028809547424316, 1.867877721786499, 0.14241355657577515, -1.867877721786499, 2.169914484024048, 0.11877905577421188, -1.4498904943466187, 2.287534236907959, 0.10000529140233994, -0.9475277662277222, 2.387270212173462, 0.09242016077041626, -0.4748575985431671, 5.404423236846924, 0.05778031423687935, 0.0, 5.466228485107422, 0.07560940831899643, 1.087300419807434, 4.168637275695801, 0.09909795224666595, 1.7267061471939087, 4.400307655334473, 0.1203288808465004, 2.9401915073394775, 3.846508502960205, 0.13214607536792755, 3.846508502960205, 2.8885929584503174, 0.13056643307209015, 4.323084831237793, 1.8063470125198364, 0.11612237989902496, 4.360907554626465, 1.0457507371902466, 0.09368244558572769, 5.2573442459106445, 3.2369975531231887e-16, 0.0708102434873581, 5.2864179611206055, -0.9155662059783936, 0.05521510913968086, 4.6028618812561035, -1.9853485822677612, 0.05215354263782501, 4.793055534362793, -2.6229162216186523, 0.06265747547149658, 3.925471544265747, -3.1991817951202393, 0.08318644762039185, 3.1991817951202393, -4.0330071449279785, 0.10682094842195511, 2.6947693824768066, -4.479532241821289, 0.12559470534324646, 1.855483055114746, -4.822571754455566, 0.13317984342575073, 0.9592691659927368, -5.1944732666015625, 0.12701968848705292, 6.361394781403127e-16, -5.300317764282227, 0.10919059067964554, -1.054298758506775, -5.120790481567383, 0.08570204675197601, -2.121100902557373, -4.622495174407959, 0.06447112560272217, -3.0886526107788086, -3.9444756507873535, 0.052653927356004715, -3.9444756507873535, -2.9738967418670654, 0.05423356965184212, -4.450751304626465, -1.8436083793640137, 0.068677619099617, -4.450864315032959, -0.9117836952209473, 0.09111755341291428, -4.583846092224121, -9.495295454653462e-16, 0.11398975551128387, -5.1689982414245605, 0.9915900826454163, 0.1295848935842514, -4.985060214996338, 1.9995956420898438, 0.13264645636081696, -4.827450752258301, 2.545630931854248, 0.12214252352714539, -3.8098058700561523, 3.3176796436309814, 0.10161355137825012, -3.3176796436309814, 4.571488857269287, 0.07797905057668686, -3.0545711517333984, 4.752660274505615, 0.05920528993010521, -1.968616247177124, 5.147435188293457, 0.051620159298181534, -1.0238885879516602, 6.4125657081604, 0.03938128799200058, 0.0, 7.016320705413818, 0.0456739105284214, 1.3956329822540283, 7.76192569732666, 0.053963981568813324, 3.215094804763794, 6.456081867218018, 0.06145725026726723, 4.313816070556641, 6.0815558433532715, 0.06562802940607071, 6.0815558433532715, 3.6999940872192383, 0.0650705024600029, 5.5374321937561035, 2.7896175384521484, 0.059972602874040604, 6.734732151031494, 1.5868511199951172, 0.05205262824892998, 7.977639675140381, 4.448468278818224e-16, 0.04398008808493614, 7.264900207519531, -1.5813102722167969, 0.038475919514894485, 7.9497833251953125, -2.889497756958008, 0.03739536926150322, 6.975864410400391, -3.5930099487304688, 0.041102636605501175, 5.3773193359375, -4.5399298667907715, 0.04834815859794617, 4.5399298667907715, -7.133573532104492, 0.05668974667787552, 4.766501426696777, -5.97784948348999, 0.06331577897071838, 2.4761064052581787, -6.525174140930176, 0.06599288433790207, 1.2979378700256348, -6.9975905418396, 0.06381871551275253, 8.569576852368382e-16, -7.769063949584961, 0.05752609297633171, -1.5453628301620483, -7.635573387145996, 0.04923601821064949, -3.1627581119537354, -6.103507995605469, 0.04174274951219559, -4.07823371887207, -5.229391574859619, 0.037571974098682404, -5.229391574859619, -4.5025434494018555, 0.038129497319459915, -6.738532066345215, -2.624397039413452, 0.04322739690542221, -6.335855007171631, -1.3828786611557007, 0.05114737153053284, -6.952200412750244, -1.4099233983962253e-15, 0.05921991169452667, -7.675265312194824, 1.5085673332214355, 0.06472408026456833, -7.584079742431641, 2.4001834392547607, 0.0658046305179596, -5.7945556640625, 3.584846258163452, 0.06209736317396164, -5.365101337432861, 4.607385635375977, 0.05485184118151665, -4.607385635375977, 6.609986782073975, 0.046510253101587296, -4.416651725769043, 7.271958827972412, 0.03988422080874443, -3.012144088745117, 8.39105224609375, 0.037207115441560745, -1.6690841913223267]
            n (float, 291):  [0.00013967364793643355, 1.0, 4.123748658457771e-05, 0.026698527857661247, 0.9994322061538696, -0.020551884546875954, 0.028695600107312202, 0.9991455078125, -0.02974623255431652, 0.03220517560839653, 0.9990728497505188, -0.02857043966650963, 0.028000500053167343, 0.9994599223136902, -0.017198780551552773, 0.012579631991684437, 0.9999183416366577, 0.0022531880531460047, -0.006632999517023563, 0.9998117089271545, 0.018235867843031883, -0.021386360749602318, 0.9994437098503113, 0.02559097297489643, -0.030654121190309525, 0.999244749546051, 0.023879261687397957, -0.03432529792189598, 0.9990779161453247, 0.025790730491280556, -0.018248843029141426, 0.9995690584182739, 0.022994425147771835, -0.007431136444211006, 0.9996473789215088, 0.025493722409009933, 0.004445361904799938, 0.9992935061454773, 0.037320926785469055, 0.011859573423862457, 0.9989774227142334, 0.04362918436527252, 0.005751163233071566, 0.9991646409034729, 0.04045949876308441, -0.0032184533774852753, 0.9996284246444702, 0.027067294344305992, -0.012032553553581238, 0.9999175071716309, 0.004500460810959339, -0.011833690106868744, 0.9997001886367798, -0.021436020731925964, -0.009559405036270618, 0.9993768930435181, -0.03397710248827934, -0.003561257617548108, 0.9992942810058594, -0.03739345446228981, -0.002910956973209977, 0.9992316365242004, -0.03908661752939224, -0.01259898953139782, 0.9995838403701782, -0.02594926580786705, -0.024836819618940353, 0.9995800256729126, -0.014930376783013344, -0.04008371755480766, 0.9991348385810852, -0.011080198921263218, -0.04096946120262146, 0.9990874528884888, -0.012073969468474388, -0.03145669400691986, 0.9993842840194702, -0.015540019609034061, -0.014104148373007774, 0.9997925758361816, -0.014694425277411938, 0.01127471774816513, 0.9999048113822937, -0.007947738282382488, 0.030708644539117813, 0.999525249004364, 0.0024920282885432243, 0.03575094789266586, 0.9993149042129517, 0.009571379981935024, 0.036701951175928116, 0.9991673827171326, 0.017815910279750824, 0.03424910083413124, 0.9993146657943726, 0.014045395888388157, 0.02718723565340042, 0.999626636505127, -0.0027262279763817787, 0.014139804057776928, 0.9998358488082886, -0.011328757740557194, 0.018499936908483505, 0.9997226595878601, -0.014570626430213451, 0.024974580854177475, 0.9995474815368652, -0.016765061765909195, 0.023603912442922592, 0.9997115135192871, -0.004439570941030979, 0.012713511474430561, 0.9998069405555725, 0.01498037576675415, 0.0017519090324640274, 0.9996327757835388, 0.02704123593866825, -0.007307635620236397, 0.9996861815452576, 0.023962806910276413, -0.012102932669222355, 0.999765157699585, 0.0179715845733881, -0.01863209158182144, 0.9997406601905823, 0.013096179813146591, -0.012164476327598095, 0.9998541474342346, 0.01199336163699627, -0.0032606644090265036, 0.9999450445175171, 0.009960630908608437, 0.0004431556153576821, 0.9998131990432739, 0.019321244210004807, 0.006356622092425823, 0.9994642734527588, 0.032106272876262665, -0.003035095287486911, 0.9996522665023804, 0.02619353123009205, -0.01876123435795307, 0.9996713995933533, 0.017463257536292076, -0.025213520973920822, 0.9996336102485657, 0.009848106652498245, -0.023832475766539574, 0.9997063875198364, -0.004381029400974512, -0.015123319812119007, 0.9997648000717163, -0.015545272268354893, -0.006015678867697716, 0.9997225403785706, -0.022772306576371193, -0.0022247196175158024, 0.9997903108596802, -0.020354343578219414, -0.004865446127951145, 0.999927818775177, -0.010981974191963673, -0.008774696849286556, 0.9999359250068665, -0.007147720083594322, -0.019741792231798172, 0.9997708201408386, -0.00827848445624113, -0.02909880504012108, 0.9995001554489136, -0.012355268001556396, -0.019433768466114998, 0.9996381402015686, -0.018599944189190865, 0.00032837517210282385, 0.9997627139091492, -0.021782223135232925, 0.02386825904250145, 0.9994307160377502, -0.023845326155424118, 0.029817311093211174, 0.9994989633560181, -0.010617711581289768, 0.025721000507473946, 0.9996609687805176, -0.004054177552461624, 0.017201505601406097, 0.9998518228530884, 0.0006134178256615996, 0.016431232914328575, 0.9998345375061035, 0.007804219610989094, 0.010737555101513863, 0.999941885471344, -0.0010102628730237484, 0.013714226894080639, 0.999889612197876, -0.005712631158530712, 0.01864890567958355, 0.9997666478157043, -0.010901618748903275, 0.019038785248994827, 0.9998031854629517, -0.005570391193032265, 0.023331603035330772, 0.999727725982666, 0.0001275400136364624, 0.01642608270049095, 0.9997319579124451, 0.016318464651703835, 0.0029954113997519016, 0.9993786811828613, 0.035117339342832565, 0.005642468575388193, 0.9997424483299255, 0.021980050951242447, -0.00588394096121192, 0.9998348951339722, 0.017191672697663307, -0.012242309749126434, 0.999855637550354, 0.01178324781358242, -0.005679624155163765, 0.9999667406082153, 0.005849380511790514, -0.00351894972845912, 0.9999774098396301, 0.00573305506259203, -0.0029296427965164185, 0.9999186992645264, 0.012408608570694923, 0.0035697403363883495, 0.9996020197868347, 0.02798296883702278, -0.008223994635045528, 0.9998033046722412, 0.018047379329800606, -0.0274056326597929, 0.9995777606964111, 0.009664510376751423, -0.03546551242470741, 0.9992704391479492, 0.014170360751450062, -0.030368251726031303, 0.9995324015617371, 0.003566489089280367, -0.01822458952665329, 0.9997953772544861, -0.008782044053077698, -0.009731883183121681, 0.9998200535774231, -0.016286179423332214, -0.004470204934477806, 0.9998558163642883, -0.016380099579691887, -0.005296016111969948, 0.9999604225158691, -0.007146390154957771, -0.005823069717735052, 0.9999694228172302, -0.005222904961556196, -0.01069735735654831, 0.9999082088470459, -0.008314818143844604, -0.02088572084903717, 0.999679446220398, -0.014307543635368347, -0.013118508271872997, 0.9996902942657471, -0.021149661391973495, 0.004906531423330307, 0.9996554255485535, -0.025787709280848503, 0.030603952705860138, 0.9990769624710083, -0.03014187701046467, 0.029993301257491112, 0.9992892146110535, -0.022833451628684998, 0.017511017620563507, 0.9997328519821167, -0.015087392181158066, 0.013317090459167957, 0.9999107122421265, -0.0010661882115527987, 0.009598971344530582, 0.9999502301216125, 0.0027277786284685135, 0.006650690454989672, 0.9999774098396301, 0.0010000105248764157]
            ta (float, 388):  [1.0, -0.00013967383711133152, 9.270481271528297e-09, 1.0, 0.9996433854103088, -0.02670387364923954, 1.4481896869256161e-05, 1.0, 0.9995878338813782, -0.028710469603538513, -7.260584970936179e-05, 1.0, 0.999480664730072, -0.032222963869571686, -0.0001622561103431508, 1.0, 0.9996078014373779, -0.02800488844513893, -1.438563867850462e-05, 1.0, 0.9999208450317383, -0.012579666450619698, 1.4219637023415999e-06, 1.0, 0.9999780058860779, 0.006634274497628212, -9.431860235054046e-06, 1.0, 0.9997711181640625, 0.021396329626441002, -0.00011564922169782221, 1.0, 0.9995296597480774, 0.0306670144200325, -0.00017388179549016058, 1.0, 0.9994102716445923, 0.034339290112257004, -9.968530503101647e-05, 1.0, 0.9998332858085632, 0.01825493946671486, -5.5238513596123084e-05, 1.0, 0.999972403049469, 0.007433636579662561, -3.284739477749099e-06, 1.0, 0.9999901652336121, -0.004452396184206009, 0.00010537167690927163, 1.0, 0.9999293088912964, -0.011881827376782894, 0.00025079818442463875, 1.0, 0.9999834299087524, -0.005758809857070446, 7.24518031347543e-05, 1.0, 0.9999948143959045, 0.003218516241759062, 4.123855251236819e-05, 1.0, 0.9999275803565979, 0.012032696045935154, -4.7251323849195614e-06, 1.0, 0.9999299645423889, 0.011837039142847061, 2.9383267246885225e-05, 1.0, 0.9999542236328125, 0.009565460495650768, 1.567145409353543e-05, 1.0, 0.999993622303009, 0.003559880657121539, -0.00010339014988858253, 1.0, 0.999995768070221, 0.00290640234015882, -0.00017334453877992928, 1.0, 0.9999205470085144, 0.012602227739989758, -3.871126682497561e-05, 1.0, 0.999691367149353, 0.02484045922756195, 5.8721947425510734e-05, 1.0, 0.9991961121559143, 0.04008711874485016, 8.509652252541855e-05, 1.0, 0.99916011095047, 0.04097308963537216, 5.3565294365398586e-05, 1.0, 0.9995049834251404, 0.03146113082766533, 4.114519833819941e-05, 1.0, 0.9999005198478699, 0.014106509275734425, 5.693386628990993e-05, 1.0, 0.9999364614486694, -0.011275031603872776, 5.3818803280591965e-06, 1.0, 0.9995284080505371, -0.03070875257253647, 5.107705419504782e-06, 1.0, 0.9993606209754944, -0.03575330227613449, 7.50101899029687e-05, 1.0, 0.9993259310722351, -0.03670906275510788, 7.218923565233126e-05, 1.0, 0.9994131922721863, -0.034252818673849106, 2.446892176521942e-05, 1.0, 0.9996304512023926, -0.027187339961528778, -1.158389750344213e-06, 1.0, 0.9998999834060669, -0.014141043648123741, -2.943955041700974e-05, 1.0, 0.9998288154602051, -0.0185018889605999, 8.499865771227633e-07, 1.0, 0.9996880292892456, -0.024977734312415123, 2.1251933503663167e-05, 1.0, 0.999721348285675, -0.023604148998856544, -7.223981697279669e-07, 1.0, 0.9999191761016846, -0.012715388089418411, 3.0014660296728835e-05, 1.0, 0.9999983906745911, -0.0017512609483674169, -4.7658802941441536e-05, 1.0, 0.9999732971191406, 0.007309856824576855, -5.065428467787569e-06, 1.0, 0.9999268054962158, 0.012104412540793419, 2.647199471539352e-05, 1.0, 0.9998263716697693, 0.01863480731844902, -8.534998050890863e-05, 1.0, 0.999925971031189, 0.012165402062237263, -4.254652594681829e-06, 1.0, 0.999994695186615, 0.0032607363536953926, 9.035891707753763e-06, 1.0, 0.9999999403953552, -0.00044290011283010244, -1.750498813635204e-05, 1.0, 0.9999797344207764, -0.006359220016747713, -2.1154644855414517e-05, 1.0, 0.9999954700469971, 0.0030370086897164583, -3.324616773170419e-05, 1.0, 0.9998239874839783, 0.018764428794384003, -1.9123168385704048e-05, 1.0, 0.9996820092201233, 0.025214778259396553, -3.5724285680771573e-06, 1.0, 0.9997159242630005, 0.02383272908627987, 6.138978733361e-06, 1.0, 0.999885618686676, 0.01512545719742775, 1.995903039642144e-05, 1.0, 0.9999818801879883, 0.006017963867634535, 3.184582237736322e-05, 1.0, 0.999997615814209, 0.002225463045760989, 1.3859399587090593e-05, 1.0, 0.9999881982803345, 0.004865739960223436, -1.3203802495809214e-08, 1.0, 0.9999614953994751, 0.008774902671575546, -2.5914750949596055e-06, 1.0, 0.9998050928115845, 0.019742531701922417, 7.536082193837501e-06, 1.0, 0.9995764493942261, 0.029100963845849037, -5.241222424956504e-06, 1.0, 0.999811053276062, 0.019437303766608238, 9.311476787843276e-06, 1.0, 0.9999999403953552, -0.000327767978888005, 3.146898961858824e-05, 1.0, 0.9997149705886841, -0.023871909826993942, 0.00013151181337889284, 1.0, 0.9995553493499756, -0.029819298535585403, -2.8679787646979094e-05, 1.0, 0.9996691346168518, -0.025721201673150063, 1.8678254036785802e-06, 1.0, 0.9998520612716675, -0.017201507464051247, -2.7304869476552085e-08, 1.0, 0.999864935874939, -0.016431748867034912, 2.268849129904993e-06, 1.0, 0.999942421913147, -0.01073756068944931, -8.462840810352645e-07, 1.0, 0.9999059438705444, -0.013714464381337166, -2.4426965410384582e-06, 1.0, 0.9998260140419006, -0.018650054931640625, -3.9322394513874315e-06, 1.0, 0.999818742275238, -0.01903906837105751, 2.7361470529285725e-06, 1.0, 0.9997277855873108, -0.023331603035330772, -2.5398821890121326e-07, 1.0, 0.9998650550842285, -0.016427528113126755, -4.532363163889386e-05, 1.0, 0.9999954104423523, -0.002998393028974533, 3.2238600397249684e-05, 1.0, 0.9999840259552002, -0.005645619239658117, 8.125519525492564e-05, 1.0, 0.9999827146530151, 0.00588385621085763, 5.550432615564205e-05, 1.0, 0.9999250769615173, 0.012242913246154785, 2.086764288833365e-05, 1.0, 0.9999838471412659, 0.005679623689502478, 1.6681598935974762e-05, 1.0, 0.9999938011169434, 0.0035190265625715256, -3.378667997822049e-06, 1.0, 0.999995768070221, 0.002930018352344632, -1.2051239536958747e-05, 1.0, 0.9999936819076538, -0.0035709005314856768, -8.524286386091262e-06, 1.0, 0.9999662041664124, 0.008225209079682827, 6.865291652502492e-06, 1.0, 0.9996243119239807, 0.027406908571720123, -2.6341346881508798e-08, 1.0, 0.999370813369751, 0.03546915203332901, -5.495802270161221e-06, 1.0, 0.9995388388633728, 0.030368434265255928, 3.909113729605451e-06, 1.0, 0.9998339414596558, 0.018225140869617462, -1.74630058609182e-05, 1.0, 0.9999526739120483, 0.00973315630108118, -1.1095393119830987e-06, 1.0, 0.9999899864196777, 0.004470879212021828, 4.5121291805116925e-06, 1.0, 0.9999859929084778, 0.0052961609326303005, 1.272146050723677e-06, 1.0, 0.9999831318855286, 0.005823107436299324, -8.114284355542623e-06, 1.0, 0.9999427795410156, 0.010697637684643269, -1.0802432370837778e-05, 1.0, 0.9997817873954773, 0.020887231454253197, -4.3844680476468056e-05, 1.0, 0.9999139904975891, 0.013119418174028397, -9.575832518748939e-05, 1.0, 0.9999879002571106, -0.0049101822078228, -7.827729859855026e-05, 1.0, 0.9995312094688416, -0.030613629147410393, 0.0001405214861733839, 1.0, 0.9995498657226562, -0.03000015951693058, 4.215434455545619e-05, 1.0, 0.9998466372489929, -0.017512282356619835, 4.818641173187643e-05, 1.0, 0.9999112486839294, -0.013317094184458256, 2.1155244667170336e-06, 1.0, 0.9999539256095886, -0.00959900300949812, -1.2421654673744342e-06, 1.0, 0.9999778866767883, -0.006650691851973534, -2.1619493963953573e-06, 1.0]
            u0 (float, 194):  [0.5, 0.5, 0.6496554613113403, 0.5, 0.6484880447387695, 0.4704638719558716, 0.6443796753883362, 0.4401959776878357, 0.634147584438324, 0.4103654623031616, 0.607377290725708, 0.392622709274292, 0.5841121673583984, 0.37411725521087646, 0.5587320327758789, 0.3582083582878113, 0.5317257046699524, 0.3405042886734009, 0.5, 0.34799402952194214, 0.46833181381225586, 0.340793251991272, 0.43840309977531433, 0.3512918949127197, 0.41565459966659546, 0.3737682104110718, 0.38773980736732483, 0.3877398371696472, 0.3692674934864044, 0.4126473069190979, 0.35530322790145874, 0.44006460905075073, 0.3364309072494507, 0.4674640893936157, 0.3489384353160858, 0.5, 0.35308215022087097, 0.529223769903183, 0.34682998061180115, 0.5634450912475586, 0.36991554498672485, 0.5869196653366089, 0.39188703894615173, 0.6081129610538483, 0.4137823283672333, 0.6290338635444641, 0.4403820037841797, 0.643930584192276, 0.46760401129722595, 0.6628656685352325, 0.5, 0.6531006693840027, 0.5298908352851868, 0.6502713859081268, 0.5610825419425964, 0.6474663317203522, 0.5883155465126038, 0.6321735382080078, 0.6174027323722839, 0.6174027323722839, 0.6363868117332458, 0.5911307632923126, 0.6437796354293823, 0.5595554709434509, 0.6500484347343445, 0.5298464894294739, 0.839687168598175, 0.5, 0.8435718417167664, 0.4316592812538147, 0.7620136737823486, 0.39147037267684937, 0.776574969291687, 0.31519854068756104, 0.7417666912078857, 0.25823330879211426, 0.6815583109855652, 0.2282787561416626, 0.6135353446006775, 0.22590148448944092, 0.5657291412353516, 0.16955721378326416, 0.5, 0.16772985458374023, 0.44245341420173645, 0.21069377660751343, 0.3752138018608093, 0.19873946905136108, 0.3351404070854187, 0.25327014923095703, 0.29892006516456604, 0.29892003536224365, 0.24651117622852325, 0.33062416315078735, 0.21844547986984253, 0.3833763003349304, 0.19688422977924347, 0.4397065043449402, 0.1735089123249054, 0.5, 0.16685619950294495, 0.5662664175033569, 0.17814013361930847, 0.6333187222480774, 0.20945975184440613, 0.6941327750682831, 0.2520757019519806, 0.7479242980480194, 0.3130800127983093, 0.7797455191612244, 0.38412266969680786, 0.7797526270151138, 0.4426911473274231, 0.7881110161542892, 0.5, 0.8248898983001709, 0.5623249411582947, 0.8133287280797958, 0.6256816983222961, 0.8034224212169647, 0.6600019335746765, 0.7394598424434662, 0.7085279226303101, 0.7085279524326324, 0.7873343229293823, 0.6919906437397003, 0.7987215518951416, 0.6237345337867737, 0.8235346078872681, 0.5643550455570221, 0.9030525088310242, 0.5, 0.9410006999969482, 0.41227948665618896, 0.98786461353302, 0.2979198694229126, 0.9057877063751221, 0.22886133193969727, 0.8822473883628845, 0.11775261163711548, 0.7325577735900879, 0.15195268392562866, 0.6753373742103577, 0.0766981840133667, 0.5997392535209656, -0.0014230012893676758, 0.5, 0.04337519407272339, 0.4006090462207794, 0.00032788515090942383, 0.3183847963809967, 0.06154215335845947, 0.2741665542125702, 0.1620163917541504, 0.2146492749452591, 0.2146492600440979, 0.05162958428263664, 0.2004084587097168, 0.12427093833684921, 0.3443679213523865, 0.08986963331699371, 0.4184200167655945, 0.06017657369375229, 0.5, 0.01168675348162651, 0.5971315503120422, 0.020077086985111237, 0.698790580034256, 0.11637286096811295, 0.7563314586877823, 0.17131416499614716, 0.8286858350038528, 0.21699917316436768, 0.9235406741499901, 0.33504733443260193, 0.8982309699058533, 0.41308116912841797, 0.9369704723358154, 0.5, 0.9824176914989948, 0.5948188304901123, 0.9766863584518433, 0.650860071182251, 0.8642084002494812, 0.7253203392028809, 0.8372156769037247, 0.7895905375480652, 0.7895905673503876, 0.9154611229896545, 0.7776022553443909, 0.9570684432983398, 0.6893239617347717, 1.0274074077606201, 0.6049078702926636]
            tri (int, 480):  [0, 2, 1, 0, 3, 2, 0, 4, 3, 0, 5, 4, 0, 6, 5, 0, 7, 6, 0, 8, 7, 0, 9, 8, 0, 10, 9, 0, 11, 10, 0, 12, 11, 0, 13, 12, 0, 14, 13, 0, 15, 14, 0, 16, 15, 0, 17, 16, 0, 18, 17, 0, 19, 18, 0, 20, 19, 0, 21, 20, 0, 22, 21, 0, 23, 22, 0, 24, 23, 0, 25, 24, 0, 26, 25, 0, 27, 26, 0, 28, 27, 0, 29, 28, 0, 30, 29, 0, 31, 30, 0, 32, 31, 0, 1, 32, 1, 34, 33, 1, 2, 34, 2, 35, 34, 2, 3, 35, 3, 36, 35, 3, 4, 36, 4, 37, 36, 4, 5, 37, 5, 38, 37, 5, 6, 38, 6, 39, 38, 6, 7, 39, 7, 40, 39, 7, 8, 40, 8, 41, 40, 8, 9, 41, 9, 42, 41, 9, 10, 42, 10, 43, 42, 10, 11, 43, 11, 44, 43, 11, 12, 44, 12, 45, 44, 12, 13, 45, 13, 46, 45, 13, 14, 46, 14, 47, 46, 14, 15, 47, 15, 48, 47, 15, 16, 48, 16, 49, 48, 16, 17, 49, 17, 50, 49, 17, 18, 50, 18, 51, 50, 18, 19, 51, 19, 52, 51, 19, 20, 52, 20, 53, 52, 20, 21, 53, 21, 54, 53, 21, 22, 54, 22, 55, 54, 22, 23, 55, 23, 56, 55, 23, 24, 56, 24, 57, 56, 24, 25, 57, 25, 58, 57, 25, 26, 58, 26, 59, 58, 26, 27, 59, 27, 60, 59, 27, 28, 60, 28, 61, 60, 28, 29, 61, 29, 62, 61, 29, 30, 62, 30, 63, 62, 30, 31, 63, 31, 64, 63, 31, 32, 64, 32, 33, 64, 33, 32, 1, 33, 66, 65, 33, 34, 66, 34, 67, 66, 34, 35, 67, 35, 68, 67, 35, 36, 68, 36, 69, 68, 36, 37, 69, 37, 70, 69, 37, 38, 70, 38, 71, 70, 38, 39, 71, 39, 72, 71, 39, 40, 72, 40, 73, 72, 40, 41, 73, 41, 74, 73, 41, 42, 74, 42, 75, 74, 42, 43, 75, 43, 76, 75, 43, 44, 76, 44, 77, 76, 44, 45, 77, 45, 78, 77, 45, 46, 78, 46, 79, 78, 46, 47, 79, 47, 80, 79, 47, 48, 80, 48, 81, 80, 48, 49, 81, 49, 82, 81, 49, 50, 82, 50, 83, 82, 50, 51, 83, 51, 84, 83, 51, 52, 84, 52, 85, 84, 52, 53, 85, 53, 86, 85, 53, 54, 86, 54, 87, 86, 54, 55, 87, 55, 88, 87, 55, 56, 88, 56, 89, 88, 56, 57, 89, 57, 90, 89, 57, 58, 90, 58, 91, 90, 58, 59, 91, 59, 92, 91, 59, 60, 92, 60, 93, 92, 60, 61, 93, 61, 94, 93, 61, 62, 94, 62, 95, 94, 62, 63, 95, 63, 96, 95, 63, 64, 96, 64, 65, 96, 65, 64, 33]
            boundingsphere (float, 4):  [0.31099414825439453, 0.11460355669260025, 0.15118718147277832, 8.759341944154821]
            aabb:
                min (float, 3):  [-7.769063949584961, 0.037207115441560745, -7.675265312194824]
                max (float, 3):  [8.39105224609375, 0.19200000166893005, 7.977639675140381]
            material:
                shader (str, 1):  ['PdxMeshAlphaBlend']
                diff (str, 1):  ['air_winter_temperate_maritime_thaw_flood_diff.dds']
                spec (str, 1):  ['air_winter_temperate_maritime_thaw_flood_spec.dds']
                n (str, 1):  ['air_winter_temperate_maritime_thaw_flood_n.dds']
locator:
