pdxasset (int, 2):  [1, 0]
object:
    air_winter_island_oceanic_phase_5:
        mesh:
            p (float, 291):  [0.0, 0.4320000112056732, 0.0, 3.429438829421997, 0.3722411096096039, 0.0, 3.218275785446167, 0.32876014709472656, 0.6401548385620117, 2.9084270000457764, 0.2754841446876526, 1.2047098875045776, 2.8528800010681152, 0.23037034273147583, 1.9062334299087524, 2.2867186069488525, 0.20862486958503723, 2.2867186069488525, 1.8707364797592163, 0.2175772488117218, 2.799755096435547, 1.1847198009490967, 0.2542099952697754, 2.860166549682617, 0.6133429408073425, 0.3061756193637848, 3.0834832191467285, 2.1015228881536053e-16, 0.35595858097076416, 3.4320473670959473, -0.6588760018348694, 0.38677898049354553, 3.3123934268951416, -1.183368444442749, 0.388248473405838, 2.8569042682647705, -1.808160662651062, 0.3598717451095581, 2.706103563308716, -2.2891013622283936, 0.31121349334716797, 2.2891013622283936, -2.6330766677856445, 0.2586744725704193, 1.7593656778335571, -2.8832948207855225, 0.21996356546878815, 1.1942998170852661, -3.136507034301758, 0.2081286758184433, 0.6238900423049927, -3.1353907585144043, 0.22715888917446136, 3.839746198389349e-16, -3.0925512313842773, 0.2706398665904999, -0.6151466965675354, -3.136277914047241, 0.32391586899757385, -1.2990888357162476, -2.671057939529419, 0.3690296411514282, -1.7847439050674438, -2.256037950515747, 0.3907751441001892, -2.256037950515747, -1.7931663990020752, 0.38182276487350464, -2.6836631298065186, -1.1949509382247925, 0.34519001841545105, -2.884866714477539, -0.6648011207580566, 0.29322439432144165, -3.3421809673309326, -6.004484214187727e-16, 0.2434414178133011, -3.268688917160034, 0.6481331586837769, 0.21262101829051971, -3.258385419845581, 1.316198706626892, 0.21115152537822723, -3.1775848865509033, 1.7360010147094727, 0.23952825367450714, -2.598109245300293, 2.3253746032714844, 0.28818652033805847, -2.3253746032714844, 2.7077102661132812, 0.34072551131248474, -1.8092341423034668, 3.104660749435425, 0.3794364333152771, -1.2859926223754883, 3.238891124725342, 0.39127132296562195, -0.644255518913269, 6.449426174163818, 0.2804411053657532, 0.0, 5.8841657638549805, 0.23696014285087585, 1.1704334020614624, 6.075139999389648, 0.18368412554264069, 2.5164053440093994, 5.775863170623779, 0.13857035338878632, 3.8593084812164307, 5.071028709411621, 0.11682486534118652, 5.071028709411621, 3.591012716293335, 0.1257772445678711, 5.374330043792725, 2.505039691925049, 0.1624099761247635, 6.047700881958008, 1.3578706979751587, 0.21437561511993408, 6.82647705078125, 3.951176029578612e-16, 0.26415857672691345, 6.452760219573975, -1.2467916011810303, 0.2949789762496948, 6.268044471740723, -2.627988815307617, 0.2964484691619873, 6.344526290893555, -3.931896209716797, 0.2680717408657074, 5.884498596191406, -4.890185356140137, 0.21941348910331726, 4.890185356140137, -5.942027568817139, 0.1668744832277298, 3.9703359603881836, -5.597069263458252, 0.12816357612609863, 2.3183820247650146, -6.446568965911865, 0.11632867902517319, 1.2823022603988647, -5.898433208465576, 0.13535888493061066, 7.223496974184673e-16, -7.019556999206543, 0.17883986234664917, -1.3962767124176025, -5.679603099822998, 0.23211586475372314, -2.3525686264038086, -5.45725679397583, 0.2772296667098999, -3.6464223861694336, -4.812114238739014, 0.2989751398563385, -4.812114238739014, -3.6027331352233887, 0.29002276062965393, -5.391870975494385, -2.4828412532806396, 0.25339001417160034, -5.994109153747559, -1.2658249139785767, 0.20142437517642975, -6.363731384277344, -1.220128408267599e-15, 0.15164142847061157, -6.642069339752197, 1.3129565715789795, 0.1208210214972496, -6.600677967071533, 2.6231117248535156, 0.11935152858495712, -6.332752227783203, 3.602635145187378, 0.14772824943065643, -5.391724586486816, 4.516141414642334, 0.19638651609420776, -4.516141414642334, 5.020265579223633, 0.24892552196979523, -3.3544342517852783, 5.395761966705322, 0.2876364290714264, -2.2349977493286133, 6.138742446899414, 0.29947131872177124, -1.2210718393325806, 11.037610054016113, 0.14170274138450623, 0.0, 9.32894515991211, 0.12635651230812073, 1.855642557144165, 7.85891056060791, 0.10755322128534317, 3.2552671432495117, 7.91438627243042, 0.0916307121515274, 5.288223743438721, 7.3127827644348145, 0.08395583927631378, 7.3127827644348145, 5.912307262420654, 0.08711549639701843, 8.848392486572266, 3.5131189823150635, 0.10004469752311707, 8.481419563293457, 1.939711093902588, 0.11838550865650177, 9.751585960388184, 5.015602365025893e-16, 0.13595597445964813, 8.191100120544434, -2.081568717956543, 0.14683376252651215, 10.464753150939941, -3.5416386127471924, 0.147352397441864, 8.550271987915039, -4.652788162231445, 0.1373370885848999, 6.963389873504639, -6.128036022186279, 0.12016358226537704, 6.128036022186279, -8.811301231384277, 0.10162040591239929, 5.887523174285889, -10.008108139038086, 0.08795773237943649, 4.145493984222412, -8.48766803741455, 0.08378071337938309, 1.6883021593093872, -11.07938003540039, 0.09049725532531738, 1.356832749690865e-15, -8.559858322143555, 0.10584348440170288, -1.7026617527008057, -7.612548828125, 0.12464677542448044, -3.1532208919525146, -6.7479705810546875, 0.1405692845582962, -4.508849620819092, -6.032834529876709, 0.14824415743350983, -6.032834529876709, -5.7170610427856445, 0.14508450031280518, -8.55618667602539, -3.757605791091919, 0.13215529918670654, -9.071662902832031, -2.129462480545044, 0.11381448805332184, -10.705531120300293, -1.593345524387947e-15, 0.09624402970075607, -8.673768997192383, 1.668260931968689, 0.08536624163389206, -8.386914253234863, 4.10540771484375, 0.0848475992679596, -9.911331176757812, 5.2974114418029785, 0.0948629155755043, -7.928136825561523, 6.7246222496032715, 0.11203641444444656, -6.7246222496032715, 8.668295860290527, 0.13057959079742432, -5.791970252990723, 7.409239292144775, 0.1442422717809677, -3.069007396697998, 8.026365280151367, 0.14841929078102112, -1.5965434312820435]
            n (float, 291):  [-0.0007287667831405997, 0.9999997019767761, 0.00040561077184975147, 0.02455713599920273, 0.9988589286804199, 0.040960848331451416, 0.017297161743044853, 0.9973534345626831, 0.07061818987131119, 0.015419289469718933, 0.9975056648254395, 0.0688822790980339, 0.011227505281567574, 0.9986186623573303, 0.0513288639485836, 0.02686915174126625, 0.998698890209198, 0.043344028294086456, 0.04251496493816376, 0.9988555908203125, 0.021909112110733986, 0.06661688536405563, 0.9975746273994446, 0.020173119381070137, 0.07793708145618439, 0.9968028664588928, 0.017599856480956078, 0.049327004700899124, 0.9984680414199829, 0.025069724768400192, 0.014802990481257439, 0.9995778799057007, 0.024997370317578316, -0.02270067296922207, 0.9996875524520874, 0.01046378631144762, -0.051464252173900604, 0.998650312423706, -0.006998154334723949, -0.06719537824392319, 0.9974310994148254, -0.024818984791636467, -0.06883355975151062, 0.9970893859863281, -0.03278060629963875, -0.05874806270003319, 0.998187780380249, -0.01303275115787983, -0.045506976544857025, 0.998872697353363, 0.013508128002285957, -0.04812118411064148, 0.9979443550109863, 0.042324990034103394, -0.05212373659014702, 0.9966601133346558, 0.06286302953958511, -0.05022240802645683, 0.9977930188179016, 0.04343627020716667, -0.04364031180739403, 0.9987791180610657, 0.023146649822592735, -0.019200202077627182, 0.9997861385345459, -0.007679623551666737, 0.014226576313376427, 0.9992790222167969, -0.035200558602809906, 0.04080013558268547, 0.9980587959289551, -0.04705303534865379, 0.05263163149356842, 0.997636616230011, -0.04417025297880173, 0.05282900854945183, 0.9976596832275391, -0.04340767860412598, 0.02372598648071289, 0.9988009333610535, -0.04282170906662941, 0.005300362128764391, 0.9990833401679993, -0.042476408183574677, -0.010477034375071526, 0.997843861579895, -0.06479141861200333, -0.02131967805325985, 0.9972447752952576, -0.0710512176156044, -0.00749610923230648, 0.9978406429290771, -0.06525212526321411, 0.010560366325080395, 0.9990829825401306, -0.04149213805794716, 0.021082108840346336, 0.9997732043266296, -0.0029943420086055994, 0.03267069160938263, 0.999365508556366, 0.014180161990225315, 0.02262323535978794, 0.9984787106513977, 0.05028446763753891, 0.016940928995609283, 0.9990977048873901, 0.03894486278295517, 0.010869666002690792, 0.9996055364608765, 0.025895239785313606, 0.009059424512088299, 0.9998412132263184, 0.015347176231443882, 0.021817052736878395, 0.9996971487998962, 0.011389773339033127, 0.040937457233667374, 0.9991101026535034, 0.010160146281123161, 0.030476555228233337, 0.999180018901825, 0.026656927540898323, 0.03158115968108177, 0.9987590312957764, 0.03850964829325676, 0.011962180025875568, 0.9992085099220276, 0.037936627864837646, -0.03204087167978287, 0.998932421207428, 0.03327758610248566, -0.054195694625377655, 0.9981310367584229, 0.028233451768755913, -0.04833415150642395, 0.9988089203834534, 0.006672365125268698, -0.03158746659755707, 0.9994706511497498, -0.0077828760258853436, -0.03204953670501709, 0.9993833899497986, -0.014342055656015873, -0.017373161390423775, 0.9998331665992737, 0.005641880910843611, -0.025867771357297897, 0.9992117285728455, 0.030113965272903442, -0.033282164484262466, 0.9993951916694641, 0.010075978003442287, -0.0506579764187336, 0.9985758662223816, 0.016734706237912178, -0.06241603195667267, 0.9980440735816956, -0.0034983097575604916, -0.04979364946484566, 0.9984807968139648, -0.023594027385115623, -0.008020499721169472, 0.9993170499801636, -0.03607168793678284, 0.01569550856947899, 0.9991075992584229, -0.039213716983795166, 0.03080945461988449, 0.9989900588989258, -0.032705940306186676, 0.03198373690247536, 0.999139130115509, -0.026419658213853836, 0.012149262242019176, 0.9996891617774963, -0.021770518273115158, -0.0004321936867199838, 0.9997903108596802, -0.02047225460410118, -0.006425789091736078, 0.9994381070137024, -0.032898254692554474, -0.0061581009067595005, 0.9990004301071167, -0.04427555948495865, 0.014013173058629036, 0.9992269277572632, -0.03673233091831207, 0.034588947892189026, 0.9989085793495178, -0.03138594701886177, 0.043410543352365494, 0.9987453818321228, -0.02496403083205223, 0.033071763813495636, 0.9994016885757446, 0.010125026106834412, 0.02687595970928669, 0.9988588690757751, 0.0394810289144516, 0.02293742261826992, 0.9993224740028381, 0.028782667592167854, 0.012189291417598724, 0.9998169541358948, 0.014743590727448463, 0.008014864288270473, 0.9999313354492188, 0.008549502119421959, 0.01073142234236002, 0.9999175071716309, 0.007061936426907778, 0.02634047158062458, 0.9995689392089844, 0.012964528985321522, 0.020678291097283363, 0.9993341565132141, 0.030059734359383583, 0.01953398808836937, 0.9985052347183228, 0.05104710906744003, 0.002743564546108246, 0.9989917278289795, 0.044810812920331955, -0.03685350343585014, 0.9983376264572144, 0.044313911348581314, -0.061861541122198105, 0.9967970848083496, 0.050682466477155685, -0.03854047879576683, 0.9988255500793457, 0.02936204895377159, -0.02142072096467018, 0.9997695088386536, -0.001470691873691976, -0.017943618819117546, 0.9997944831848145, -0.009433852508664131, -0.011793899349868298, 0.9999215602874756, 0.0042188093066215515, -0.013995980843901634, 0.9998160600662231, 0.013110006228089333, -0.027811281383037567, 0.9996107816696167, 0.0022004120983183384, -0.05820803344249725, 0.9982413649559021, -0.01122822891920805, -0.079762302339077, 0.9966041445732117, -0.020451147109270096, -0.06342758983373642, 0.997527539730072, -0.03026130050420761, -0.018197916448116302, 0.9991217255592346, -0.03774310648441315, 0.0024140961468219757, 0.9993626475334167, -0.035616494715213776, 0.015492173843085766, 0.9994760155677795, -0.028418900445103645, 0.027257340028882027, 0.9993103742599487, -0.02521590143442154, 0.00395002169534564, 0.9998371005058289, -0.017612235620617867, -0.001178331789560616, 0.9998999834060669, -0.01409489568322897, -6.0039634263375774e-05, 0.999786913394928, -0.02064415067434311, 0.001623770804144442, 0.9993913173675537, -0.034847285598516464, 0.01790866069495678, 0.9994903802871704, -0.02642383612692356, 0.05152396857738495, 0.9985052943229675, -0.018232543021440506, 0.04960251599550247, 0.9979378581047058, -0.0407378226518631]
            ta (float, 388):  [0.9999997615814209, 0.0007287667249329388, 1.0832343910749387e-09, 1.0, 0.9996979236602783, -0.024576516821980476, -3.033717439393513e-05, 1.0, 0.999849796295166, -0.01733304187655449, -0.00010467744868947193, 1.0, 0.9998806715011597, -0.01545287948101759, -4.524345786194317e-05, 1.0, 0.9999369382858276, -0.011232583783566952, -0.00018952116079162806, 1.0, 0.9996381998062134, -0.026897117495536804, 6.200507777975872e-05, 1.0, 0.9990952610969543, -0.04252878203988075, 0.00016477324243169278, 1.0, 0.9977775812149048, -0.06663358956575394, 0.00015549350064247847, 1.0, 0.9969570636749268, -0.07795225828886032, 0.0001765267224982381, 1.0, 0.9987812042236328, -0.04935390502214432, 0.0004554133047349751, 1.0, 0.9998903870582581, -0.01480615884065628, -5.8340949181001633e-05, 1.0, 0.9997422695159912, 0.02270248718559742, -5.4717176681151614e-05, 1.0, 0.998674750328064, 0.05146580934524536, 4.2082101572304964e-05, 1.0, 0.9977378845214844, 0.06722398102283478, 0.0003191127616446465, 1.0, 0.9976251721382141, 0.06887642294168472, 0.00017899302474688739, 1.0, 0.9982725977897644, 0.05875340849161148, 2.712534296733793e-05, 1.0, 0.9989638328552246, 0.04551151394844055, -2.827498065016698e-05, 1.0, 0.9988393187522888, 0.04816557466983795, -2.9141208869987167e-05, 1.0, 0.998634397983551, 0.05224166437983513, -0.00023279806191567332, 1.0, 0.9987345933914185, 0.050290416926145554, -0.0004735365801025182, 1.0, 0.9990467429161072, 0.04365265369415283, -2.8055132133886218e-05, 1.0, 0.9998157024383545, 0.01920080929994583, 5.229424459685106e-06, 1.0, 0.9998985528945923, -0.014240825548768044, -0.00015411266940645874, 1.0, 0.9991646409034729, -0.04086349904537201, -0.00038509833393618464, 1.0, 0.9986099004745483, -0.05270780250430107, -0.0005605968763120472, 1.0, 0.9986000061035156, -0.052894946187734604, -0.00037100567715242505, 1.0, 0.9997178316116333, -0.023752903565764427, -0.00011985003220615909, 1.0, 0.999985933303833, -0.0053018308244645596, 7.809152884874493e-05, 1.0, 0.9999443888664246, 0.010532327927649021, 0.0005119125708006322, 1.0, 0.9997705221176147, 0.021414004266262054, 0.000566008675377816, 1.0, 0.9999716281890869, 0.007526883389800787, 0.00022579787764698267, 1.0, 0.9999441504478455, -0.01056871097534895, 1.8262235244037583e-05, 1.0, 0.9997777342796326, -0.021082215011119843, -3.57929638994392e-06, 1.0, 0.9994660019874573, -0.03267475217580795, 5.439255619421601e-05, 1.0, 0.9997433423995972, -0.02265109308063984, -1.578699448145926e-05, 1.0, 0.9998562335968018, -0.016957489773631096, 9.491312084719539e-05, 1.0, 0.9999408721923828, -0.0108741894364357, 3.385161835467443e-05, 1.0, 0.9999589323997498, -0.009060362353920937, -8.397985766350757e-06, 1.0, 0.9997618794441223, -0.021818451583385468, -1.27730186250119e-06, 1.0, 0.9991616010665894, -0.04094020649790764, 6.302279507508501e-05, 1.0, 0.9995352029800415, -0.03048616461455822, -4.5878372475272045e-05, 1.0, 0.9995008111000061, -0.03159172460436821, -0.0003342940181028098, 1.0, 0.99992835521698, -0.011970162391662598, -1.6705695088603534e-05, 1.0, 0.9994863271713257, 0.03204502537846565, 0.00040865695336833596, 1.0, 0.9985288381576538, 0.05422215163707733, -0.00017172058869618922, 1.0, 0.9988311529159546, 0.04833551496267319, -4.325234112911858e-05, 1.0, 0.9995009303092957, 0.03158847615122795, 6.6600255195226055e-06, 1.0, 0.9994862079620361, 0.03205274045467377, -6.7667151597561315e-06, 1.0, 0.9998490810394287, 0.017373479902744293, -7.233876203827094e-06, 1.0, 0.9996650218963623, 0.025880932807922363, -4.729575812234543e-05, 1.0, 0.999445915222168, 0.03328551724553108, -0.0001649124751565978, 1.0, 0.9987157583236694, 0.05066404119133949, 6.15121825831011e-05, 1.0, 0.9980502128601074, 0.06241640821099281, -3.1899207897367887e-06, 1.0, 0.9987589716911316, 0.04980464652180672, -0.00012148018868174404, 1.0, 0.9999677538871765, 0.00802626833319664, 1.5127861843211576e-05, 1.0, 0.9998764395713806, -0.015716342255473137, -0.00022305086895357817, 1.0, 0.999524712562561, -0.03082481026649475, 3.47732420777902e-05, 1.0, 0.9994881749153137, -0.03199201449751854, 0.00010940235370071605, 1.0, 0.9999261498451233, -0.012153432704508305, -5.922473792452365e-05, 1.0, 0.9999998807907104, 0.0004319626896176487, -1.5694888134021312e-05, 1.0, 0.9999793767929077, 0.006428699474781752, -1.730905205477029e-05, 1.0, 0.9999809861183167, 0.006163361016660929, -1.771012284734752e-05, 1.0, 0.9999017119407654, -0.014024298638105392, -4.520195216173306e-05, 1.0, 0.9994010925292969, -0.03460494428873062, 3.356150409672409e-05, 1.0, 0.9990564584732056, -0.043428607285022736, -0.00018176350567955524, 1.0, 0.9994529485702515, -0.033073168247938156, -2.8860144084319472e-05, 1.0, 0.9996381998062134, -0.026897797361016273, 2.1999039745423943e-05, 1.0, 0.9997366666793823, -0.022946663200855255, -9.190942364512011e-06, 1.0, 0.9999256730079651, -0.012190372683107853, -1.6530595530639403e-05, 1.0, 0.9999678134918213, -0.00801520049571991, 4.977008757123258e-06, 1.0, 0.999942421913147, -0.010731487534940243, -2.8652850232901983e-05, 1.0, 0.9996529817581177, -0.026342183351516724, -3.862076118821278e-05, 1.0, 0.9997860789299011, -0.020679762586951256, -0.00026199306012131274, 1.0, 0.9998086094856262, -0.019560333341360092, 1.6610905731795356e-05, 1.0, 0.9999962449073792, -0.0027402618434280157, -0.00013513184967450798, 1.0, 0.9993190765380859, 0.03689742460846901, -0.00017328203830402344, 1.0, 0.9980796575546265, 0.06194400042295456, -5.621846503345296e-05, 1.0, 0.9992566108703613, 0.03854943439364433, 0.000261233450146392, 1.0, 0.9997705221176147, 0.021420734003186226, -7.94215975474799e-06, 1.0, 0.9998390078544617, 0.01794438064098358, -3.75679610442603e-06, 1.0, 0.9999304413795471, 0.011794001795351505, 9.46728562212229e-07, 1.0, 0.9999020099639893, 0.013996266759932041, 6.998758908594027e-05, 1.0, 0.9996132254600525, 0.027811342850327492, 3.13088389702898e-06, 1.0, 0.9983042478561401, 0.058211732655763626, 3.5636387565318728e-06, 1.0, 0.9968125224113464, 0.0797804445028305, 7.164345151977614e-05, 1.0, 0.9979846477508545, 0.06345705687999725, 1.3351022062124684e-05, 1.0, 0.9998340606689453, 0.01821836084127426, 0.00019774920656345785, 1.0, 0.999997079372406, -0.0024106705095618963, 0.00013912715076003224, 1.0, 0.9998799562454224, -0.015492740087211132, 0.0002003300323849544, 1.0, 0.9996282458305359, -0.02726476825773716, 4.9238729843636975e-05, 1.0, 0.9999921321868896, -0.003950564190745354, 3.998485681222519e-06, 1.0, 0.9999993443489075, 0.0011782957008108497, -1.0875254702114034e-05, 1.0, 1.0, 5.881913602934219e-05, -5.972799408482388e-05, 1.0, 0.9999986290931702, -0.00162702111992985, -6.491385283879936e-05, 1.0, 0.9998394846916199, -0.017916221171617508, -4.946922490489669e-05, 1.0, 0.9986713528633118, -0.05153274908661842, -1.1730953701771796e-05, 1.0, 0.9987666606903076, -0.049649570137262344, -0.0001435175072401762, 1.0]
            u0 (float, 194):  [0.5, 0.5, 0.6661549806594849, 0.5, 0.6559242010116577, 0.4689847230911255, 0.6409121751785278, 0.4416322708129883, 0.6382209062576294, 0.40764373540878296, 0.6107906103134155, 0.3892093896865845, 0.5906364321708679, 0.3643529415130615, 0.5573992133140564, 0.36142605543136597, 0.5297162532806396, 0.35060644149780273, 0.5, 0.3337186574935913, 0.46807771921157837, 0.3395158052444458, 0.44266626238822937, 0.3615840673446655, 0.41239532828330994, 0.36889034509658813, 0.38909393548965454, 0.38909393548965454, 0.37242844700813293, 0.41475939750671387, 0.3603054881095886, 0.44213664531707764, 0.348037451505661, 0.4697727560997009, 0.3480915427207947, 0.5, 0.35016709566116333, 0.5298036336898804, 0.34804853796958923, 0.5629403591156006, 0.3705882728099823, 0.5864701569080353, 0.39069584012031555, 0.6093041598796844, 0.4131217896938324, 0.6300224363803864, 0.44210508465766907, 0.6397706866264343, 0.4677906334400177, 0.6619273722171783, 0.5, 0.6583667099475861, 0.5314018130302429, 0.6578675210475922, 0.5637693405151367, 0.6539527475833893, 0.5841085910797119, 0.6258773803710938, 0.6126635074615479, 0.6126635074615479, 0.6311874985694885, 0.587656706571579, 0.6504195928573608, 0.5623058378696442, 0.6569229960441589, 0.5312139391899109, 0.8124721646308899, 0.5, 0.7850855588912964, 0.4432929754257202, 0.7943381667137146, 0.37808114290237427, 0.7798383235931396, 0.3130180239677429, 0.7456893920898438, 0.25431060791015625, 0.6739831566810608, 0.239615797996521, 0.6213682293891907, 0.2069912552833557, 0.5657883286476135, 0.16925984621047974, 0.5, 0.18736624717712402, 0.43959343433380127, 0.19631564617156982, 0.37267497181892395, 0.19261014461517334, 0.30950114130973816, 0.21489834785461426, 0.2630724012851715, 0.2630724310874939, 0.21211107075214386, 0.3076387643814087, 0.22882415354251862, 0.38767528533935547, 0.18766623735427856, 0.4378729462623596, 0.2142232060432434, 0.5, 0.15990518033504486, 0.5676490664482117, 0.2248254269361496, 0.6139810383319855, 0.23559802770614624, 0.6766677498817444, 0.2668549418449402, 0.7331450581550598, 0.32544898986816406, 0.7612340748310089, 0.37970730662345886, 0.7904122620820999, 0.4386712610721588, 0.8083203136920929, 0.5, 0.8218057006597519, 0.5636122226715088, 0.8198003023862839, 0.627088725566864, 0.8068193793296814, 0.6745463013648987, 0.7612269669771194, 0.7188053131103516, 0.7188052833080292, 0.7432299256324768, 0.6625210344791412, 0.7614225745201111, 0.6082847714424133, 0.7974196672439575, 0.559160441160202, 1.034767985343933, 0.5, 0.9519837498664856, 0.41009485721588135, 0.8807611465454102, 0.34228354692459106, 0.8834489583969116, 0.24378758668899536, 0.8543015122413635, 0.14569848775863647, 0.7864490151405334, 0.07129877805709839, 0.6702092289924622, 0.08907854557037354, 0.593978226184845, 0.027539432048797607, 0.5, 0.10314440727233887, 0.3991487920284271, -0.007013201713562012, 0.32840898633003235, 0.08574265241622925, 0.2745742201805115, 0.1626264452934265, 0.20309902727603912, 0.20309901237487793, 0.0730958804488182, 0.21475178003311157, 0.015111032873392105, 0.2991524338722229, 0.08877576887607574, 0.41820240020751953, -0.03679168224334717, 0.5, 0.08527817577123642, 0.5824933052062988, 0.1311749666929245, 0.6527723371982574, 0.1730634570121765, 0.7184520065784454, 0.20771151781082153, 0.7922884821891785, 0.2230106145143509, 0.914543904364109, 0.3179454505443573, 0.9395185485482216, 0.39682838320732117, 1.0186788141727448, 0.5, 0.9202407598495483, 0.5808265805244446, 0.9063427522778511, 0.6989054083824158, 0.9802001304924488, 0.7566575407981873, 0.884115144610405, 0.8258053660392761, 0.8258053362369537, 0.9199755787849426, 0.7806187272071838, 0.8589747548103333, 0.6486922204494476, 0.8888742923736572, 0.5773518979549408]
            tri (int, 480):  [0, 2, 1, 0, 3, 2, 0, 4, 3, 0, 5, 4, 0, 6, 5, 0, 7, 6, 0, 8, 7, 0, 9, 8, 0, 10, 9, 0, 11, 10, 0, 12, 11, 0, 13, 12, 0, 14, 13, 0, 15, 14, 0, 16, 15, 0, 17, 16, 0, 18, 17, 0, 19, 18, 0, 20, 19, 0, 21, 20, 0, 22, 21, 0, 23, 22, 0, 24, 23, 0, 25, 24, 0, 26, 25, 0, 27, 26, 0, 28, 27, 0, 29, 28, 0, 30, 29, 0, 31, 30, 0, 32, 31, 0, 1, 32, 1, 34, 33, 1, 2, 34, 2, 35, 34, 2, 3, 35, 3, 36, 35, 3, 4, 36, 4, 37, 36, 4, 5, 37, 5, 38, 37, 5, 6, 38, 6, 39, 38, 6, 7, 39, 7, 40, 39, 7, 8, 40, 8, 41, 40, 8, 9, 41, 9, 42, 41, 9, 10, 42, 10, 43, 42, 10, 11, 43, 11, 44, 43, 11, 12, 44, 12, 45, 44, 12, 13, 45, 13, 46, 45, 13, 14, 46, 14, 47, 46, 14, 15, 47, 15, 48, 47, 15, 16, 48, 16, 49, 48, 16, 17, 49, 17, 50, 49, 17, 18, 50, 18, 51, 50, 18, 19, 51, 19, 52, 51, 19, 20, 52, 20, 53, 52, 20, 21, 53, 21, 54, 53, 21, 22, 54, 22, 55, 54, 22, 23, 55, 23, 56, 55, 23, 24, 56, 24, 57, 56, 24, 25, 57, 25, 58, 57, 25, 26, 58, 26, 59, 58, 26, 27, 59, 27, 60, 59, 27, 28, 60, 28, 61, 60, 28, 29, 61, 29, 62, 61, 29, 30, 62, 30, 63, 62, 30, 31, 63, 31, 64, 63, 31, 32, 64, 32, 33, 64, 33, 32, 1, 33, 66, 65, 33, 34, 66, 34, 67, 66, 34, 35, 67, 35, 68, 67, 35, 36, 68, 36, 69, 68, 36, 37, 69, 37, 70, 69, 37, 38, 70, 38, 71, 70, 38, 39, 71, 39, 72, 71, 39, 40, 72, 40, 73, 72, 40, 41, 73, 41, 74, 73, 41, 42, 74, 42, 75, 74, 42, 43, 75, 43, 76, 75, 43, 44, 76, 44, 77, 76, 44, 45, 77, 45, 78, 77, 45, 46, 78, 46, 79, 78, 46, 47, 79, 47, 80, 79, 47, 48, 80, 48, 81, 80, 48, 49, 81, 49, 82, 81, 49, 50, 82, 50, 83, 82, 50, 51, 83, 51, 84, 83, 51, 52, 84, 52, 85, 84, 52, 53, 85, 53, 86, 85, 53, 54, 86, 54, 87, 86, 54, 55, 87, 55, 88, 87, 55, 56, 88, 56, 89, 88, 56, 57, 89, 57, 90, 89, 57, 58, 90, 58, 91, 90, 58, 59, 91, 59, 92, 91, 59, 60, 92, 60, 93, 92, 60, 61, 93, 61, 94, 93, 61, 62, 94, 62, 95, 94, 62, 63, 95, 63, 96, 95, 63, 64, 96, 64, 65, 96, 65, 64, 33]
            boundingsphere (float, 4):  [-0.020884990692138672, 0.25789037346839905, -0.12038898468017578, 11.060416467099259]
            aabb:
                min (float, 3):  [-11.07938003540039, 0.08378071337938309, -10.705531120300293]
                max (float, 3):  [11.037610054016113, 0.4320000112056732, 10.464753150939941]
            material:
                shader (str, 1):  ['PdxMeshAdvanced']
                diff (str, 1):  ['air_winter_island_oceanic_phase_5_diff.dds']
                spec (str, 1):  ['air_winter_island_oceanic_spec.dds']
                n (str, 1):  ['air_winter_island_oceanic_n.dds']
locator:
