pdxasset (int, 2):  [1, 0]
object:
    air_winter_equatorial_rainforest_phase_2:
        mesh:
            p (float, 291):  [0.0, 0.3456000089645386, 0.0, 3.136883497238159, 0.29809823632240295, 0.0, 3.0918290615081787, 0.26348230242729187, 0.6150030493736267, 3.12802791595459, 0.2208704948425293, 1.2956715822219849, 2.7260212898254395, 0.18462561070919037, 1.8214691877365112, 2.25236177444458, 0.1669643521308899, 2.25236177444458, 1.7805547714233398, 0.17383965849876404, 2.6647884845733643, 1.2550290822982788, 0.202934131026268, 3.0299081802368164, 0.6247110366821289, 0.24444115161895752, 3.140634536743164, 2.044769695454097e-16, 0.2843703329563141, 3.339362382888794, -0.6103283166885376, 0.30926313996315, 3.0683276653289795, -1.2303489446640015, 0.31072914600372314, 2.970324993133545, -1.7687201499938965, 0.28827425837516785, 2.6470766067504883, -2.37269926071167, 0.24946708977222443, 2.37269926071167, -2.814296245574951, 0.20738805830478668, 1.8804526329040527, -3.0201783180236816, 0.1762203425168991, 1.250998854637146, -3.3394887447357178, 0.16646933555603027, 0.6642656326293945, -3.1094634532928467, 0.18142175674438477, 3.8079946389659293e-16, -3.262615442276001, 0.21603770554065704, -0.6489745378494263, -2.9327480792999268, 0.2586494982242584, -1.214784026145935, -2.6206135749816895, 0.29489439725875854, -1.7510379552841187, -2.322307586669922, 0.3125556409358978, -2.322307586669922, -1.7298959493637085, 0.3056803345680237, -2.588972330093384, -1.1842855215072632, 0.2765858769416809, -2.8591179847717285, -0.6212806701660156, 0.2350788414478302, -3.1233887672424316, -6.058859494236716e-16, 0.19514966011047363, -3.2982892990112305, 0.6475425958633423, 0.1702568680047989, -3.2554163932800293, 1.2920098304748535, 0.16879084706306458, -3.119187593460083, 1.7783480882644653, 0.19124574959278107, -2.6614859104156494, 2.346773624420166, 0.2300529032945633, -2.346773624420166, 2.855929374694824, 0.27213194966316223, -1.9082709550857544, 3.166297674179077, 0.3032996654510498, -1.3115234375, 3.098043203353882, 0.31305065751075745, -0.6162391304969788, 6.308420181274414, 0.22465825080871582, 0.0, 5.9732866287231445, 0.19004230201244354, 1.1881605386734009, 6.157733917236328, 0.14743049442768097, 2.550616979598999, 5.403998851776123, 0.11118560284376144, 3.6108365058898926, 4.693666934967041, 0.09352435171604156, 4.693666934967041, 3.463285207748413, 0.10039966553449631, 5.183172702789307, 2.7336199283599854, 0.12949413061141968, 6.599542140960693, 1.162872076034546, 0.1710011512041092, 5.846152305603027, 4.429100341083662e-16, 0.21093034744262695, 7.233269691467285, -1.3670291900634766, 0.2358231395483017, 6.872519493103027, -2.6374051570892334, 0.23728914558887482, 6.367259502410889, -3.729562759399414, 0.21483424305915833, 5.5816850662231445, -5.08345365524292, 0.1760270893573761, 5.08345365524292, -5.3958587646484375, 0.13394805788993835, 3.6053977012634277, -6.634934425354004, 0.10278033465147018, 2.7482798099517822, -7.028775691986084, 0.09302934259176254, 1.3981105089187622, -5.896968841552734, 0.10798175632953644, 7.221703911314454e-16, -6.449662208557129, 0.14259770512580872, -1.2829174995422363, -5.521524906158447, 0.1852094978094101, -2.287090539932251, -5.68206787109375, 0.22145439684391022, -3.7966363430023193, -4.170142650604248, 0.2391156405210495, -4.170142650604248, -3.9787890911102295, 0.23224033415317535, -5.954678535461426, -2.3329384326934814, 0.20314587652683258, -5.632211685180664, -1.2537652254104614, 0.16163884103298187, -6.303103446960449, -1.0720269209016711e-15, 0.12170965224504471, -5.835842609405518, 1.2886782884597778, 0.09681686013936996, -6.478622913360596, 2.647005558013916, 0.09535084664821625, -6.390437126159668, 3.945828437805176, 0.11780575662851334, -5.9053497314453125, 4.237920761108398, 0.15661290287971497, -4.237920761108398, 5.173301696777344, 0.1986919492483139, -3.4566895961761475, 5.88478422164917, 0.22985966503620148, -2.4375574588775635, 6.027923583984375, 0.23961065709590912, -1.1990286111831665, 8.746268272399902, 0.11346996575593948, 0.0, 8.945747375488281, 0.10125257819890976, 1.7794198989868164, 9.320147514343262, 0.086213119328022, 3.8605315685272217, 7.172721862792969, 0.07342080026865005, 4.792659282684326, 7.855071067810059, 0.06718742102384567, 7.855071067810059, 4.5284929275512695, 0.0696140006184578, 6.777369022369385, 3.4243545532226562, 0.07988263666629791, 8.267123222351074, 1.9858492612838745, 0.09453216940164566, 9.983537673950195, 5.332022110384577e-16, 0.10862483084201813, 8.707853317260742, -1.8983105421066284, 0.11741051822900772, 9.543452262878418, -3.583353281021118, 0.11792793869972229, 8.650979995727539, -4.989816665649414, 0.11000267416238785, 7.4677886962890625, -6.595388412475586, 0.09630603343248367, 6.595388412475586, -7.322261810302734, 0.08145461231470108, 4.892578601837158, -9.190815925598145, 0.07045423984527588, 3.8069605827331543, -8.88341236114502, 0.0670127123594284, 1.767020583152771, -8.13656234741211, 0.07229003310203552, 9.9644151233696e-16, -10.239372253417969, 0.08450742065906525, -2.0367376804351807, -8.016912460327148, 0.0995468869805336, -3.320713758468628, -7.590630531311035, 0.11233919858932495, -5.071897029876709, -5.735372066497803, 0.11857257783412933, -5.735372066497803, -5.506603717803955, 0.11614599823951721, -8.241214752197266, -3.083575963973999, 0.10587736964225769, -7.444410800933838, -1.88540780544281, 0.09122782945632935, -9.478585243225098, -1.9951077567098834e-15, 0.07713517546653748, -10.860860824584961, 1.586897611618042, 0.06834948062896729, -7.977872848510742, 3.317460298538208, 0.06783206760883331, -8.009057998657227, 5.84419059753418, 0.07575732469558716, -8.74644947052002, 6.168394565582275, 0.08945396542549133, -6.168394565582275, 9.094098091125488, 0.10430539399385452, -6.07648229598999, 9.093430519104004, 0.11530576646327972, -3.7666220664978027, 9.020734786987305, 0.1187472939491272, -1.7943358421325684]
            n (float, 291):  [-3.0566519853891805e-05, 1.0, 6.363979628076777e-05, 0.01908051036298275, 0.9992554187774658, 0.03353186324238777, 0.01565113291144371, 0.9985731244087219, 0.051056329160928726, 0.008586225099861622, 0.9985454082489014, 0.05322953686118126, 0.007964735850691795, 0.9986357092857361, 0.051606956869363785, 0.021075962111353874, 0.9991711378097534, 0.03482644632458687, 0.04342784360051155, 0.9989127516746521, 0.0169536042958498, 0.05243343859910965, 0.9985575079917908, 0.011559663340449333, 0.058432646095752716, 0.9981523156166077, 0.016660748049616814, 0.04375988245010376, 0.9988645911216736, 0.018834484741091728, 0.01229846104979515, 0.9997727274894714, 0.017412632703781128, -0.01873520016670227, 0.999786376953125, 0.00872268807142973, -0.041731514036655426, 0.9991158843040466, -0.0050982763059437275, -0.05091610550880432, 0.9985544085502625, -0.017225665971636772, -0.05093787983059883, 0.9984631538391113, -0.02183157205581665, -0.04337482526898384, 0.999029278755188, -0.007689875550568104, -0.032908134162425995, 0.9994561672210693, 0.002100994111970067, -0.04184680059552193, 0.9986763000488281, 0.0299089252948761, -0.03874685615301132, 0.998269259929657, 0.04423891007900238, -0.043390654027462006, 0.9983764886856079, 0.0369008406996727, -0.035916127264499664, 0.9991475343704224, 0.020353514701128006, -0.01799527183175087, 0.9998142123222351, -0.006899552885442972, 0.012179997749626637, 0.9995512962341309, -0.027365615591406822, 0.03633834794163704, 0.9985641241073608, -0.039358656853437424, 0.0447179414331913, 0.9982482194900513, -0.0387406200170517, 0.03920971229672432, 0.9986011981964111, -0.03547326847910881, 0.01869880221784115, 0.999216616153717, -0.034879643470048904, 0.001788322813808918, 0.9993356466293335, -0.03640145808458328, -0.00983520783483982, 0.9987225532531738, -0.04956386610865593, -0.016191337257623672, 0.9981987476348877, -0.05776747688651085, -0.007503807544708252, 0.9985262751579285, -0.05374933406710625, 0.008901423774659634, 0.9995508790016174, -0.028614796698093414, 0.017246361821889877, 0.9998483061790466, 0.0024347715079784393, 0.032285239547491074, 0.999309778213501, 0.01837451197206974, 0.021367618814110756, 0.9993160963058472, 0.030177585780620575, 0.01028870977461338, 0.9994974136352539, 0.02998550422489643, 0.004722190089523792, 0.9996010661125183, 0.02784762531518936, 0.0066984123550355434, 0.9998759627342224, 0.014255302026867867, 0.025652235373854637, 0.999637246131897, 0.008207687176764011, 0.031246935948729515, 0.9994619488716125, 0.009972292929887772, 0.0395219586789608, 0.9990735054016113, 0.01703248918056488, 0.022953903302550316, 0.9991649389266968, 0.03380061313509941, 0.002837319625541568, 0.9993922114372253, 0.0347420796751976, -0.023786943405866623, 0.9993719458580017, 0.026263989508152008, -0.03494543954730034, 0.999285101890564, 0.014426120556890965, -0.03863940015435219, 0.9992486834526062, 0.0030108951032161713, -0.0353507399559021, 0.9993106722831726, -0.011334295384585857, -0.01911071501672268, 0.9998155832290649, -0.0019005384529009461, -0.01718681864440441, 0.9998489022254944, -0.0026034479960799217, -0.023161886259913445, 0.9995405077934265, 0.01955047808587551, -0.02392703853547573, 0.9995075464248657, 0.020301086828112602, -0.03735623508691788, 0.9991024732589722, 0.019969873130321503, -0.03576638177037239, 0.9992896914482117, -0.011870166286826134, -0.02766016684472561, 0.999466598033905, -0.017359085381031036, -0.013580571860074997, 0.999290406703949, -0.035134244710206985, 0.01989244855940342, 0.9989925622940063, -0.04022535681724548, 0.014486497268080711, 0.9995574951171875, -0.025978218764066696, 0.026446839794516563, 0.9994130730628967, -0.021774612367153168, 0.010945718735456467, 0.9997972249984741, -0.016901034861803055, -0.0038548745214939117, 0.9997531175613403, -0.021879855543375015, -0.0017123371362686157, 0.9997653961181641, -0.02159285545349121, -0.005405108444392681, 0.9992183446884155, -0.03916000574827194, 0.0027952201198786497, 0.9992398619651794, -0.038884397596120834, 0.02245047688484192, 0.9995911121368408, -0.017707575112581253, 0.031658004969358444, 0.9994985461235046, 0.0006582391215488315, 0.039277225732803345, 0.9991568326950073, 0.011955566704273224, 0.026087310165166855, 0.9995472431182861, 0.01499143522232771, 0.013207980431616306, 0.9996866583824158, 0.02126435376703739, 0.006228138692677021, 0.9998229146003723, 0.017754079774022102, 0.004547295160591602, 0.9999542832374573, 0.008409515023231506, 0.014559132046997547, 0.9998481273651123, 0.009574482217431068, 0.026645444333553314, 0.9995641112327576, 0.012709972448647022, 0.021050581708550453, 0.999536395072937, 0.02199677750468254, 0.018271468579769135, 0.9989572167396545, 0.04184203967452049, -0.0031427755020558834, 0.9988468289375305, 0.04790717363357544, -0.027549726888537407, 0.9988833069801331, 0.03838115930557251, -0.034787844866514206, 0.9989095330238342, 0.031137675046920776, -0.03627707436680794, 0.9992576837539673, 0.012967349961400032, -0.02826043590903282, 0.9996004700660706, 0.0005424782866612077, -0.015364998020231724, 0.9998818635940552, 0.00033795819035731256, -0.01468634232878685, 0.9998868703842163, -0.003246237989515066, -0.017455298453569412, 0.9997368454933167, 0.014880304224789143, -0.0205416027456522, 0.9997332692146301, 0.010550177656114101, -0.03395502269268036, 0.9994208216667175, 0.0022333613596856594, -0.03836589306592941, 0.9991279244422913, -0.016472654417157173, -0.04569211229681969, 0.9985289573669434, -0.029192207381129265, -0.01927139423787594, 0.9990987181663513, -0.03781989961862564, 0.008667131885886192, 0.9987463355064392, -0.049300920218229294, 0.006354418117552996, 0.9997971057891846, -0.01911391317844391, 0.015238762833178043, 0.9997946619987488, -0.013360693119466305, 0.011804511770606041, 0.999840497970581, -0.013400866650044918, -0.0058187078684568405, 0.9997862577438354, -0.019837234169244766, 0.0010063366498798132, 0.9998475313186646, -0.017431285232305527, 0.002784344367682934, 0.9995939135551453, -0.028358057141304016, 0.0101920235902071, 0.9995915293693542, -0.026701126247644424, 0.025988230481743813, 0.9995840787887573, -0.01250240858644247, 0.03924528881907463, 0.9992295503616333, -0.00023040588712319732]
            ta (float, 388):  [1.0, 3.0566669011022896e-05, -4.454973723255762e-09, 1.0, 0.9998177886009216, -0.019090896472334862, -1.0504101737751625e-05, 1.0, 0.9998772740364075, -0.01566769741475582, -7.581334648421034e-05, 1.0, 0.999963104724884, -0.00859159231185913, -0.00012798413808923215, 1.0, 0.9999682903289795, -0.007962471805512905, -0.0002494601358193904, 1.0, 0.9997775554656982, -0.02108948677778244, 2.1045254470664077e-05, 1.0, 0.9990562796592712, -0.043435148894786835, 6.278670480241999e-05, 1.0, 0.9986240863800049, -0.05243794620037079, 8.726530359126627e-05, 1.0, 0.9982907176017761, -0.0584435872733593, 0.0001704761089058593, 1.0, 0.9990416765213013, -0.043769121170043945, 7.863395876483992e-05, 1.0, 0.99992436170578, -0.01230123545974493, 5.223874904913828e-05, 1.0, 0.9998244643211365, 0.018735961988568306, -5.387601049733348e-06, 1.0, 0.9991287589073181, 0.041732221841812134, 3.452185046626255e-05, 1.0, 0.9987024068832397, 0.05092523619532585, 9.194348967866972e-05, 1.0, 0.9987009167671204, 0.05095353722572327, 0.00016133963072206825, 1.0, 0.9990587830543518, 0.04337630420923233, 2.6085113859153353e-05, 1.0, 0.9994584918022156, 0.03290821611881256, -2.389491555732093e-06, 1.0, 0.999123215675354, 0.04186555743217468, -1.0304944453309872e-06, 1.0, 0.9992474317550659, 0.038789186626672745, -9.837686229730025e-05, 1.0, 0.9990566372871399, 0.043425314128398895, -0.00013793566904496402, 1.0, 0.9993544220924377, 0.03592502325773239, -7.155881030485034e-05, 1.0, 0.9998379945755005, 0.017995817586779594, 1.6828991647344083e-05, 1.0, 0.9999257326126099, -0.01218681875616312, -8.245775825344026e-05, 1.0, 0.9993381500244141, -0.036376435309648514, -0.00025165543775074184, 1.0, 0.9989978075027466, -0.044759221374988556, -0.00019851520482916385, 1.0, 0.9992295503616333, -0.03924478590488434, -0.0002928264148067683, 1.0, 0.9998248219490051, -0.01871560513973236, -0.00015529805386904627, 1.0, 0.9999983906745911, -0.0017870917217805982, 6.63647660985589e-05, 1.0, 0.9999513626098633, 0.00985779706388712, 0.0002113477821694687, 1.0, 0.9998677968978882, 0.016251856461167336, 0.0005779421189799905, 1.0, 0.9999715685844421, 0.007529739290475845, 0.0002799612993840128, 1.0, 0.9999603629112244, -0.008903906680643559, 4.0639573853695765e-05, 1.0, 0.9998512268066406, -0.017246417701244354, 2.8289048259466654e-06, 1.0, 0.9994784593582153, -0.032291993498802185, 7.104685937520117e-05, 1.0, 0.9997714757919312, -0.021379288285970688, 6.403154111467302e-05, 1.0, 0.9999469518661499, -0.010294636711478233, 4.331598029239103e-05, 1.0, 0.999988853931427, -0.0047240289859473705, 2.4041378310357686e-07, 1.0, 0.9999775290489197, -0.006699305959045887, 1.5006997273303568e-05, 1.0, 0.9996709823608398, -0.025653176009655, 9.457736268814187e-06, 1.0, 0.9995115995407104, -0.031247984617948532, -5.040016912971623e-05, 1.0, 0.9992184638977051, -0.03952731937170029, -2.1796029614051804e-05, 1.0, 0.9997348189353943, -0.023002982139587402, 0.0010636838851496577, 1.0, 0.9999959468841553, -0.0028366860933601856, -6.751633191015571e-05, 1.0, 0.9997168183326721, 0.023794453591108322, 2.657183722476475e-05, 1.0, 0.9993891716003418, 0.03494905307888985, 1.738035734888399e-06, 1.0, 0.9992532730102539, 0.03863956779241562, 4.507878657022957e-06, 1.0, 0.9993749260902405, 0.03535294532775879, -5.624071945931064e-06, 1.0, 0.9998173713684082, 0.019110744819045067, -5.934105615779117e-07, 1.0, 0.9998522996902466, 0.017186876386404037, -6.645009307248984e-07, 1.0, 0.9997316002845764, 0.023166095837950706, 1.1046458894270472e-05, 1.0, 0.9997135400772095, 0.023932473734021187, -2.471405969117768e-05, 1.0, 0.9993017315864563, 0.037364087998867035, -1.995202364923898e-05, 1.0, 0.9993600845336914, 0.03576868399977684, -1.8274429748998955e-05, 1.0, 0.9996172189712524, 0.027664190158247948, -8.324257578351535e-06, 1.0, 0.9999076128005981, 0.01358971931040287, 2.1588095478364266e-05, 1.0, 0.999801754951477, -0.019911205396056175, -6.564072100445628e-05, 1.0, 0.999894917011261, -0.014497867785394192, -0.00024934831890277565, 1.0, 0.9996500015258789, -0.026452936232089996, 7.910792191978544e-06, 1.0, 0.999940037727356, -0.010946008376777172, 7.533175812568516e-05, 1.0, 0.9999926090240479, 0.003855667542666197, -5.951575076323934e-06, 1.0, 0.9999985694885254, 0.001712068566121161, -3.092225961154327e-05, 1.0, 0.99998539686203, 0.005406192969530821, -7.820397877367213e-05, 1.0, 0.9999960660934448, -0.002799784764647484, -6.29445567028597e-05, 1.0, 0.9997478723526001, -0.022454190999269485, -1.1029210327251349e-05, 1.0, 0.999498724937439, -0.03165800869464874, 1.1616530315450291e-07, 1.0, 0.999228298664093, -0.039279866963624954, -1.3950049833511002e-05, 1.0, 0.9996595978736877, -0.026089580729603767, -4.410141991684213e-05, 1.0, 0.999912679195404, -0.013210833072662354, -6.308058345894096e-06, 1.0, 0.9999805688858032, -0.006229201797395945, 4.5272013267094735e-06, 1.0, 0.9999896883964539, -0.00454735429957509, -1.2112123840779532e-05, 1.0, 0.9998940229415894, -0.014559808187186718, 6.806295118622074e-07, 1.0, 0.9996448755264282, -0.026647601276636124, 3.779190080877015e-07, 1.0, 0.9997783303260803, -0.021050866693258286, -0.00021848261530976743, 1.0, 0.999832808971405, -0.01828562095761299, -4.4418971810955554e-05, 1.0, 0.9999949932098389, 0.003140615066513419, 0.00012035878899041563, 1.0, 0.9996199607849121, 0.027569318190217018, 1.8869914129027165e-05, 1.0, 0.9993941783905029, 0.03480394557118416, 2.50864486588398e-05, 1.0, 0.9993416666984558, 0.036279600113630295, 4.0302154957316816e-05, 1.0, 0.9996005892753601, 0.02826043777167797, 3.9507966675955686e-07, 1.0, 0.9998819828033447, 0.015364998020231724, 9.384671670886746e-07, 1.0, 0.9998921155929565, 0.014686415903270245, -8.847520689414523e-07, 1.0, 0.9998475909233093, 0.017457252368330956, -1.393442289554514e-06, 1.0, 0.9997889995574951, 0.02054229937493801, 4.237726898281835e-05, 1.0, 0.9994233250617981, 0.03395510092377663, 2.4623077479191124e-06, 1.0, 0.9992635250091553, 0.0383714884519577, 2.3564640287077054e-05, 1.0, 0.9989546537399292, 0.04571150243282318, -2.9495263333956245e-06, 1.0, 0.999813973903656, 0.01928602159023285, 2.1930480215814896e-05, 1.0, 0.999962329864502, -0.008676549419760704, 2.2981854272074997e-05, 1.0, 0.9999797344207764, -0.006353257689625025, 0.00012138424790464342, 1.0, 0.9998838901519775, -0.015238864347338676, 9.415724343853071e-05, 1.0, 0.9999302625656128, -0.011805573478341103, -1.7268328633690544e-07, 1.0, 0.9999830722808838, 0.005819985643029213, 6.641846539423568e-06, 1.0, 0.999999463558197, -0.0010066264076158404, -7.885039849497844e-06, 1.0, 0.9999961256980896, -0.0027857546228915453, -1.0225178812106606e-05, 1.0, 0.9999479651451111, -0.010196472518146038, -3.0464800147456117e-05, 1.0, 0.9996621012687683, -0.025990253314375877, 4.5817677118975553e-07, 1.0, 0.9992295503616333, -0.03924528881907463, 1.3783677843548503e-07, 1.0]
            u0 (float, 194):  [0.5, 0.5, 0.6519808173179626, 0.5, 0.6497979164123535, 0.47020334005355835, 0.6515517234802246, 0.43722522258758545, 0.6320746541023254, 0.4117504954338074, 0.6091260313987732, 0.3908739686012268, 0.5862671732902527, 0.3708920478820801, 0.5608056783676147, 0.35320210456848145, 0.5302670001983643, 0.3478374481201172, 0.5, 0.33820921182632446, 0.47042983770370483, 0.35134071111679077, 0.44039008021354675, 0.35608887672424316, 0.4143061935901642, 0.3717501759529114, 0.3850436508655548, 0.3850436210632324, 0.3636484444141388, 0.40889281034469604, 0.35367351770401, 0.43938958644866943, 0.3382030725479126, 0.4678165912628174, 0.34934768080711365, 0.5, 0.34192755818367004, 0.5314425528049469, 0.35790950059890747, 0.558855801820755, 0.3730323016643524, 0.5848371088504791, 0.3874850869178772, 0.6125149130821228, 0.41618719696998596, 0.6254346966743469, 0.4426218271255493, 0.6385231614112854, 0.4698992073535919, 0.651326984167099, 0.5, 0.6598008275032043, 0.5313732028007507, 0.6577236652374268, 0.562597393989563, 0.651123434305191, 0.5861603021621704, 0.6289479732513428, 0.613700270652771, 0.613700270652771, 0.6383686661720276, 0.5924549996852875, 0.6534059047698975, 0.5635428130626678, 0.650098979473114, 0.5298565328121185, 0.8056405186653137, 0.5, 0.7894034385681152, 0.44243407249450684, 0.79833984375, 0.37642359733581543, 0.7618216276168823, 0.32505637407302856, 0.7274063229560852, 0.2725936770439148, 0.6677948236465454, 0.24887728691101074, 0.632442831993103, 0.1802547574043274, 0.5563406944274902, 0.2167561650276184, 0.5, 0.14955085515975952, 0.43376797437667847, 0.16702908277511597, 0.3722187280654907, 0.19150876998901367, 0.31930413842201233, 0.22956949472427368, 0.2537086308002472, 0.2537086606025696, 0.23857273161411285, 0.32531988620758057, 0.17853999137878418, 0.3668469190597534, 0.15945853292942047, 0.4322620630264282, 0.21429415047168732, 0.5, 0.18751637637615204, 0.5621568560600281, 0.23248425126075745, 0.6108086407184601, 0.2247060239315033, 0.6839455664157867, 0.2979581952095032, 0.7020418047904968, 0.307229220867157, 0.7885018736124039, 0.38697004318237305, 0.7728784829378128, 0.43925556540489197, 0.8053829222917557, 0.5, 0.7827443182468414, 0.5624359846115112, 0.8138867765665054, 0.6282464265823364, 0.8096141964197159, 0.6911738514900208, 0.786111906170845, 0.7053256034851074, 0.7053256034851074, 0.7506444454193115, 0.6674752831459045, 0.7851155400276184, 0.6180987060070038, 0.7920505404472351, 0.558092474937439, 0.9237533211708069, 0.5, 0.9334180355072021, 0.4137877821922302, 0.9515575170516968, 0.3129587173461914, 0.8475155830383301, 0.2677975296974182, 0.8805751204490662, 0.11942487955093384, 0.7194037437438965, 0.171639084815979, 0.6659086346626282, 0.09946107864379883, 0.5962136387825012, 0.016301453113555908, 0.5, 0.07810789346694946, 0.4080275893211365, 0.037623465061187744, 0.3263879120349884, 0.080863356590271, 0.2582453191280365, 0.13818854093551636, 0.1804559826850891, 0.1804559826850891, 0.14523926377296448, 0.262956440448761, 0.054708536714315414, 0.31555426120758057, 0.0696021243929863, 0.4143885374069214, 0.10578671842813492, 0.5, 0.003906391095370054, 0.5986791551113129, 0.11158371716737747, 0.6608873009681702, 0.13223689794540405, 0.7457314431667328, 0.22212344408035278, 0.7778765559196472, 0.23320718109607697, 0.8992836773395538, 0.3506019413471222, 0.8606788218021393, 0.40865272283554077, 0.9592337869107723, 0.5, 1.0262045059353113, 0.5768845677375793, 0.8865248411893845, 0.6607296466827393, 0.888035736978054, 0.7831487655639648, 0.9237620830535889, 0.7988563179969788, 0.79885633289814, 0.9406055212020874, 0.7944032102823257, 0.9405731558799744, 0.6824913918972015, 0.9370511174201965, 0.5869348645210266]
            tri (int, 480):  [0, 2, 1, 0, 3, 2, 0, 4, 3, 0, 5, 4, 0, 6, 5, 0, 7, 6, 0, 8, 7, 0, 9, 8, 0, 10, 9, 0, 11, 10, 0, 12, 11, 0, 13, 12, 0, 14, 13, 0, 15, 14, 0, 16, 15, 0, 17, 16, 0, 18, 17, 0, 19, 18, 0, 20, 19, 0, 21, 20, 0, 22, 21, 0, 23, 22, 0, 24, 23, 0, 25, 24, 0, 26, 25, 0, 27, 26, 0, 28, 27, 0, 29, 28, 0, 30, 29, 0, 31, 30, 0, 32, 31, 0, 1, 32, 1, 34, 33, 1, 2, 34, 2, 35, 34, 2, 3, 35, 3, 36, 35, 3, 4, 36, 4, 37, 36, 4, 5, 37, 5, 38, 37, 5, 6, 38, 6, 39, 38, 6, 7, 39, 7, 40, 39, 7, 8, 40, 8, 41, 40, 8, 9, 41, 9, 42, 41, 9, 10, 42, 10, 43, 42, 10, 11, 43, 11, 44, 43, 11, 12, 44, 12, 45, 44, 12, 13, 45, 13, 46, 45, 13, 14, 46, 14, 47, 46, 14, 15, 47, 15, 48, 47, 15, 16, 48, 16, 49, 48, 16, 17, 49, 17, 50, 49, 17, 18, 50, 18, 51, 50, 18, 19, 51, 19, 52, 51, 19, 20, 52, 20, 53, 52, 20, 21, 53, 21, 54, 53, 21, 22, 54, 22, 55, 54, 22, 23, 55, 23, 56, 55, 23, 24, 56, 24, 57, 56, 24, 25, 57, 25, 58, 57, 25, 26, 58, 26, 59, 58, 26, 27, 59, 27, 60, 59, 27, 28, 60, 28, 61, 60, 28, 29, 61, 29, 62, 61, 29, 30, 62, 30, 63, 62, 30, 31, 63, 31, 64, 63, 31, 32, 64, 32, 33, 64, 33, 32, 1, 33, 66, 65, 33, 34, 66, 34, 67, 66, 34, 35, 67, 35, 68, 67, 35, 36, 68, 36, 69, 68, 36, 37, 69, 37, 70, 69, 37, 38, 70, 38, 71, 70, 38, 39, 71, 39, 72, 71, 39, 40, 72, 40, 73, 72, 40, 41, 73, 41, 74, 73, 41, 42, 74, 42, 75, 74, 42, 43, 75, 43, 76, 75, 43, 44, 76, 44, 77, 76, 44, 45, 77, 45, 78, 77, 45, 46, 78, 46, 79, 78, 46, 47, 79, 47, 80, 79, 47, 48, 80, 48, 81, 80, 48, 49, 81, 49, 82, 81, 49, 50, 82, 50, 83, 82, 50, 51, 83, 51, 84, 83, 51, 52, 84, 52, 85, 84, 52, 53, 85, 53, 86, 85, 53, 54, 86, 54, 87, 86, 54, 55, 87, 55, 88, 87, 55, 56, 88, 56, 89, 88, 56, 57, 89, 57, 90, 89, 57, 58, 90, 58, 91, 90, 58, 59, 91, 59, 92, 91, 59, 60, 92, 60, 93, 92, 60, 61, 93, 61, 94, 93, 61, 62, 94, 62, 95, 94, 62, 63, 95, 63, 96, 95, 63, 64, 96, 64, 65, 96, 65, 64, 33]
            boundingsphere (float, 4):  [-0.4596123695373535, 0.2063063681125641, -0.4386615753173828, 11.74475752664483]
            aabb:
                min (float, 3):  [-10.239372253417969, 0.0670127123594284, -10.860860824584961]
                max (float, 3):  [9.320147514343262, 0.3456000089645386, 9.983537673950195]
            material:
                shader (str, 1):  ['PdxMeshAdvanced']
                diff (str, 1):  ['air_winter_equatorial_rainforest_phase_2_diff.dds']
                spec (str, 1):  ['air_winter_equatorial_rainforest_spec.dds']
                n (str, 1):  ['air_winter_equatorial_rainforest_n.dds']
locator:
