pdxasset (int, 2):  [1, 0]
object:
    air_winter_boreal_continental_phase_1:
        mesh:
            p (float, 291):  [0.0, 0.31679999828338623, 0.0, 3.1327221393585205, 0.23116935789585114, 0.0, 3.3236289024353027, 0.2661117613315582, 0.6611108779907227, 3.103039503097534, 0.28543752431869507, 1.2853209972381592, 2.6407973766326904, 0.2826327383518219, 1.7645243406295776, 2.306837558746338, 0.2586427330970764, 2.306837558746338, 1.8033061027526855, 0.22155363857746124, 2.698838233947754, 1.2699073553085327, 0.1838667243719101, 3.0658276081085205, 0.6569985151290894, 0.1582847684621811, 3.3029544353485107, 1.9093341564462588e-16, 0.15343043208122253, 3.1181793212890625, -0.6037378311157227, 0.17093993723392487, 3.0351948738098145, -1.2952123880386353, 0.2049115151166916, 3.1269192695617676, -1.7999701499938965, 0.24389466643333435, 2.693845748901367, -2.374584197998047, 0.2747497260570526, 2.374584197998047, -2.5652801990509033, 0.2870766222476959, 1.7140653133392334, -2.997427225112915, 0.27672049403190613, 1.241575002670288, -3.279296398162842, 0.24717193841934204, 0.6522926092147827, -3.1666147708892822, 0.20839063823223114, 3.877984706699756e-16, -3.358081340789795, 0.17344824969768524, -0.6679639220237732, -3.14870023727417, 0.1541224718093872, -1.304234266281128, -2.5737833976745605, 0.15692727267742157, -1.7197470664978027, -2.187516927719116, 0.18091726303100586, -2.187516927719116, -1.8216419219970703, 0.21800635755062103, -2.7262797355651855, -1.3094172477722168, 0.2556932866573334, -3.161212921142578, -0.6284537315368652, 0.2812752425670624, -3.1594502925872803, -5.808955128643544e-16, 0.28612956404685974, -3.162247896194458, 0.6313194632530212, 0.2686200737953186, -3.1738572120666504, 1.1843695640563965, 0.23464848101139069, -2.859321117401123, 1.7578665018081665, 0.19566532969474792, -2.630833148956299, 2.2922275066375732, 0.16481028497219086, -2.2922275066375732, 2.7126667499542236, 0.15248337388038635, -1.812545895576477, 2.927004337310791, 0.16283951699733734, -1.2124048471450806, 3.1065101623535156, 0.19238805770874023, -0.6179233193397522, 6.124124526977539, 0.1638493537902832, 0.0, 6.345664978027344, 0.1987917423248291, 1.2622312307357788, 5.752159595489502, 0.21811752021312714, 2.382622480392456, 4.856433391571045, 0.21531271934509277, 3.244965076446533, 4.958809852600098, 0.19132274389266968, 4.958809852600098, 3.671806812286377, 0.1542336493730545, 5.495246887207031, 2.576361656188965, 0.11654672771692276, 6.2198872566223145, 1.1855465173721313, 0.09096476435661316, 5.960144996643066, 4.4303870370701007e-16, 0.0861104354262352, 7.235371112823486, -1.3743997812271118, 0.10361994057893753, 6.909574031829834, -2.2898006439208984, 0.13759151101112366, 5.528067588806152, -3.493272066116333, 0.1765746772289276, 5.22805118560791, -4.840914726257324, 0.20742972195148468, 4.840914726257324, -5.680022716522217, 0.21975663304328918, 3.795269727706909, -6.610171794891357, 0.2094004899263382, 2.738022804260254, -6.292849063873291, 0.1798519343137741, 1.251725435256958, -7.001984119415283, 0.1410706490278244, 8.574957629165815e-16, -6.642452716827393, 0.1061282530426979, -1.3212659358978271, -5.7701873779296875, 0.08680247515439987, -2.390089750289917, -5.532415866851807, 0.08960727602243423, -3.6966419219970703, -5.0044074058532715, 0.11359725892543793, -5.0044074058532715, -3.902989149093628, 0.1506863534450531, -5.841236114501953, -2.50106143951416, 0.18837326765060425, -6.0380964279174805, -1.298486351966858, 0.21395523846149445, -6.5279316902160645, -1.076373576349625e-15, 0.2188095599412918, -5.859504699707031, 1.2014702558517456, 0.20130005478858948, -6.040198802947998, 2.661609172821045, 0.16732849180698395, -6.425693035125732, 3.55839467048645, 0.12834532558918, -5.32551383972168, 4.283926010131836, 0.09749028086662292, -4.283926010131836, 5.486105442047119, 0.08516336977481842, -3.665698528289795, 6.300487995147705, 0.09551951289176941, -2.6097476482391357, 6.648340702056885, 0.1250680536031723, -1.3224371671676636, 9.203059196472168, 0.0891597718000412, 0.0, 9.225884437561035, 0.10149238258600235, 1.8351426124572754, 8.893906593322754, 0.10831324756145477, 3.683976650238037, 8.71555233001709, 0.1073233112692833, 5.823546409606934, 6.835129737854004, 0.09885626286268234, 6.835129737854004, 5.145598411560059, 0.08576599508523941, 7.700932025909424, 3.6612660884857178, 0.0724647268652916, 8.839077949523926, 1.5821226835250854, 0.06343580037355423, 7.9538679122924805, 4.992742533966275e-16, 0.06172250583767891, 8.153767585754395, -1.9985666275024414, 0.0679023340344429, 10.047472953796387, -4.259549140930176, 0.07989230006933212, 10.283461570739746, -5.497481822967529, 0.09365106374025345, 8.22756290435791, -6.5498762130737305, 0.10454107820987701, 6.5498762130737305, -7.113776683807373, 0.10889175534248352, 4.7532734870910645, -8.875795364379883, 0.10523664206266403, 3.6764748096466064, -10.913412094116211, 0.09480774402618408, 2.1708126068115234, -10.457016944885254, 0.08112023025751114, 1.2806152427892654e-15, -9.53863525390625, 0.06878761947154999, -1.8973524570465088, -9.923757553100586, 0.061966754496097565, -4.110555171966553, -7.276634693145752, 0.06295668333768845, -4.862091541290283, -6.819075107574463, 0.07142373919487, -6.819075107574463, -6.129837989807129, 0.08451400697231293, -9.173951148986816, -3.7680747509002686, 0.09781527519226074, -9.09693717956543, -1.8476085662841797, 0.10684420168399811, -9.288556098937988, -1.6292230871765606e-15, 0.10855749249458313, -8.869077682495117, 1.9025310277938843, 0.10237766802310944, -9.564669609069824, 4.227941989898682, 0.09038770198822021, -10.207154273986816, 4.463499546051025, 0.07662893831729889, -6.680099010467529, 7.42364501953125, 0.06573892384767532, -7.42364501953125, 8.826298713684082, 0.06138824671506882, -5.8975443840026855, 9.999533653259277, 0.0650433599948883, -4.141942501068115, 10.162813186645508, 0.07547225803136826, -2.0215094089508057]
            n (float, 291):  [0.00022500216437038034, 0.9999999403953552, -0.00019302677537780255, 0.02442798763513565, 0.9983920454978943, -0.05115232989192009, 0.025218894705176353, 0.9991594552993774, -0.0323173888027668, 0.01789143867790699, 0.9998399019241333, 0.00032895454205572605, 0.0043440028093755245, 0.9997346997261047, 0.022617435082793236, -0.01234301645308733, 0.99919593334198, 0.03814707696437836, -0.026127157732844353, 0.998558759689331, 0.046879980713129044, -0.025206970050930977, 0.9987620115280151, 0.04288490489125252, -0.013814208097755909, 0.999264657497406, 0.03576674312353134, 0.0035521534737199545, 0.9993366003036499, 0.03624643012881279, 0.03005831129848957, 0.9987243413925171, 0.040573250502347946, 0.0313858762383461, 0.9986419081687927, 0.04158341884613037, 0.026995696127414703, 0.9986240863800049, 0.04495792090892792, 0.008186069317162037, 0.9994838833808899, 0.03106198087334633, -0.010075941681861877, 0.9999160766601562, 0.008153834380209446, -0.023282844573259354, 0.9995860457420349, -0.016902219504117966, -0.028033224865794182, 0.9988486766815186, -0.038929130882024765, -0.027760716155171394, 0.9985767602920532, -0.04553947225213051, -0.02260548062622547, 0.9990489482879639, -0.037284914404153824, -0.024292612448334694, 0.9993416666984558, -0.02694668062031269, -0.037607140839099884, 0.9992313981056213, -0.011054987087845802, -0.05372343584895134, 0.99850994348526, 0.009574435651302338, -0.05427897721529007, 0.9984909296035767, 0.008346161805093288, -0.041721850633621216, 0.9991241693496704, -0.0032069464214146137, -0.018145646899938583, 0.9997605681419373, -0.012229339219629765, 0.009853069670498371, 0.9998224377632141, -0.01606249436736107, 0.033254098147153854, 0.9993735551834106, -0.012109271250665188, 0.05395839363336563, 0.9985408782958984, -0.0021621924825012684, 0.054617129266262054, 0.9985066652297974, 0.0011872188188135624, 0.042485326528549194, 0.9990796446800232, -0.005904346704483032, 0.028613505885004997, 0.9994168877601624, -0.018633168190717697, 0.02206556312739849, 0.9991264343261719, -0.03549005091190338, 0.01983715035021305, 0.9987061619758606, -0.04682444781064987, 0.02278592251241207, 0.9993454217910767, -0.028098436072468758, 0.029963279142975807, 0.9994392395019531, -0.014946026727557182, 0.026070786640048027, 0.999647855758667, 0.004962194710969925, 0.015804873779416084, 0.9996869564056396, 0.01939595490694046, 0.004205614794045687, 0.999505877494812, 0.031151041388511658, -0.011580195277929306, 0.9993267059326172, 0.03481350839138031, -0.01547918375581503, 0.9995259642601013, 0.026611410081386566, -0.008062705397605896, 0.9997025728225708, 0.023017747327685356, 0.010538806207478046, 0.999790608882904, 0.01754123531281948, 0.013190824538469315, 0.999754786491394, 0.017785383388400078, 0.01659306511282921, 0.999480128288269, 0.027642711997032166, 0.009304862469434738, 0.9994174838066101, 0.03283509239554405, -0.014167580753564835, 0.9994680881500244, 0.02937374636530876, -0.027204057201743126, 0.9993883371353149, 0.02197316288948059, -0.028775127604603767, 0.9995446801185608, 0.009084711782634258, -0.024941204115748405, 0.9994555115699768, -0.021602550521492958, -0.017454572021961212, 0.9995670914649963, -0.023682596161961555, -0.011571167968213558, 0.9996779561042786, -0.022584082558751106, -0.012310310266911983, 0.9998229146003723, -0.014234764501452446, -0.019457293674349785, 0.9998105764389038, 0.0005476953811012208, -0.029546083882451057, 0.999548077583313, 0.005542801693081856, -0.028412437066435814, 0.999592125415802, -0.0028721815906465054, -0.026366883888840675, 0.9995537400245667, -0.014039011672139168, -0.00710423244163394, 0.9995886087417603, -0.0277852863073349, 0.007116937078535557, 0.9995964169502258, -0.027502527460455894, 0.014667235314846039, 0.9996623396873474, -0.021449461579322815, 0.03195517137646675, 0.9994495511054993, -0.008912257850170135, 0.0366026796400547, 0.9993298649787903, -0.00023254594998434186, 0.02233646996319294, 0.9997459650039673, -0.0030259343329817057, 0.00993104837834835, 0.9999114274978638, -0.008859887719154358, 0.007490620482712984, 0.9998179078102112, -0.017550785094499588, 0.012861686758697033, 0.9997223615646362, -0.019741175696253777, 0.02353762835264206, 0.9996500611305237, -0.012076927348971367, 0.032313186675310135, 0.999451756477356, -0.007214010693132877, 0.028913356363773346, 0.999559223651886, 0.006738096475601196, 0.02117481268942356, 0.9996356964111328, 0.0167367085814476, 0.010670800693333149, 0.9995158910751343, 0.029223447665572166, -0.00041263308958150446, 0.9995031356811523, 0.03151656687259674, -0.007606948725879192, 0.9997032880783081, 0.023137923330068588, -0.007263226434588432, 0.9997873902320862, 0.01929767243564129, 0.011788022704422474, 0.9997852444648743, 0.017042875289916992, 0.010570989921689034, 0.9998255372047424, 0.015397069975733757, 0.006154003087431192, 0.9998362064361572, 0.017020218074321747, -0.0018387110903859138, 0.9997114539146423, 0.023949306458234787, -0.02289407327771187, 0.9992818236351013, 0.030195152387022972, -0.040690600872039795, 0.9985806345939636, 0.03436499834060669, -0.0301061999052763, 0.9994493722915649, 0.01394470315426588, -0.022598309442400932, 0.9997184872627258, -0.007225289009511471, -0.017197677865624428, 0.9997198581695557, -0.016264289617538452, -0.009601989760994911, 0.9998520016670227, -0.014275109395384789, -0.005847521126270294, 0.9999526739120483, -0.0077753192745149136, -0.013222687877714634, 0.9999108910560608, -0.0018328180303797126, -0.025584684684872627, 0.9996716976165771, 0.0013438122114166617, -0.020420797169208527, 0.999754786491394, -0.00856598000973463, -0.01533872913569212, 0.9996533989906311, -0.02139626443386078, -0.005622128490358591, 0.9994491934776306, -0.03270363062620163, 0.004708054941147566, 0.9993649125099182, -0.035321835428476334, 0.0035869607236236334, 0.9996682405471802, -0.025507444515824318, 0.020920919254422188, 0.999668300151825, -0.015019051730632782, 0.03136800602078438, 0.9994986653327942, -0.004293075762689114, 0.008648821152746677, 0.9999580383300781, -0.0030058249831199646, 0.005471678450703621, 0.9999744892120361, -0.0046022129245102406, 0.005320120137184858, 0.9999351501464844, -0.01006659772247076, 0.011008625850081444, 0.9998791217803955, -0.010984151624143124]
            ta (float, 388):  [1.0, -0.00022500166960526258, -4.8201652447232846e-08, 1.0, 0.9997007250785828, -0.024461669847369194, -3.243825995014049e-05, 1.0, 0.9996815919876099, -0.02523234114050865, -8.078261998889502e-06, 1.0, 0.9998399019241333, -0.01789144054055214, 4.086425349214551e-07, 1.0, 0.9999905824661255, -0.004344024229794741, -4.820210233447142e-05, 1.0, 0.999923586845398, 0.012358569540083408, -0.00017195027612615377, 1.0, 0.9996574521064758, 0.026172859594225883, -0.0003611282736528665, 1.0, 0.9996814727783203, 0.025236262008547783, -0.00014174345415085554, 1.0, 0.9999042749404907, 0.013833362609148026, -0.0002880987012758851, 1.0, 0.9999936819076538, -0.0035540529061108828, -1.2032439371978398e-05, 1.0, 0.9995470643043518, -0.03009478747844696, 0.00028841421590186656, 1.0, 0.9995055198669434, -0.03143952041864395, 0.0006364173605106771, 1.0, 0.9996345639228821, -0.02703164331614971, 0.00019167411664966494, 1.0, 0.9999664425849915, -0.008192352019250393, 7.4969713750761e-05, 1.0, 0.9999492168426514, 0.010076326318085194, -6.312242931016954e-06, 1.0, 0.999728798866272, 0.023286432027816772, 1.5445713870576583e-05, 1.0, 0.999606192111969, 0.028060462325811386, 0.00015338505909312516, 1.0, 0.9996136426925659, 0.027794064953923225, 9.910691733239219e-05, 1.0, 0.9997441172599792, 0.02262137271463871, 4.2766287151607685e-06, 1.0, 0.9997047185897827, 0.02430044300854206, -3.685504634631798e-05, 1.0, 0.9992925524711609, 0.037609562277793884, 1.083094048226485e-05, 1.0, 0.9985557198524475, 0.053726278245449066, -3.94300623156596e-05, 1.0, 0.9985256791114807, 0.05428139120340347, -6.349036993924528e-05, 1.0, 0.9991292357444763, 0.04172216355800629, 3.306474172859453e-05, 1.0, 0.9998353123664856, 0.018147528171539307, 4.2996682168450207e-05, 1.0, 0.9999514222145081, -0.0098543306812644, 6.57579846574663e-07, 1.0, 0.9994468092918396, -0.033258307725191116, -0.00014606212789658457, 1.0, 0.9985431432723999, -0.05395854264497757, -1.505217733210884e-05, 1.0, 0.9985073208808899, -0.054617173969745636, 5.064575816504657e-06, 1.0, 0.9990970492362976, -0.04248621687293053, -2.5977655241149478e-05, 1.0, 0.9995904564857483, -0.028618987649679184, -2.7533322281669825e-05, 1.0, 0.9997560977935791, -0.0220791045576334, 1.031040937959915e-05, 1.0, 0.9998027086257935, -0.019860949367284775, -4.301449371268973e-05, 1.0, 0.9997401833534241, -0.022794652730226517, 9.660174328018911e-06, 1.0, 0.9995508790016174, -0.029966387897729874, 1.59366536536254e-05, 1.0, 0.9996601343154907, -0.026071084663271904, -4.4463617996370886e-06, 1.0, 0.9998750686645508, -0.015808191150426865, 1.7670728993834928e-05, 1.0, 0.9999911785125732, -0.0042082779109478, 1.9923481886507943e-05, 1.0, 0.9999328851699829, 0.011590199545025826, -8.554964733775705e-05, 1.0, 0.9998801350593567, 0.015484333038330078, 1.2551334293675609e-05, 1.0, 0.9999675154685974, 0.00806412287056446, 3.12063202727586e-05, 1.0, 0.9999445080757141, -0.01053949911147356, -5.301745841279626e-05, 1.0, 0.9999129772186279, -0.013192213140428066, -3.920233575627208e-05, 1.0, 0.9998622536659241, -0.016598740592598915, -2.4112005121423863e-05, 1.0, 0.9999566078186035, -0.009314966388046741, 0.0001547877909615636, 1.0, 0.9998996257781982, 0.014170520938932896, 0.0001080775837181136, 1.0, 0.9996297359466553, 0.027212295681238174, -7.593821646878496e-05, 1.0, 0.9995858669281006, 0.02877729944884777, -0.00010828892118297517, 1.0, 0.9996887445449829, 0.02494746819138527, 2.062063867924735e-05, 1.0, 0.9998475909233093, 0.017458058893680573, -5.94291377638001e-05, 1.0, 0.9999330043792725, 0.011573637835681438, -2.1335743440431543e-05, 1.0, 0.9999241232872009, 0.012311819940805435, 1.8302109310752712e-05, 1.0, 0.9998107552528381, 0.019457299262285233, -1.4928365317246062e-06, 1.0, 0.999563455581665, 0.029546508565545082, 5.3504063544096425e-06, 1.0, 0.9995962381362915, 0.02841254696249962, -3.6304459172242787e-06, 1.0, 0.9996522665023804, 0.02636980265378952, 2.2617194190388545e-05, 1.0, 0.9999747276306152, 0.007109271362423897, 8.259371679741889e-05, 1.0, 0.9999746680259705, -0.0071219694800674915, -8.503176650265232e-05, 1.0, 0.9998924136161804, -0.014670484699308872, 5.770137249783147e-06, 1.0, 0.9994893074035645, -0.03195638209581375, 6.973476047278382e-06, 1.0, 0.9993298649787903, -0.0366026796400547, -2.5149088287435006e-06, 1.0, 0.9997504949569702, -0.02233659103512764, -6.429073437175248e-06, 1.0, 0.9999507069587708, -0.009931359440088272, 8.756019269640092e-06, 1.0, 0.9999719262123108, -0.007491748780012131, 1.4969460835345672e-06, 1.0, 0.9999171495437622, -0.012864654883742332, -2.3372633222606964e-05, 1.0, 0.999722957611084, -0.023539332672953606, 9.068641020348878e-07, 1.0, 0.9994778037071228, -0.03231412544846535, -1.3505585229722783e-05, 1.0, 0.9995819330215454, -0.02891402319073677, 1.159607563749887e-06, 1.0, 0.999775767326355, -0.021177751943469048, -1.706910097709624e-06, 1.0, 0.9999430179595947, -0.01067753229290247, 7.426042429869995e-05, 1.0, 0.9999998807907104, 0.0004105948901269585, 7.11354732629843e-05, 1.0, 0.9999710917472839, 0.007606689352542162, 9.922160825226456e-05, 1.0, 0.9999735951423645, 0.00726453447714448, 2.3055504243529867e-06, 1.0, 0.9999305009841919, -0.01178894005715847, -4.657702811527997e-05, 1.0, 0.9999441504478455, -0.01057192962616682, -2.0408719137776643e-05, 1.0, 0.999981164932251, -0.006153646390885115, -7.334296242333949e-05, 1.0, 0.9999982714653015, 0.0018421506974846125, -0.00012153537682024762, 1.0, 0.9997376203536987, 0.022905562072992325, -3.475679113762453e-05, 1.0, 0.9991708397865295, 0.040714580565690994, 1.8804141745931702e-06, 1.0, 0.9995466470718384, 0.030108073726296425, 7.580272358609363e-05, 1.0, 0.9997445940971375, 0.02259868010878563, -3.004415520990733e-05, 1.0, 0.9998521208763123, 0.017200421541929245, 2.8737591492244974e-05, 1.0, 0.9999538660049438, 0.009603064507246017, 6.8364474827831145e-06, 1.0, 0.9999828934669495, 0.00584759283810854, -1.3467065400618594e-05, 1.0, 0.9999125599861145, 0.013222710229456425, -7.23894004295289e-07, 1.0, 0.9996725916862488, 0.025584708899259567, -5.519306611745378e-08, 1.0, 0.9997914433479309, 0.020421171560883522, -4.3552798160817474e-05, 1.0, 0.9998824000358582, 0.015339426696300507, -0.000131584849441424, 1.0, 0.9999842047691345, 0.005624197889119387, -2.87324237433495e-05, 1.0, 0.9999889731407166, -0.004708617925643921, 6.725513958372176e-05, 1.0, 0.999993622303009, -0.003585506696254015, 0.00010275730164721608, 1.0, 0.9997811317443848, -0.020922299474477768, 6.540842878166586e-05, 1.0, 0.9995078444480896, -0.03136828914284706, 3.9784200112080725e-07, 1.0, 0.9999626278877258, -0.008648829534649849, 1.0364017725805752e-05, 1.0, 0.9999850392341614, -0.00547172874212265, 1.6519768450962147e-06, 1.0, 0.9999858736991882, -0.005320449359714985, -5.8826449276239146e-06, 1.0, 0.9999393224716187, -0.011009080335497856, 1.8863243894884363e-05, 1.0]
            u0 (float, 194):  [0.5, 0.5, 0.6517791748046875, 0.5, 0.6610285043716431, 0.4679694175720215, 0.6503410339355469, 0.4377266764640808, 0.627945601940155, 0.41450947523117065, 0.6117653846740723, 0.38823461532592773, 0.5873695015907288, 0.3692423105239868, 0.5615265369415283, 0.35146182775497437, 0.5318313241004944, 0.3399731516838074, 0.5, 0.3489254117012024, 0.4707491397857666, 0.3529459834098816, 0.43724745512008667, 0.348501980304718, 0.4127921462059021, 0.3694842457771301, 0.3849523067474365, 0.3849523067474365, 0.37571316957473755, 0.4169542193412781, 0.3547758162021637, 0.4398461580276489, 0.34111934900283813, 0.4683966636657715, 0.3465787470340729, 0.5, 0.3373022675514221, 0.5323625802993774, 0.3474467098712921, 0.5631896555423737, 0.37530118227005005, 0.5833210945129395, 0.3940156400203705, 0.6059843599796295, 0.4117421507835388, 0.6320872008800507, 0.4365592300891876, 0.6531595289707184, 0.4695516526699066, 0.6530741453170776, 0.5, 0.6532096862792969, 0.5305871963500977, 0.6537721455097198, 0.5573822259902954, 0.6385329961776733, 0.5851679444313049, 0.6274628341197968, 0.6110575199127197, 0.6110575199127197, 0.6314276456832886, 0.5878171324729919, 0.6418122053146362, 0.5587405562400818, 0.650509238243103, 0.529938131570816, 0.7967114448547363, 0.5, 0.8074449896812439, 0.4388453960418701, 0.7786899209022522, 0.3845628499984741, 0.7352923154830933, 0.3427826762199402, 0.7402524352073669, 0.25974756479263306, 0.6778976321220398, 0.23375743627548218, 0.6248237490653992, 0.1986488699913025, 0.5574392676353455, 0.2112332582473755, 0.5, 0.14944905042648315, 0.4334108531475067, 0.1652337908744812, 0.38906005024909973, 0.23216724395751953, 0.33075231313705444, 0.24670296907424927, 0.2654595673084259, 0.2654595375061035, 0.2248051017522812, 0.31612062454223633, 0.17973972856998444, 0.36734384298324585, 0.1951139122247696, 0.4393543601036072, 0.16075658798217773, 0.5, 0.17817574739456177, 0.5640148222446442, 0.22043666243553162, 0.6157989203929901, 0.2319566011428833, 0.6791008710861206, 0.25753840804100037, 0.7424615919589996, 0.3109017014503479, 0.7830056250095367, 0.37882453203201294, 0.792543426156044, 0.43708884716033936, 0.8162757605314255, 0.5, 0.7838907241821289, 0.5582107901573181, 0.7926452904939651, 0.6289539337158203, 0.811322346329689, 0.6724028587341309, 0.7580190896987915, 0.7075545787811279, 0.7075545489788055, 0.7657997012138367, 0.6776016652584076, 0.805256187915802, 0.6264412701129913, 0.8221095204353333, 0.5640715658664703, 0.945884644985199, 0.5, 0.9469905495643616, 0.4110880494117737, 0.930906355381012, 0.32151275873184204, 0.9222651720046997, 0.217851459980011, 0.8311593532562256, 0.16884064674377441, 0.7493022680282593, 0.1268928050994873, 0.6773869395256042, 0.07175010442733765, 0.576653242111206, 0.11463814973831177, 0.5, 0.1049531102180481, 0.40317022800445557, 0.013203859329223633, 0.29362648725509644, 0.0017702579498291016, 0.2336491346359253, 0.10137772560119629, 0.1826610416173935, 0.1826610565185547, 0.1553402841091156, 0.26970571279525757, 0.06997115164995193, 0.3218762278556824, -0.028750600293278694, 0.3948249816894531, -0.006638435646891594, 0.5, 0.037856824696063995, 0.5919259786605835, 0.01919778250157833, 0.699154794216156, 0.14744988083839417, 0.7355664670467377, 0.16961844265460968, 0.8303815573453903, 0.20301173627376556, 0.9444743543863297, 0.3174382448196411, 0.9407430849969387, 0.41048407554626465, 0.9500269256532192, 0.5, 0.9297033622860909, 0.5921769142150879, 0.9634045213460922, 0.7048421502113342, 0.9945326773449779, 0.7162548303604126, 0.8236481994390488, 0.8596727252006531, 0.8596727401018143, 0.9276307821273804, 0.7857337445020676, 0.9844735264778137, 0.7006754875183105, 0.9923843741416931, 0.5979413390159607]
            tri (int, 480):  [0, 2, 1, 0, 3, 2, 0, 4, 3, 0, 5, 4, 0, 6, 5, 0, 7, 6, 0, 8, 7, 0, 9, 8, 0, 10, 9, 0, 11, 10, 0, 12, 11, 0, 13, 12, 0, 14, 13, 0, 15, 14, 0, 16, 15, 0, 17, 16, 0, 18, 17, 0, 19, 18, 0, 20, 19, 0, 21, 20, 0, 22, 21, 0, 23, 22, 0, 24, 23, 0, 25, 24, 0, 26, 25, 0, 27, 26, 0, 28, 27, 0, 29, 28, 0, 30, 29, 0, 31, 30, 0, 32, 31, 0, 1, 32, 1, 34, 33, 1, 2, 34, 2, 35, 34, 2, 3, 35, 3, 36, 35, 3, 4, 36, 4, 37, 36, 4, 5, 37, 5, 38, 37, 5, 6, 38, 6, 39, 38, 6, 7, 39, 7, 40, 39, 7, 8, 40, 8, 41, 40, 8, 9, 41, 9, 42, 41, 9, 10, 42, 10, 43, 42, 10, 11, 43, 11, 44, 43, 11, 12, 44, 12, 45, 44, 12, 13, 45, 13, 46, 45, 13, 14, 46, 14, 47, 46, 14, 15, 47, 15, 48, 47, 15, 16, 48, 16, 49, 48, 16, 17, 49, 17, 50, 49, 17, 18, 50, 18, 51, 50, 18, 19, 51, 19, 52, 51, 19, 20, 52, 20, 53, 52, 20, 21, 53, 21, 54, 53, 21, 22, 54, 22, 55, 54, 22, 23, 55, 23, 56, 55, 23, 24, 56, 24, 57, 56, 24, 25, 57, 25, 58, 57, 25, 26, 58, 26, 59, 58, 26, 27, 59, 27, 60, 59, 27, 28, 60, 28, 61, 60, 28, 29, 61, 29, 62, 61, 29, 30, 62, 30, 63, 62, 30, 31, 63, 31, 64, 63, 31, 32, 64, 32, 33, 64, 33, 32, 1, 33, 66, 65, 33, 34, 66, 34, 67, 66, 34, 35, 67, 35, 68, 67, 35, 36, 68, 36, 69, 68, 36, 37, 69, 37, 70, 69, 37, 38, 70, 38, 71, 70, 38, 39, 71, 39, 72, 71, 39, 40, 72, 40, 73, 72, 40, 41, 73, 41, 74, 73, 41, 42, 74, 42, 75, 74, 42, 43, 75, 43, 76, 75, 43, 44, 76, 44, 77, 76, 44, 45, 77, 45, 78, 77, 45, 46, 78, 46, 79, 78, 46, 47, 79, 47, 80, 79, 47, 48, 80, 48, 81, 80, 48, 49, 81, 49, 82, 81, 49, 50, 82, 50, 83, 82, 50, 51, 83, 51, 84, 83, 51, 52, 84, 52, 85, 84, 52, 53, 85, 53, 86, 85, 53, 54, 86, 54, 87, 86, 54, 55, 87, 55, 88, 87, 55, 56, 88, 56, 89, 88, 56, 57, 89, 57, 90, 89, 57, 58, 90, 58, 91, 90, 58, 59, 91, 59, 92, 91, 59, 60, 92, 60, 93, 92, 60, 61, 93, 61, 94, 93, 61, 62, 94, 62, 95, 94, 62, 63, 95, 63, 96, 95, 63, 64, 96, 64, 65, 96, 65, 64, 33]
            boundingsphere (float, 4):  [-0.37529945373535156, 0.18909412622451782, 0.038153648376464844, 11.232359820081562]
            aabb:
                min (float, 3):  [-10.913412094116211, 0.06138824671506882, -10.207154273986816]
                max (float, 3):  [10.162813186645508, 0.31679999828338623, 10.283461570739746]
            material:
                shader (str, 1):  ['PdxMeshAdvanced']
                diff (str, 1):  ['air_winter_boreal_continental_phase_1_diff.dds']
                spec (str, 1):  ['air_winter_boreal_continental_spec.dds']
                n (str, 1):  ['air_winter_boreal_continental_n.dds']
locator:
