pdxasset (int, 2):  [1, 0]
object:
    air_winter_tropical_coast_monsoon_dead_vegetation:
        mesh:
            p (float, 36):  [-6.119876384735107, 0.10000000149011612, -5.46142053604126, 5.46142053604126, 0.10000000149011612, -6.119876384735107, 6.119876384735107, 0.10000000149011612, 5.46142053604126, -5.46142053604126, 0.10000000149011612, 6.119876384735107, 0.8715252876281738, -1.203147292137146, -8.034402847290039, 8.004478454589844, -1.203147292137146, 1.113328218460083, -0.8715252876281738, 1.6031473875045776, 8.034402847290039, -8.004478454589844, 1.6031473875045776, -1.113328218460083, 7.3771257400512695, 1.995755910873413, -3.159498691558838, 2.826967239379883, 1.995755910873413, 7.510837078094482, -7.3771257400512695, -1.3957557678222656, 3.159498691558838, -2.826967239379883, -1.3957557678222656, -7.510837078094482]
            n (float, 36):  [1.6610984809872775e-10, 1.0, 0.0, 1.6610984809872775e-10, 1.0, 0.0, 1.6610984809872775e-10, 1.0, 0.0, 1.6610984809872775e-10, 1.0, 0.0, 0.19077904522418976, 0.9702957272529602, -0.14876016974449158, 0.19077904522418976, 0.9702957272529602, -0.14876016974449158, 0.19077904522418976, 0.9702957272529602, -0.14876016974449158, 0.19077904522418976, 0.9702957272529602, -0.14876016974449158, -0.2689399719238281, 0.9563047289848328, -0.11468426138162613, -0.2689399719238281, 0.9563047289848328, -0.11468426138162613, -0.2689399719238281, 0.9563047289848328, -0.11468426138162613, -0.2689399719238281, 0.9563047289848328, -0.11468426138162613]
            ta (float, 48):  [0.9983875751495361, -1.6584200679403693e-10, -0.0567634217441082, 1.0, 0.9983876943588257, -1.6584203454961255e-10, -0.056763436645269394, 1.0, 0.9983875751495361, -1.6584200679403693e-10, -0.0567634217441082, 1.0, 0.9983876943588257, -1.6584203454961255e-10, -0.056763436645269394, 1.0, 0.6149097681045532, 7.229266518749e-09, 0.7885975241661072, 1.0, 0.6149097681045532, 7.22926696283821e-09, 0.7885975241661072, 1.0, 0.6149097084999084, 7.229266518749e-09, 0.7885975241661072, 1.0, 0.6149097681045532, 7.22926696283821e-09, 0.7885975241661072, 1.0, -0.392255038022995, 7.125025902610105e-09, 0.9198565483093262, 1.0, -0.392255038022995, 7.125025902610105e-09, 0.9198565483093262, 1.0, -0.392255038022995, 7.125025902610105e-09, 0.9198565483093262, 1.0, -0.392255038022995, 7.125025902610105e-09, 0.9198565483093262, 1.0]
            u0 (float, 24):  [0.0, 1.0, 1.0, 1.0, 1.0, 0.0, 0.0, 0.0, 0.0, 1.0, 1.0, 1.0, 1.0, 0.0, 0.0, 0.0, 0.0, 1.0, 1.0, 1.0, 1.0, 0.0, 0.0, 0.0]
            tri (int, 18):  [0, 2, 1, 0, 3, 2, 4, 6, 5, 4, 7, 6, 8, 10, 9, 8, 11, 10]
            boundingsphere (float, 4):  [0.0, 0.30000007152557373, 0.0, 8.22013604330571]
            aabb:
                min (float, 3):  [-8.004478454589844, -1.3957557678222656, -8.034402847290039]
                max (float, 3):  [8.004478454589844, 1.995755910873413, 8.034402847290039]
            material:
                shader (str, 1):  ['PdxMeshAlphaBlend']
                diff (str, 1):  ['air_winter_tropical_coast_monsoon_dead_vegetation_diff.dds']
                spec (str, 1):  ['air_winter_tropical_coast_monsoon_dead_vegetation_spec.dds']
                n (str, 1):  ['air_winter_tropical_coast_monsoon_dead_vegetation_n.dds']
locator:
