pdxasset (int, 2):  [1, 0]
object:
    air_winter_boreal_continental_dead_vegetation:
        mesh:
            p (float, 36):  [-6.109415531158447, 0.10000000149011612, -5.473120212554932, 5.473120212554932, 0.10000000149011612, -6.109415531158447, 6.109415531158447, 0.10000000149011612, 5.473120212554932, -5.473120212554932, 0.10000000149011612, 6.109415531158447, 1.634277105331421, -1.203147292137146, -7.91456413269043, 7.861701011657715, -1.203147292137146, 1.8721208572387695, -1.634277105331421, 1.6031473875045776, 7.91456413269043, -7.861701011657715, 1.6031473875045776, -1.8721208572387695, 7.340501308441162, 1.995755910873413, -3.2436795234680176, 2.9126992225646973, 1.995755910873413, 7.478007793426514, -7.340501308441162, -1.3957557678222656, 3.2436795234680176, -2.9126992225646973, -1.3957557678222656, -7.478007793426514]
            n (float, 36):  [-1.6610983422093994e-10, 1.0, 0.0, -1.6610983422093994e-10, 1.0, 0.0, -1.6610983422093994e-10, 1.0, 0.0, -1.6610983422093994e-10, 1.0, 0.0, 0.20410466194152832, 0.9702957272529602, -0.129875048995018, 0.20410466194152832, 0.9702957272529602, -0.129875048995018, 0.20410466194152832, 0.9702957272529602, -0.129875048995018, 0.20410466194152832, 0.9702957272529602, -0.129875048995018, -0.27023428678512573, 0.9563047289848328, -0.11160033941268921, -0.27023428678512573, 0.9563047289848328, -0.11160033941268921, -0.27023428678512573, 0.9563047289848328, -0.11160033941268921, -0.27023428678512573, 0.9563047289848328, -0.11160033941268921]
            ta (float, 48):  [0.9984943866729736, 1.6585974260685532e-10, -0.05485304072499275, 1.0, 0.9984943866729736, 1.6585974260685532e-10, -0.05485304445028305, 1.0, 0.9984943866729736, 1.6585974260685532e-10, -0.05485304072499275, 1.0, 0.9984943866729736, 1.6585974260685532e-10, -0.05485304445028305, 1.0, 0.5368468165397644, 0.0, 0.8436797261238098, 1.0, 0.5368467569351196, 0.0, 0.843679666519165, 1.0, 0.5368468165397644, 0.0, 0.8436797261238098, 1.0, 0.5368467569351196, 0.0, 0.843679666519165, 1.0, -0.3817071318626404, 0.0, 0.9242833852767944, 1.0, -0.3817070424556732, 0.0, 0.9242833256721497, 1.0, -0.3817071318626404, 0.0, 0.9242833852767944, 1.0, -0.3817070424556732, 0.0, 0.9242833256721497, 1.0]
            u0 (float, 24):  [0.0, 1.0, 1.0, 1.0, 1.0, 0.0, 0.0, 0.0, 0.0, 1.0, 1.0, 1.0, 1.0, 0.0, 0.0, 0.0, 0.0, 1.0, 1.0, 1.0, 1.0, 0.0, 0.0, 0.0]
            tri (int, 18):  [0, 2, 1, 0, 3, 2, 4, 6, 5, 4, 7, 6, 8, 10, 9, 8, 11, 10]
            boundingsphere (float, 4):  [0.0, 0.30000007152557373, 0.0, 8.22013609768861]
            aabb:
                min (float, 3):  [-7.861701011657715, -1.3957557678222656, -7.91456413269043]
                max (float, 3):  [7.861701011657715, 1.995755910873413, 7.91456413269043]
            material:
                shader (str, 1):  ['PdxMeshAlphaBlend']
                diff (str, 1):  ['air_winter_boreal_continental_dead_vegetation_diff.dds']
                spec (str, 1):  ['air_winter_boreal_continental_dead_vegetation_spec.dds']
                n (str, 1):  ['air_winter_boreal_continental_dead_vegetation_n.dds']
locator:
