pdxasset (int, 2):  [1, 0]
object:
    air_winter_polar_subpolar_phase_5:
        mesh:
            p (float, 291):  [0.0, 0.4320000112056732, 0.0, 3.270218849182129, 0.21543729305267334, 0.0, 3.0358428955078125, 0.2498767226934433, 0.603866696357727, 3.1097841262817383, 0.30110964179039, 1.2881147861480713, 2.617600679397583, 0.3518674075603485, 1.7490248680114746, 2.3582019805908203, 0.38504159450531006, 2.3582019805908203, 1.7139708995819092, 0.38945046067237854, 2.565138816833496, 1.2173309326171875, 0.3636080026626587, 2.938896894454956, 0.6410637497901917, 0.3162246346473694, 3.2228450775146484, 2.0393578166656321e-16, 0.2632714807987213, 3.33052396774292, -0.6647721529006958, 0.2225969433784485, 3.3420352935791016, -1.2368714809417725, 0.20791082084178925, 2.986071825027466, -1.7672048807144165, 0.2241632342338562, 2.6448090076446533, -2.2694618701934814, 0.2658761143684387, 2.2694618701934814, -2.78617525100708, 0.31898972392082214, 1.8616628646850586, -3.1194989681243896, 0.365601509809494, 1.292138695716858, -3.0902202129364014, 0.39000049233436584, 0.6146830320358276, -3.346970319747925, 0.3839626908302307, 4.0988564886301954e-16, -3.1518874168395996, 0.34952327609062195, -0.6269493699073792, -2.9241013526916504, 0.2982903718948364, -1.2112023830413818, -2.7876012325286865, 0.24753260612487793, -1.8626155853271484, -2.245602607727051, 0.21435841917991638, -2.245602607727051, -1.8214422464370728, 0.2099495381116867, -2.7259809970855713, -1.2162836790084839, 0.23579201102256775, -2.936368465423584, -0.6206351518630981, 0.28317534923553467, -3.1201436519622803, -5.774803289605843e-16, 0.3361285328865051, -3.1436564922332764, 0.6608583927154541, 0.37680307030677795, -3.322359323501587, 1.2900830507278442, 0.391489177942276, -3.1145360469818115, 1.863844871520996, 0.37523674964904785, -2.789440870285034, 2.3501064777374268, 0.33352386951446533, -2.3501064777374268, 2.729513645172119, 0.2804102897644043, -1.8238027095794678, 3.0273854732513428, 0.23379848897457123, -1.2539840936660767, 3.249119997024536, 0.2093995213508606, -0.646290123462677, 6.438287734985352, 0.12363729625940323, 0.0, 5.839433193206787, 0.15807673335075378, 1.1615355014801025, 5.7447075843811035, 0.2093096226453781, 2.379535675048828, 5.218043327331543, 0.2600674033164978, 3.4865851402282715, 4.7432332038879395, 0.29324159026145935, 4.7432332038879395, 3.900418996810913, 0.29765045642852783, 5.8373894691467285, 2.4797990322113037, 0.271807998418808, 5.986764430999756, 1.2451308965682983, 0.22442464530467987, 6.259695529937744, 3.8741090015704757e-16, 0.1714714765548706, 6.326900005340576, -1.2949495315551758, 0.13079693913459778, 6.510150909423828, -2.601361036300659, 0.11611082404851913, 6.2802414894104, -3.647671699523926, 0.1323632299900055, 5.4591264724731445, -4.378580570220947, 0.1740761250257492, 4.378580570220947, -5.823990345001221, 0.22718971967697144, 3.8914661407470703, -5.427045822143555, 0.2738015055656433, 2.2479560375213623, -6.143058776855469, 0.29820048809051514, 1.2219303846359253, -5.831236362457275, 0.29216268658638, 7.141205076380958e-16, -6.075961112976074, 0.25772327184677124, -1.2085838317871094, -6.1829609870910645, 0.20649036765098572, -2.5610663890838623, -5.609949588775635, 0.15573260188102722, -3.748448371887207, -4.4311676025390625, 0.12255841493606567, -4.4311676025390625, -3.490419864654541, 0.118149533867836, -5.223782539367676, -2.557356595993042, 0.14399200677871704, -6.174005031585693, -1.327371597290039, 0.19137535989284515, -6.673147678375244, -1.0777705454378841e-15, 0.24432852864265442, -5.867109775543213, 1.330602765083313, 0.28500306606292725, -6.689391613006592, 2.482175588607788, 0.2996891736984253, -5.992502212524414, 3.573038101196289, 0.28343677520751953, -5.347429275512695, 4.64237642288208, 0.24172386527061462, -4.64237642288208, 5.046793460845947, 0.1886102855205536, -3.372159719467163, 6.110046863555908, 0.1419984996318817, -2.5308644771575928, 5.892154216766357, 0.11759952455759048, -1.1720223426818848, 10.209197998046875, 0.08636022359132767, 0.0, 10.856954574584961, 0.09851531684398651, 2.1595826148986816, 9.241890907287598, 0.11659751832485199, 3.8281164169311523, 7.6717753410339355, 0.1345120221376419, 5.1261162757873535, 7.498119354248047, 0.14622056484222412, 7.498119354248047, 6.055501461029053, 0.14777663350105286, 9.062698364257812, 4.058845520019531, 0.13865576684474945, 9.798919677734375, 1.9554011821746826, 0.12193222343921661, 9.830465316772461, 5.574898749493499e-16, 0.10324287414550781, 9.104500770568848, -1.750020146369934, 0.08888715505599976, 8.797945022583008, -4.230623245239258, 0.08370382338762283, 10.213628768920898, -5.1133599281311035, 0.08943996578454971, 7.652684211730957, -6.272040843963623, 0.10416216403245926, 6.272040843963623, -8.485313415527344, 0.12290813773870468, 5.669705390930176, -8.320215225219727, 0.13935935497283936, 3.446345806121826, -10.786794662475586, 0.1479707509279251, 2.1456267833709717, -9.921525955200195, 0.14583978056907654, 1.2150364697051798e-15, -8.349285125732422, 0.1336846798658371, -1.660776138305664, -9.415743827819824, 0.11560248583555222, -3.9001288414001465, -8.268845558166504, 0.0976879745721817, -5.525065898895264, -5.845729351043701, 0.08597943931818008, -5.845729351043701, -5.42616081237793, 0.08442336320877075, -8.120823860168457, -4.00316047668457, 0.09354423731565475, -9.664484024047852, -1.596504807472229, 0.110267773270607, -8.026171684265137, -2.046392637050816e-15, 0.1289571225643158, -11.140043258666992, 2.102213144302368, 0.14331284165382385, -10.568538665771484, 3.5585968494415283, 0.14849618077278137, -8.591212272644043, 6.203629493713379, 0.1427600383758545, -9.284387588500977, 7.768464088439941, 0.12803784012794495, -7.768464088439941, 6.725854873657227, 0.10929186642169952, -4.494072437286377, 7.492008686065674, 0.09284064173698425, -3.1032915115356445, 9.764876365661621, 0.0842292457818985, -1.942354679107666]
            n (float, 291):  [-0.00011156853724969551, 1.0, -0.0001752134703565389, 0.046651020646095276, 0.9987086653709412, -0.02011573500931263, 0.05839800834655762, 0.9970775842666626, -0.04925314337015152, 0.05689568817615509, 0.9971423745155334, -0.04969903081655502, 0.0539809875190258, 0.9980282187461853, -0.0320267528295517, 0.03366127610206604, 0.9994251728057861, -0.004025212023407221, -0.003714952850714326, 0.9996986985206604, 0.024262303486466408, -0.03499489650130272, 0.9985591769218445, 0.04068098962306976, -0.05520545318722725, 0.9975201487541199, 0.043657008558511734, -0.055891796946525574, 0.9976239800453186, 0.04027996212244034, -0.04195914790034294, 0.9985172152519226, 0.03468063101172447, -0.02422470971941948, 0.998805820941925, 0.04242672026157379, 0.003294464899227023, 0.9982995390892029, 0.05819843336939812, 0.018678992986679077, 0.9969475865364075, 0.07580683380365372, 0.011066134087741375, 0.9974881410598755, 0.06996361911296844, -0.009236515499651432, 0.9988421201705933, 0.047214388847351074, -0.01823299191892147, 0.9997120499610901, 0.01559813879430294, -0.025142475962638855, 0.999345600605011, -0.026004355400800705, -0.01619134284555912, 0.998103678226471, -0.05938802286982536, -0.008860670030117035, 0.9974690079689026, -0.07054764777421951, -0.0014989021001383662, 0.9978007078170776, -0.06626954674720764, -0.016012856736779213, 0.9982826709747314, -0.05634992569684982, -0.0387195348739624, 0.9988062977790833, -0.029778730124235153, -0.0603814460337162, 0.9979028105735779, -0.02332501858472824, -0.06712374091148376, 0.9974748492240906, -0.02320188656449318, -0.06506720185279846, 0.9974268078804016, -0.030100040137767792, -0.03565264120697975, 0.998918890953064, -0.02983221970498562, 0.01037340983748436, 0.9997915029525757, -0.01758577488362789, 0.043251026421785355, 0.9990631937980652, 0.0013990988954901695, 0.06526663899421692, 0.9975745677947998, 0.02419131062924862, 0.06797187775373459, 0.9971485733985901, 0.03278232365846634, 0.05872780457139015, 0.9979663491249084, 0.024781813845038414, 0.05008869618177414, 0.9987403750419617, 0.0029629250057041645, 0.018068671226501465, 0.9997478127479553, -0.013333839364349842, 0.0305729191750288, 0.9991738796234131, -0.026774661615490913, 0.0379847027361393, 0.9990583062171936, -0.020968718454241753, 0.04735736548900604, 0.9988117814064026, -0.011501770466566086, 0.03892328590154648, 0.9992228150367737, 0.006225631572306156, 0.010488140396773815, 0.9994876980781555, 0.03023790381848812, -0.01798948086798191, 0.9990755319595337, 0.039043013006448746, -0.03347546234726906, 0.9987897872924805, 0.0360306054353714, -0.035007376223802567, 0.9989957809448242, 0.02796376682817936, -0.01944880560040474, 0.9996225237846375, 0.019404003396630287, -0.007095587905496359, 0.9998342394828796, 0.016763608902692795, -0.0002175565459765494, 0.9996433258056641, 0.026704654097557068, 0.010419164784252644, 0.9986469745635986, 0.05094799026846886, -0.010894124396145344, 0.9992169737815857, 0.03803601488471031, -0.021239081397652626, 0.9990784525871277, 0.03729751333594322, -0.029441455379128456, 0.9994404911994934, 0.015867946669459343, -0.03447159379720688, 0.9991356730461121, -0.02322676032781601, -0.029455266892910004, 0.998953104019165, -0.035002171993255615, -0.016749968752264977, 0.9993177056312561, -0.03291754052042961, -0.000628528418019414, 0.9991608262062073, -0.040954556316137314, -0.0047259521670639515, 0.9995347261428833, -0.03013213910162449, -0.02279762364923954, 0.999674916267395, -0.011416506953537464, -0.029907116666436195, 0.9994872808456421, -0.011437458917498589, -0.03807228058576584, 0.9990276098251343, -0.022233668714761734, -0.045512035489082336, 0.9985182285308838, -0.029833603650331497, -0.005573263857513666, 0.9994493722915649, -0.0327095128595829, 0.014652475714683533, 0.9993861317634583, -0.03182154893875122, 0.028952229768037796, 0.9994395971298218, -0.016798725351691246, 0.05114605277776718, 0.9986301064491272, 0.01104817632585764, 0.0534491129219532, 0.9983744025230408, 0.019795076921582222, 0.03258984535932541, 0.9994481801986694, 0.00642553623765707, 0.02578001283109188, 0.9996658563613892, 0.0018571630353108048, 0.010981475934386253, 0.9998844265937805, -0.010511341504752636, 0.016727305948734283, 0.9997769594192505, -0.012895449995994568, 0.026271430775523186, 0.9996335506439209, -0.006524804513901472, 0.04548991471529007, 0.998964786529541, -0.0002723031211644411, 0.0390700064599514, 0.9991250038146973, 0.014924646355211735, 0.015504792332649231, 0.9993613362312317, 0.03219524398446083, -0.006644032429903746, 0.9992290139198303, 0.03869444504380226, -0.020512592047452927, 0.9992002248764038, 0.03432345390319824, -0.024484805762767792, 0.9993659257888794, 0.025848692283034325, -0.00862548965960741, 0.999852180480957, 0.0148775614798069, -0.003621672512963414, 0.9999390244483948, 0.010434752330183983, -0.004489582497626543, 0.9998728632926941, 0.015301231294870377, 0.0009406061144545674, 0.9991854429244995, 0.040343575179576874, -0.01715649664402008, 0.9993711113929749, 0.031034551560878754, -0.030398443341255188, 0.9990829825401306, 0.030151469632983208, -0.03096752241253853, 0.9994645118713379, 0.010574795305728912, -0.03681086376309395, 0.9991083145141602, -0.02067502588033676, -0.03826604038476944, 0.9990518689155579, -0.020761562511324883, -0.018954411149024963, 0.9995763301849365, -0.02208910509943962, -0.005469480063766241, 0.9994983077049255, -0.031197989359498024, -0.004249429330229759, 0.9997802376747131, -0.02052939310669899, -0.016448412090539932, 0.9998543858528137, -0.0045322091318666935, -0.015679417178034782, 0.9998250007629395, -0.010205627419054508, -0.02870089001953602, 0.9992583394050598, -0.02567429095506668, -0.0256955586373806, 0.9992460012435913, -0.029105739668011665, -0.001990935765206814, 0.9994866847991943, -0.03197338804602623, 0.017344890162348747, 0.9990821480751038, -0.0391673780977726, 0.021994024515151978, 0.9995271563529968, -0.021487321704626083, 0.03797800466418266, 0.9992750287055969, -0.002657894277945161, 0.053390052169561386, 0.9984802603721619, 0.01366618275642395, 0.025079643353819847, 0.9996843338012695, -0.0015037721022963524, 0.010782419703900814, 0.9999349117279053, -0.0037292384076863527]
            ta (float, 388):  [1.0, 0.00011156898835906759, -1.2145693339959962e-08, 1.0, 0.9989107847213745, -0.046661291271448135, -4.1345221688970923e-05, 1.0, 0.9982890486717224, -0.05847269669175148, -7.562477549072355e-05, 1.0, 0.9983757138252258, -0.056971561163663864, -0.0001104762704926543, 1.0, 0.9985402226448059, -0.05401255190372467, -0.00012063222675351426, 1.0, 0.9994332790374756, -0.03366154059767723, 2.2653694031760097e-06, 1.0, 0.9999931454658508, 0.0037170182913541794, -4.001313209300861e-05, 1.0, 0.9993861317634583, 0.03503326699137688, -0.00023046237765811384, 1.0, 0.9984713196754456, 0.05527172610163689, -0.0003114065621048212, 1.0, 0.9984330534934998, 0.05595684051513672, -0.0004883238580077887, 1.0, 0.999117910861969, 0.04199224337935448, -0.00022615044144913554, 1.0, 0.999705970287323, 0.0242486372590065, -4.930223440169357e-05, 1.0, 0.9999944567680359, -0.003316345624625683, 0.0002793690364342183, 1.0, 0.9998234510421753, -0.01878138817846775, 0.0006379915867000818, 1.0, 0.9999381303787231, -0.011114880442619324, 0.00030748164863325655, 1.0, 0.9999573230743408, 0.009244542568922043, 4.8338657506974414e-05, 1.0, 0.9998337626457214, 0.018235359340906143, -9.435031643079128e-06, 1.0, 0.9996836185455322, 0.02515300363302231, 7.776783604640514e-05, 1.0, 0.9998684525489807, 0.016223277896642685, 5.554535164264962e-05, 1.0, 0.9999606609344482, 0.008877955377101898, -6.85518971295096e-05, 1.0, 0.9999988079071045, 0.0014864648692309856, -0.00023698355653323233, 1.0, 0.999871551990509, 0.016029786318540573, -0.00015157004236243665, 1.0, 0.9992493391036987, 0.03873772546648979, 3.411911893635988e-05, 1.0, 0.9981741905212402, 0.060401417315006256, 0.00015189610712695867, 1.0, 0.9977430105209351, 0.06714806705713272, 0.000269965996267274, 1.0, 0.9978780746459961, 0.06510848551988602, 0.0003924751072190702, 1.0, 0.9993635416030884, 0.035672273486852646, 0.00012581938062794507, 1.0, 0.9999461770057678, -0.010374498553574085, 2.93807406706037e-05, 1.0, 0.9990642666816711, -0.04325109347701073, 1.0537462003412656e-05, 1.0, 0.9978663921356201, -0.06528864800930023, 0.00012015024549327791, 1.0, 0.9976840615272522, -0.06801723688840866, 0.00026939139934256673, 1.0, 0.9982728362083435, -0.05874834209680557, 0.00010079518688144162, 1.0, 0.9987447261810303, -0.05008891597390175, 2.074203848678735e-06, 1.0, 0.9998367428779602, -0.018069904297590256, 2.805357871693559e-05, 1.0, 0.999532163143158, -0.030585141852498055, -4.696825271821581e-05, 1.0, 0.9992778897285461, -0.03799661993980408, -0.0001700324792182073, 1.0, 0.9988778829574585, -0.04736127704381943, -6.788469909224659e-05, 1.0, 0.9992421269416809, -0.03892404958605766, 1.8817662521541934e-06, 1.0, 0.9999449849128723, -0.01049162819981575, -4.332642492954619e-05, 1.0, 0.9998377561569214, 0.01800835132598877, -0.0001316776470048353, 1.0, 0.9994388222694397, 0.033497609198093414, -1.084909035853343e-05, 1.0, 0.9993864297866821, 0.03502240404486656, -4.795587301487103e-05, 1.0, 0.9998107552528381, 0.019452545791864395, -4.098162662558025e-06, 1.0, 0.99997478723526, 0.007096773013472557, -1.126008737628581e-05, 1.0, 1.0, 0.00021783066040370613, -7.353700766543625e-06, 1.0, 0.9999455809593201, -0.010433989576995373, 2.500772461644374e-05, 1.0, 0.9999406337738037, 0.010901347734034061, 1.7499425666755997e-05, 1.0, 0.9997740983963013, 0.021255865693092346, -5.349163984647021e-05, 1.0, 0.999566376209259, 0.02944525144994259, -5.566440904658521e-06, 1.0, 0.9994053840637207, 0.03448105230927467, 6.467440016422188e-06, 1.0, 0.9995653629302979, 0.029479580000042915, 0.00017859129002317786, 1.0, 0.9998595714569092, 0.016759274527430534, 6.766128080926137e-06, 1.0, 0.9999998211860657, 0.0006241564406082034, -0.00011953719513257965, 1.0, 0.999988853931427, 0.004727502353489399, -1.9800354493781924e-05, 1.0, 0.9997401237487793, 0.022799177095294, 5.937032710789936e-06, 1.0, 0.9995526075363159, 0.029909368604421616, 2.5912600904121064e-05, 1.0, 0.999274730682373, 0.038078341633081436, -0.00015084522601682693, 1.0, 0.9989629983901978, 0.04553019255399704, -7.085398101480678e-05, 1.0, 0.9999843239784241, 0.005582720041275024, 0.00019783827883657068, 1.0, 0.9998924732208252, -0.014666769653558731, -0.00021577261213678867, 1.0, 0.9995806813240051, -0.02895720675587654, -5.288365719025023e-05, 1.0, 0.9986909627914429, -0.05114905536174774, -1.0384676897956524e-05, 1.0, 0.9985700249671936, -0.0534590408205986, -2.7498377676238306e-05, 1.0, 0.9994687438011169, -0.032590873539447784, 5.5553889978909865e-05, 1.0, 0.9996677041053772, -0.02578006498515606, 2.010704292843002e-06, 1.0, 0.9999396800994873, -0.010982178151607513, -9.053630492417142e-06, 1.0, 0.9998599886894226, -0.016728045418858528, 5.03435694554355e-05, 1.0, 0.9996548891067505, -0.02627164125442505, 5.410250014392659e-05, 1.0, 0.998964786529541, -0.04548991844058037, 5.961072702120873e-07, 1.0, 0.9992363452911377, -0.03907427564263344, -5.5978111959120724e-06, 1.0, 0.9998795986175537, -0.01551743969321251, 0.00014299163012765348, 1.0, 0.9999778866767883, 0.006639611907303333, 0.00024271896108984947, 1.0, 0.9997894763946533, 0.020518742501735687, 0.00017302345077041537, 1.0, 0.9997000098228455, 0.02449134923517704, 6.342980486806482e-05, 1.0, 0.9999628663063049, 0.008625593967735767, 5.7104356528725475e-05, 1.0, 0.9999934434890747, 0.0036217495799064636, 1.1552345313248225e-05, 1.0, 0.999989926815033, 0.004490480292588472, -2.4304363250848837e-05, 1.0, 0.9999995827674866, -0.0009383315336890519, -7.532320887548849e-05, 1.0, 0.9998526573181152, 0.017168570309877396, -0.00012268473801668733, 1.0, 0.999537467956543, 0.03041171282529831, 1.841809535108041e-05, 1.0, 0.9995203018188477, 0.030969159677624702, 8.776850336289499e-06, 1.0, 0.9993219971656799, 0.03681818023324013, -2.6874391551245935e-05, 1.0, 0.9992672801017761, 0.03827369585633278, -2.8622005629586056e-05, 1.0, 0.9998201131820679, 0.018960846588015556, 8.200768934329972e-05, 1.0, 0.9999849796295166, 0.005475298967212439, 0.00010110755101777613, 1.0, 0.9999909996986389, 0.004250428639352322, 5.066493031335995e-06, 1.0, 0.9998646378517151, 0.016448568552732468, -2.8820197712775553e-06, 1.0, 0.9998770356178284, 0.015679510310292244, -7.077615009620786e-05, 1.0, 0.9995877146720886, 0.028711115941405296, 2.9822402211721055e-05, 1.0, 0.9996696710586548, 0.02570161037147045, -0.0001662062859395519, 1.0, 0.9999979734420776, 0.0019754597451537848, -0.0005155629478394985, 1.0, 0.9998493194580078, -0.01735556870698929, 6.733485497534275e-05, 1.0, 0.9997579455375671, -0.02199566923081875, 0.00015973660629242659, 1.0, 0.9992786049842834, -0.03797812759876251, 4.292151970730629e-06, 1.0, 0.9985734820365906, -0.05339498072862625, -4.428152351465542e-06, 1.0, 0.9996854066848755, -0.025079667568206787, 4.271834768587723e-06, 1.0, 0.999941885471344, -0.010782466270029545, 7.771983291604556e-06, 1.0]
            u0 (float, 194):  [0.5, 0.5, 0.6584408283233643, 0.5, 0.647085428237915, 0.4707428812980652, 0.6506678462028503, 0.4375913143157959, 0.626821756362915, 0.4152604341506958, 0.6142539978027344, 0.3857460021972656, 0.583041250705719, 0.3757200241088867, 0.5589792132377625, 0.35761159658432007, 0.5310592651367188, 0.3438544273376465, 0.5, 0.33863741159439087, 0.4677920341491699, 0.33807969093322754, 0.44007405638694763, 0.35532599687576294, 0.4143795967102051, 0.3718600273132324, 0.3900454640388489, 0.3900454640388489, 0.3650108873844147, 0.4098031520843506, 0.3488614857196808, 0.43739640712738037, 0.3502800166606903, 0.47021883726119995, 0.33784058690071106, 0.5, 0.3472922742366791, 0.5303754508495331, 0.3583284318447113, 0.5586822926998138, 0.36494180560112, 0.590243011713028, 0.3912014365196228, 0.6087985634803772, 0.4117518365383148, 0.6320727169513702, 0.4410715401172638, 0.6422659158706665, 0.4699304699897766, 0.6511697471141815, 0.5, 0.6523089408874512, 0.5320183038711548, 0.6609670221805573, 0.5625040531158447, 0.6508980691432953, 0.590302586555481, 0.6351473331451416, 0.6138617396354675, 0.6138617396354675, 0.6322438716888428, 0.5883625447750092, 0.6466756463050842, 0.560755044221878, 0.6574186086654663, 0.531312495470047, 0.8119325637817383, 0.5, 0.7829182744026184, 0.44372403621673584, 0.7783288359642029, 0.3847123980522156, 0.7528121471405029, 0.33107632398605347, 0.7298077940940857, 0.2701922059059143, 0.6889737844467163, 0.21718072891235352, 0.620145320892334, 0.20994359254837036, 0.560326099395752, 0.1967201828956604, 0.5, 0.19346415996551514, 0.4372601807117462, 0.18458569049835205, 0.3739650547504425, 0.1957247257232666, 0.3232717216014862, 0.23550742864608765, 0.2878594696521759, 0.2878594994544983, 0.21782991290092468, 0.3114599585533142, 0.23706172406673431, 0.3910874128341675, 0.20237118005752563, 0.44079792499542236, 0.21747885644435883, 0.5, 0.20562203228473663, 0.5585554242134094, 0.20043793320655823, 0.6240826845169067, 0.22820012271404266, 0.6816108822822571, 0.28531163930892944, 0.7146883606910706, 0.3308905065059662, 0.7530902326107025, 0.37609705328941345, 0.7991281598806381, 0.43568935990333557, 0.8233114033937454, 0.5, 0.7842591851949692, 0.564467191696167, 0.8240984231233597, 0.62026047706604, 0.7903344035148621, 0.6731123328208923, 0.7590808719396591, 0.7249213457107544, 0.7249213457107544, 0.7445151805877686, 0.6633798182010651, 0.7960293889045715, 0.6226193904876709, 0.785472571849823, 0.5567840337753296, 0.9946317076683044, 0.5, 1.026015281677246, 0.3953690528869629, 0.9477660059928894, 0.3145292401313782, 0.8716945648193359, 0.2516416311264038, 0.8632809519767761, 0.13671904802322388, 0.793386697769165, 0.06091576814651489, 0.6966494917869568, 0.025246143341064453, 0.5947384238243103, 0.023717761039733887, 0.5, 0.058890461921691895, 0.4152122139930725, 0.07374298572540283, 0.2950279414653778, 0.005153656005859375, 0.2522597014904022, 0.12923043966293335, 0.19612205028533936, 0.19612205028533936, 0.08888984471559525, 0.2253049612045288, 0.09688881784677505, 0.33302587270736694, -0.022616008296608925, 0.3960452079772949, 0.019305914640426636, 0.5, 0.09548036009073257, 0.5804639458656311, 0.04381086677312851, 0.6889597177505493, 0.09937765449285507, 0.7676872909069061, 0.21677668392658234, 0.7832233160734177, 0.2371046096086502, 0.8934507444500923, 0.3060484230518341, 0.9682405143976212, 0.42264994978904724, 0.8888648971915245, 0.5, 1.0397307723760605, 0.6018514037132263, 1.012041600421071, 0.672412633895874, 0.9162409231066704, 0.8005634546279907, 0.9498249739408493, 0.8763790726661682, 0.8763790726661682, 0.8258650302886963, 0.7177360653877258, 0.8629848957061768, 0.6503532826900482, 0.9731044769287109, 0.5941063165664673]
            tri (int, 480):  [0, 2, 1, 0, 3, 2, 0, 4, 3, 0, 5, 4, 0, 6, 5, 0, 7, 6, 0, 8, 7, 0, 9, 8, 0, 10, 9, 0, 11, 10, 0, 12, 11, 0, 13, 12, 0, 14, 13, 0, 15, 14, 0, 16, 15, 0, 17, 16, 0, 18, 17, 0, 19, 18, 0, 20, 19, 0, 21, 20, 0, 22, 21, 0, 23, 22, 0, 24, 23, 0, 25, 24, 0, 26, 25, 0, 27, 26, 0, 28, 27, 0, 29, 28, 0, 30, 29, 0, 31, 30, 0, 32, 31, 0, 1, 32, 1, 34, 33, 1, 2, 34, 2, 35, 34, 2, 3, 35, 3, 36, 35, 3, 4, 36, 4, 37, 36, 4, 5, 37, 5, 38, 37, 5, 6, 38, 6, 39, 38, 6, 7, 39, 7, 40, 39, 7, 8, 40, 8, 41, 40, 8, 9, 41, 9, 42, 41, 9, 10, 42, 10, 43, 42, 10, 11, 43, 11, 44, 43, 11, 12, 44, 12, 45, 44, 12, 13, 45, 13, 46, 45, 13, 14, 46, 14, 47, 46, 14, 15, 47, 15, 48, 47, 15, 16, 48, 16, 49, 48, 16, 17, 49, 17, 50, 49, 17, 18, 50, 18, 51, 50, 18, 19, 51, 19, 52, 51, 19, 20, 52, 20, 53, 52, 20, 21, 53, 21, 54, 53, 21, 22, 54, 22, 55, 54, 22, 23, 55, 23, 56, 55, 23, 24, 56, 24, 57, 56, 24, 25, 57, 25, 58, 57, 25, 26, 58, 26, 59, 58, 26, 27, 59, 27, 60, 59, 27, 28, 60, 28, 61, 60, 28, 29, 61, 29, 62, 61, 29, 30, 62, 30, 63, 62, 30, 31, 63, 31, 64, 63, 31, 32, 64, 32, 33, 64, 33, 32, 1, 33, 66, 65, 33, 34, 66, 34, 67, 66, 34, 35, 67, 35, 68, 67, 35, 36, 68, 36, 69, 68, 36, 37, 69, 37, 70, 69, 37, 38, 70, 38, 71, 70, 38, 39, 71, 39, 72, 71, 39, 40, 72, 40, 73, 72, 40, 41, 73, 41, 74, 73, 41, 42, 74, 42, 75, 74, 42, 43, 75, 43, 76, 75, 43, 44, 76, 44, 77, 76, 44, 45, 77, 45, 78, 77, 45, 46, 78, 46, 79, 78, 46, 47, 79, 47, 80, 79, 47, 48, 80, 48, 81, 80, 48, 49, 81, 49, 82, 81, 49, 50, 82, 50, 83, 82, 50, 51, 83, 51, 84, 83, 51, 52, 84, 52, 85, 84, 52, 53, 85, 53, 86, 85, 53, 54, 86, 54, 87, 86, 54, 55, 87, 55, 88, 87, 55, 56, 88, 56, 89, 88, 56, 57, 89, 57, 90, 89, 57, 58, 90, 58, 91, 90, 58, 59, 91, 59, 92, 91, 59, 60, 92, 60, 93, 92, 60, 61, 93, 61, 94, 93, 61, 62, 94, 62, 95, 94, 62, 63, 95, 63, 96, 95, 63, 64, 96, 64, 65, 96, 65, 64, 33]
            boundingsphere (float, 4):  [0.0350799560546875, 0.2578519284725189, -0.4632072448730469, 11.498755543497841]
            aabb:
                min (float, 3):  [-10.786794662475586, 0.08370382338762283, -11.140043258666992]
                max (float, 3):  [10.856954574584961, 0.4320000112056732, 10.213628768920898]
            material:
                shader (str, 1):  ['PdxMeshAdvanced']
                diff (str, 1):  ['air_winter_polar_subpolar_phase_5_diff.dds']
                spec (str, 1):  ['air_winter_polar_subpolar_spec.dds']
                n (str, 1):  ['air_winter_polar_subpolar_n.dds']
locator:
